1634912315881 0.9510911166928221 1
1634912370641 0.9586136330683679 2
1634912424311 0.9657150335186954 3
1634912478280 0.9621638002353985 4
1634912532146 0.9688957913994268 5
1634912586236 0.9683256857259825 6
1634912640403 0.9716522350061408 7
1634912694079 0.970095438728166 8
1634912749793 0.9702009842385371 9
1634912803063 0.9703297177777019 10
1634912855841 0.9708707717828876 11
1634912909523 0.9697020418258734 12
1634912963541 0.9711079826521561 13
1634913018189 0.9713982328056768 14
1634913072400 0.969516537595524 15
1634913126381 0.9702289697905295 16
1634913180155 0.9727338099583788 17
1634913233833 0.9713089455683679 18
1634913286673 0.9717084726391921 19
1634913343203 0.9742434305915666 20
1634913396846 0.9740792486865447 21
1634913451241 0.9738052568060862 22
1634913505223 0.974000356082833 23
1634913559357 0.9727655269173034 24
1634913613264 0.9728809340031387 25
1634913667857 0.9726677107498636 26
1634913722157 0.9742402322427675 27
1634913776891 0.9733948020435317 28
1634913831027 0.9751045860057315 29
1634913885224 0.9736501368893286 30
1634913939164 0.9739627754844432 31
1634913992635 0.9733508247475436 32
1634914046711 0.9737119716327783 33
1634914100520 0.9726970289471889 34
1634914154280 0.9744566538448417 35
1634914207781 0.9750283586926856 36
1634914261625 0.9745083604837609 37
1634914315717 0.9752194600334334 38
1634914370622 0.9749062883801856 39
1634914428585 0.9754630676003002 40
1634914484207 0.9753343340611353 41
1634914539855 0.9764127106645742 42
1634914595125 0.9761131319937227 43
1634914650658 0.9745440753786845 44
1634914704672 0.9771344713769105 45
1634914759637 0.97536605102006 46
1634914814591 0.9749961086756277 47
1634914869475 0.9754670655362991 48
1634914924916 0.9762935721718068 49
1634914979123 0.9742967364048853 50
1634915032784 0.97607421875 51
1634915086782 0.9754158919555131 52
1634915140769 0.9752730323758187 53
1634915195116 0.9757008115277019 54
1634915249585 0.9749529309668395 55
1634915303665 0.9751714848014466 56
1634915357973 0.9747338440740994 57
1634915412239 0.9757314623703602 58
1634915467540 0.9772959879912664 59
1634915523691 0.9766954980042304 60
1634915578612 0.976498799553084 61
1634915633365 0.9749393379844432 62
1634915687611 0.9768071736831332 63
1634915741911 0.9761533778827783 64
1634915796998 0.976204817992631 65
1634915851572 0.9762869089451419 66
1634915906146 0.9752415819459607 67
1634915960723 0.9753042162766102 68
1634916015483 0.9773623537288483 69
1634916068683 0.9749089536708515 70
1634916121459 0.9746445568367904 71
1634916175331 0.974231969841703 72
1634916229855 0.9751997368825055 73
1634916284016 0.9772552090440775 74
1634916338600 0.9754886543906932 75
1634916393252 0.9756618982839793 76
1634916447984 0.974362569084334 77
1634916501721 0.9752314538414302 78
1634916555901 0.975472396117631 79
1634916612736 0.9726994277087883 80
1634916667272 0.9755624829421398 81
1634916721975 0.9732444796499727 82
1634916776687 0.975874055420988 83
1634916830764 0.974801009398881 84
1634916884756 0.9755467577272107 85
1634916939341 0.9758628612001911 86
1634916994591 0.9753388650552675 87
1634917049484 0.9743135277360808 88
1634917104416 0.9743950856304585 89
1634917160453 0.9729235786537936 90
1634917215993 0.9746658791621179 91
1634917271422 0.9763284874795306 92
1634917325766 0.9759670740652293 93
1634917381221 0.9731072171806768 94
1634917436023 0.9769156510132369 95
1634917491053 0.9750009061988264 96
