1634912315972 0.9510911166928221 1
1634912370784 0.9586136330683679 2
1634912424478 0.9657150335186954 3
1634912532320 0.9688957913994268 5
1634912586394 0.9683256857259825 6
1634912694235 0.970095438728166 8
1634912749952 0.9702009842385371 9
1634913180305 0.9727338099583788 17
1634913451441 0.9738052568060862 22
1634913722366 0.9742402322427675 27
1634914261814 0.9745083604837609 37
1634914315886 0.9752194600334334 38
1634914484441 0.9753343340611353 41
1634914540104 0.9764127106645742 42
1634914595362 0.9761131319937227 43
1634914704903 0.9771344713769105 45
1634914869734 0.9754670655362991 48
1634915412468 0.9757314623703602 58
1634915523966 0.9766954980042304 60
1634915797300 0.976204817992631 65
1634916284313 0.9772552090440775 74
