1634912315887 0.7446918247200098 1
1634912370645 0.7532480474421273 2
1634912424315 0.8009640710860993 3
1634912478284 0.7857935664955729 4
1634912532150 0.8304866896628332 5
1634912586241 0.835125263877833 6
1634912640408 0.8321741324459824 7
1634912694084 0.8416364950116088 8
1634912749800 0.8535313894652162 9
1634912803067 0.8422574725281678 10
1634912855845 0.8274095532464373 11
1634912909527 0.8147778702014432 12
1634912963547 0.8278132626509379 13
1634913018194 0.849107183201146 14
1634913072405 0.8454614937366829 15
1634913126385 0.8468527150621414 16
1634913180159 0.8603147966994541 17
1634913233837 0.8475390087983647 18
1634913286677 0.8366896821091822 19
1634913343207 0.8556515603659507 20
1634913396850 0.8485508522836849 21
1634913451245 0.8698897512830291 22
1634913505227 0.8541386341134342 23
1634913559362 0.8265204717804817 24
1634913613269 0.8563031167079602 25
1634913667863 0.8623791875322273 26
1634913722162 0.871108442876446 27
1634913776895 0.8508173002247279 28
1634913831031 0.8612225124758689 29
1634913885229 0.8648963158383598 30
1634913939169 0.8642407099003268 31
1634913992639 0.8481143884030691 32
1634914046715 0.8685930795500734 33
1634914100524 0.8399959284385538 34
1634914154284 0.8469189266497525 35
1634914207785 0.8573361991821756 36
1634914261629 0.8726014088403296 37
1634914315722 0.8753137718827864 38
1634914370627 0.8530994404625535 39
1634914428590 0.8744492184899462 40
1634914484212 0.8836312476403301 41
1634914539859 0.8842427778368175 42
1634914595130 0.884296208363343 43
1634914650662 0.8747273735392441 44
1634914704676 0.8859718866527017 45
1634914759641 0.8819460620973487 46
1634914814596 0.8710448582882312 47
1634914869480 0.889573078434045 48
1634914924921 0.8782221338162858 49
1634914979127 0.8797426351744128 50
1634915032789 0.8855395594242972 51
1634915086787 0.8854806870916756 52
1634915140773 0.8680554486156876 53
1634915195121 0.8842089007302916 54
1634915249590 0.879731945183036 55
1634915303669 0.8768958395082413 56
1634915357977 0.8683263094931181 57
1634915412245 0.8905398883844464 58
1634915467544 0.8848680049282174 59
1634915523696 0.8908673621491789 60
1634915578617 0.8814502490988535 61
1634915633369 0.8474034293954429 62
1634915687615 0.8861753298723997 63
1634915741915 0.8842683164436007 64
1634915797002 0.892743968263675 65
1634915851576 0.8878960091174062 66
1634915906150 0.8853241096266153 67
1634915960727 0.8864868739057439 68
1634916015487 0.8914588515068369 69
1634916068687 0.8753769131289357 70
1634916121464 0.8823343801609779 71
1634916175336 0.8777374072906271 72
1634916229859 0.8901876733804923 73
1634916284021 0.8976007273734247 74
1634916338604 0.881629430297425 75
1634916393256 0.8792491929147065 76
1634916447988 0.8752676589576867 77
1634916501725 0.8817924932310017 78
1634916555905 0.8938315617887543 79
1634916612741 0.8747981457848686 80
1634916667277 0.887988687445631 81
1634916721980 0.8717315732542216 82
1634916776691 0.8839869554413902 83
1634916830768 0.8846181771384953 84
1634916884760 0.8869025704820445 85
1634916939345 0.8958036585830438 86
1634916994595 0.8878173759962159 87
1634917049489 0.8803759841811555 88
1634917104420 0.8852349246595711 89
1634917160458 0.8786246159463458 90
1634917215998 0.8886895801460517 91
1634917271426 0.8947249861845104 92
1634917325770 0.896161711793394 93
1634917381225 0.8828153477294683 94
1634917436027 0.8746349827287967 95
1634917491057 0.8817376092722746 96
