1634912315978 0.7446918247200098 1
1634912370788 0.7532480474421273 2
1634912424482 0.8009640710860993 3
1634912532324 0.8304866896628332 5
1634912586398 0.835125263877833 6
1634912694239 0.8416364950116088 8
1634912749956 0.8535313894652162 9
1634913180309 0.8603147966994541 17
1634913451445 0.8698897512830291 22
1634913722369 0.871108442876446 27
1634914261818 0.8726014088403296 37
1634914315889 0.8753137718827864 38
1634914484445 0.8836312476403301 41
1634914540108 0.8842427778368175 42
1634914595366 0.884296208363343 43
1634914704906 0.8859718866527017 45
1634914869738 0.889573078434045 48
1634915412472 0.8905398883844464 58
1634915523970 0.8908673621491789 60
1634915797304 0.892743968263675 65
1634916284316 0.8976007273734247 74
