1634912315976 0.7720480546584436 1
1634912370787 0.8044247666546888 2
1634912424481 0.8384148237323212 3
1634912532323 0.8700067847326581 5
1634912586397 0.8624099781245156 6
1634912694238 0.8666733837625396 8
1634912749954 0.8748051329600685 9
1634913180308 0.8821324926612027 17
1634913451444 0.8841343600178209 22
1634913722368 0.8942902977404042 27
1634914261816 0.8922126633694674 37
1634914315888 0.9039572605661592 38
1634914484444 0.9030589469935943 41
1634914540106 0.903716413730663 42
1634914595365 0.9042235126878762 43
1634914704905 0.9060166450629378 45
1634914869737 0.9047522768140672 48
1634915412471 0.9015590394394308 58
1634915523969 0.9023657020100557 60
1634915797303 0.8997133429413096 65
1634916284315 0.909114797049132 74
