1634912315885 0.7720480546584436 1
1634912370644 0.8044247666546888 2
1634912424314 0.8384148237323212 3
1634912478283 0.8284570681828064 4
1634912532149 0.8700067847326581 5
1634912586240 0.8624099781245156 6
1634912640407 0.8677575643261859 7
1634912694083 0.8666733837625396 8
1634912749798 0.8748051329600685 9
1634912803066 0.8744084673507232 10
1634912855844 0.870783040814245 11
1634912909526 0.8618973346297206 12
1634912963546 0.8706096091842678 13
1634913018193 0.8706363612819833 14
1634913072404 0.8755220852155678 15
1634913126384 0.8688283726599552 16
1634913180158 0.8821324926612027 17
1634913233836 0.8748206186736069 18
1634913286676 0.8719716691729097 19
1634913343206 0.8834614294130357 20
1634913396849 0.8846642297802046 21
1634913451244 0.8841343600178209 22
1634913505226 0.8901302686008282 23
1634913559361 0.8803404094778153 24
1634913613268 0.8830676700756943 25
1634913667862 0.8854431492751405 26
1634913722161 0.8942902977404042 27
1634913776894 0.8783123802393613 28
1634913831030 0.8847439784045301 29
1634913885228 0.8876115320515697 30
1634913939167 0.891601514399882 31
1634913992638 0.8888700698331907 32
1634914046714 0.8879433265905433 33
1634914100523 0.880739849360134 34
1634914154283 0.8927648102455502 35
1634914207784 0.8987382692183096 36
1634914261628 0.8922126633694674 37
1634914315720 0.9039572605661592 38
1634914370626 0.9030975204972993 39
1634914428588 0.8983592104401761 40
1634914484210 0.9030589469935943 41
1634914539858 0.903716413730663 42
1634914595128 0.9042235126878762 43
1634914650661 0.8986568623387237 44
1634914704675 0.9060166450629378 45
1634914759640 0.9021658056757809 46
1634914814594 0.8947162268598362 47
1634914869479 0.9047522768140672 48
1634914924919 0.8977236852520067 49
1634914979126 0.904023661004395 50
1634915032787 0.9055540145241312 51
1634915086785 0.9050473114741489 52
1634915140772 0.8920218499208952 53
1634915195120 0.8999248291499383 54
1634915249588 0.8998075137065829 55
1634915303668 0.9009773235859219 56
1634915357976 0.896480022775346 57
1634915412244 0.9015590394394308 58
1634915467543 0.9048353884512234 59
1634915523694 0.9023657020100557 60
1634915578615 0.905850967493633 61
1634915633368 0.8886296992165413 62
1634915687614 0.8973681420501373 63
1634915741914 0.8999881137934165 64
1634915797001 0.8997133429413096 65
1634915851575 0.9034027387284393 66
1634915906149 0.9006505659088547 67
1634915960726 0.9056862930396951 68
1634916015486 0.9067797042021862 69
1634916068686 0.8905177353791921 70
1634916121463 0.901200816305962 71
1634916175334 0.895743442035799 72
1634916229858 0.9058550336641716 73
1634916284019 0.909114797049132 74
1634916338603 0.9004393374439165 75
1634916393255 0.8992933264068269 76
1634916447987 0.8940671075178885 77
1634916501724 0.8963872345065699 78
1634916555904 0.9008717565098825 79
1634916612740 0.8972927743352365 80
1634916667275 0.9030488705401384 81
1634916721978 0.8944647654491356 82
1634916776690 0.9034413746294759 83
1634916830767 0.8994251763601665 84
1634916884759 0.8971863316450149 85
1634916939344 0.8983211061186839 86
1634916994594 0.903318593939876 87
1634917049487 0.8870652795253917 88
1634917104419 0.9000882523335295 89
1634917160456 0.8888085843538 90
1634917215996 0.9038024124574924 91
1634917271425 0.8971721945872225 92
1634917325769 0.9075749158910618 93
1634917381224 0.8932930590189171 94
1634917436026 0.9140359759460897 95
1634917491056 0.8963282278091592 96
