1634912315982 4.309526387299568 1
1634912370789 3.9466428404412053 2
1634912424484 3.82360238673613 3
1634912532326 3.649623803099971 5
1634912586399 3.6283865659801933 6
1634912694241 3.585900960985501 8
1634912749958 3.593405876269739 9
1634913180311 3.5258125294530704 17
1634913451446 3.436002311969831 22
1634913722371 3.41974626948986 27
1634914261819 3.3852110123102004 37
1634914315891 3.3495138145554284 38
1634914484447 3.3329335427570217 41
1634914540109 3.305417840975335 42
1634914595368 3.3183574033658916 43
1634914704908 3.3142115782168116 45
1634914869740 3.306469929086995 48
1634915412473 3.309766200989563 58
1634915523972 3.295661362940701 60
1634915797306 3.3082558456102586 65
1634916284318 3.29813305941152 74
