1634912315890 4.309526387299568 1
1634912370647 3.9466428404412053 2
1634912424317 3.82360238673613 3
1634912478286 4.012343682277161 4
1634912532152 3.649623803099971 5
1634912586242 3.6283865659801933 6
1634912640410 3.5828837072232096 7
1634912694086 3.585900960985501 8
1634912749802 3.593405876269739 9
1634912803068 3.5710005046863547 10
1634912855847 3.633069477923583 11
1634912909529 3.6566690047926165 12
1634912963549 3.628186040690912 13
1634913018196 3.564302429265686 14
1634913072406 3.6177162585189837 15
1634913126387 3.6024447969723714 16
1634913180161 3.5258125294530704 17
1634913233839 3.607368852396711 18
1634913286679 3.604614441317083 19
1634913343209 3.430744025885099 20
1634913396852 3.4857144850572657 21
1634913451247 3.436002311969831 22
1634913505229 3.510602527331396 23
1634913559364 3.616293649400589 24
1634913613270 3.4542274057886124 25
1634913667866 3.474246130417329 26
1634913722164 3.41974626948986 27
1634913776897 3.510950370810543 28
1634913831033 3.4032751771473255 29
1634913885230 3.416758429412307 30
1634913939170 3.416923497616224 31
1634913992641 3.5330974353745757 32
1634914046717 3.5183232909828486 33
1634914100526 3.594959444905491 34
1634914154286 3.510453000982242 35
1634914207786 3.4379780600679495 36
1634914261630 3.3852110123102004 37
1634914315723 3.3495138145554284 38
1634914370629 3.4295968559799355 39
1634914428592 3.322552709992528 40
1634914484214 3.3329335427570217 41
1634914539861 3.305417840975335 42
1634914595132 3.3183574033658916 43
1634914650664 3.406410397842732 44
1634914704678 3.3142115782168116 45
1634914759643 3.3616148861987587 46
1634914814598 3.386250439470648 47
1634914869481 3.306469929086995 48
1634914924922 3.3436932304142633 49
1634914979129 3.3905810598243686 50
1634915032790 3.301172415069543 51
1634915086788 3.3471672860223367 52
1634915140775 3.3962286521429075 53
1634915195123 3.3387584530105046 54
1634915249591 3.3097557573874115 55
1634915303671 3.3725848063394595 56
1634915357979 3.400434399803794 57
1634915412247 3.309766200989563 58
1634915467546 3.2918593586074705 59
1634915523697 3.295661362940701 60
1634915578619 3.330358754416429 61
1634915633371 3.4711011315658906 62
1634915687617 3.3231817415729696 63
1634915741917 3.296501660814149 64
1634915797004 3.3082558456102586 65
1634915851578 3.2926285703120337 66
1634915906152 3.337463912676885 67
1634915960729 3.3054914473552004 68
1634916015489 3.2569803031439 69
1634916068689 3.3762032709057825 70
1634916121465 3.354580887734087 71
1634916175337 3.3667639522362283 72
1634916229861 3.3443556914371673 73
1634916284022 3.29813305941152 74
1634916338606 3.2902980729659905 75
1634916393258 3.3387889523432683 76
1634916447990 3.3719065228915417 77
1634916501727 3.361491490478433 78
1634916555907 3.2942273946708656 79
1634916612743 3.403309644056537 80
1634916667279 3.321636239798047 81
1634916721982 3.3693940309655095 82
1634916776693 3.3027847094156466 83
1634916830770 3.3546293654861166 84
1634916884762 3.3140222002170665 85
1634916939347 3.281419623638354 86
1634916994598 3.3143402529831905 87
1634917049490 3.400791327376206 88
1634917104422 3.362811645251281 89
1634917160459 3.380397743327752 90
1634917215999 3.316678964203927 91
1634917271428 3.266287198712874 92
1634917325772 3.233748188826754 93
1634917381227 3.3969590637089153 94
1634917436029 3.256813121424243 95
1634917491058 3.3123067299367523 96
