1634912315886 0.6504646775500195 1
1634912370645 0.6771285141625408 2
1634912424315 0.7229872290623344 3
1634912478284 0.7044029298308266 4
1634912532150 0.757889669060067 5
1634912586240 0.7663294990129541 6
1634912640407 0.7629184389118148 7
1634912694083 0.7762712566420683 8
1634912749799 0.7880281097866365 9
1634912803066 0.7798051574255973 10
1634912855845 0.7624412393010283 11
1634912909527 0.7455501818739314 12
1634912963546 0.762132680875146 13
1634913018193 0.7838658724892807 14
1634913072404 0.7807682667257312 15
1634913126385 0.7805650695913673 16
1634913180158 0.7972163700689928 17
1634913233837 0.7794584923626953 18
1634913286677 0.7698409898799645 19
1634913343206 0.792375343702803 20
1634913396849 0.7853823840706274 21
1634913451244 0.8092448303958512 22
1634913505227 0.7913118853635167 23
1634913559361 0.7638525139362156 24
1634913613268 0.7939795687223559 25
1634913667862 0.8007867760890649 26
1634913722162 0.8115492549933526 27
1634913776895 0.7874263759994867 28
1634913831031 0.7994011413323978 29
1634913885228 0.8043323960641611 30
1634913939168 0.804052882484627 31
1634913992638 0.7862128430860731 32
1634914046715 0.807505263946016 33
1634914100524 0.7775947149406183 34
1634914154284 0.7868772101688106 35
1634914207784 0.7992347878367054 36
1634914261628 0.8133250371632813 37
1634914315721 0.8179396731404558 38
1634914370626 0.7957680835055918 39
1634914428589 0.8176714587034181 40
1634914484211 0.8254348953226968 41
1634914539858 0.8280406970904752 42
1634914595129 0.8268654837855728 43
1634914650662 0.8147017134879153 44
1634914704676 0.8279965642560908 45
1634914759641 0.8227823563889219 46
1634914814595 0.8137054651470383 47
1634914869479 0.8321631610401163 48
1634914924920 0.8214181735198939 49
1634914979127 0.8239495184244403 50
1634915032788 0.8292447165913274 51
1634915086786 0.8292290122613813 52
1634915140773 0.8103847213115852 53
1634915195120 0.8275689368308946 54
1634915249589 0.821725911298865 55
1634915303668 0.8184774858640339 56
1634915357977 0.8109643392059459 57
1634915412244 0.8345865161266314 58
1634915467543 0.8271408365911658 59
1634915523695 0.8340940857328947 60
1634915578616 0.8236293201784866 61
1634915633369 0.7886780405660611 62
1634915687614 0.8290071842725202 63
1634915741914 0.8280962799063954 64
1634915797001 0.8353280497224674 65
1634915851575 0.8316241727289204 66
1634915906150 0.8285086315343513 67
1634915960726 0.8313849805188612 68
1634916015486 0.8369476118289392 69
1634916068686 0.8171209210646044 70
1634916121463 0.8236450299610327 71
1634916175335 0.8201759196536976 72
1634916229859 0.8326081983380434 73
1634916284020 0.8416296256862171 74
1634916338604 0.8249803443927908 75
1634916393255 0.8216254518544777 76
1634916447988 0.816770075051736 77
1634916501725 0.824291680445685 78
1634916555905 0.8373958176145047 79
1634916612741 0.8149243370202671 80
1634916667276 0.8328610407246905 81
1634916721979 0.8121715189492026 82
1634916776691 0.8283549492642766 83
1634916830768 0.8285306994299456 84
1634916884760 0.829951033280777 85
1634916939345 0.8378177811775767 86
1634916994595 0.8318321698898241 87
1634917049488 0.8219234732706681 88
1634917104420 0.8278654533287679 89
1634917160457 0.8162135070951135 90
1634917215997 0.8310773521182317 91
1634917271426 0.8366797967219826 92
1634917325770 0.839662274456768 93
1634917381225 0.8204989229734354 94
1634917436026 0.8225730165420299 95
1634917491056 0.8245114089177779 96
