1634912315977 0.6504646775500195 1
1634912370787 0.6771285141625408 2
1634912424481 0.7229872290623344 3
1634912532323 0.757889669060067 5
1634912586397 0.7663294990129541 6
1634912694238 0.7762712566420683 8
1634912749955 0.7880281097866365 9
1634913180309 0.7972163700689928 17
1634913451444 0.8092448303958512 22
1634913722369 0.8115492549933526 27
1634914261817 0.8133250371632813 37
1634914315889 0.8179396731404558 38
1634914484444 0.8254348953226968 41
1634914540107 0.8280406970904752 42
1634914595365 0.8268654837855728 43
1634914704906 0.8279965642560908 45
1634914869738 0.8321631610401163 48
1634915412471 0.8345865161266314 58
1634915523969 0.8340940857328947 60
1634915797303 0.8353280497224674 65
1634916284316 0.8416296256862171 74
