1634912315889 0.8179085415055038 1
1634912370646 0.8365551063257117 2
1634912424317 0.8596632292738198 3
1634912478285 0.8635639480090053 4
1634912532151 0.8882468831664722 5
1634912586242 0.8762040754388623 6
1634912640409 0.8877186519624051 7
1634912694085 0.8848672065490031 8
1634912749802 0.8906764533267394 9
1634912803068 0.8859443687834175 10
1634912855846 0.8896414441532876 11
1634912909528 0.8823819287932799 12
1634912963548 0.8857257496518272 13
1634913018195 0.8858051339704689 14
1634913072406 0.8851610896489676 15
1634913126386 0.8886730670645265 16
1634913180160 0.8940446748837243 17
1634913233838 0.8938990122905982 18
1634913286679 0.8901645600089081 19
1634913343208 0.9002337017626938 20
1634913396851 0.9003189963574013 21
1634913451246 0.899863200686433 22
1634913505228 0.8982333414583953 23
1634913559363 0.8972886522673257 24
1634913613270 0.8937294533802747 25
1634913667865 0.9000443624909034 26
1634913722163 0.9015994727990796 27
1634913776896 0.8964562214023878 28
1634913831032 0.8989359828318869 29
1634913885230 0.901706346788866 30
1634913939170 0.897149869753903 31
1634913992640 0.8996818602044525 32
1634914046716 0.9051262938740741 33
1634914100525 0.8958723548195431 34
1634914154286 0.9065346575797371 35
1634914207786 0.9081351537294811 36
1634914261630 0.9080515074834433 37
1634914315723 0.9078169022748791 38
1634914370628 0.9086239326601708 39
1634914428591 0.9045328552674318 40
1634914484214 0.9064195210024459 41
1634914539860 0.9072003303947078 42
1634914595131 0.9078375423458478 43
1634914650664 0.9064134769037645 44
1634914704678 0.9084926819570758 45
1634914759642 0.9105257209180316 46
1634914814597 0.904619057377929 47
1634914869481 0.9070670964161199 48
1634914924922 0.9045854634502998 49
1634914979129 0.9109878032210229 50
1634915032790 0.9106598443102271 51
1634915086788 0.9075158199390625 52
1634915140775 0.9053207129889527 53
1634915195122 0.9081235634566938 54
1634915249591 0.9088642228713881 55
1634915303670 0.9065464186179387 56
1634915357978 0.9065164190590104 57
1634915412246 0.9082410624831977 58
1634915467545 0.9121867788067308 59
1634915523697 0.912935719769445 60
1634915578618 0.9093103863084236 61
1634915633370 0.9006943380604824 62
1634915687616 0.9090787913534579 63
1634915741916 0.9087510527152407 64
1634915797003 0.9092197365822614 65
1634915851577 0.9083475932922086 66
1634915906151 0.9078717293084658 67
1634915960728 0.9009066650650097 68
1634916015488 0.9098425074396123 69
1634916068688 0.9012147651175839 70
1634916121465 0.9067123530621142 71
1634916175337 0.9024675341052958 72
1634916229860 0.9082326231005962 73
1634916284022 0.9141743442378893 74
1634916338606 0.9056746983269536 75
1634916393257 0.9086890754950885 76
1634916447990 0.9022721028327366 77
1634916501727 0.9020699915460165 78
1634916555907 0.9090895630255079 79
1634916612743 0.9045386231605463 80
1634916667278 0.9064338978594771 81
1634916721981 0.898096120163787 82
1634916776692 0.907469519003683 83
1634916830769 0.9036596843070643 84
1634916884762 0.9050506551671483 85
1634916939346 0.9101287922011843 86
1634916994597 0.9102208323700568 87
1634917049490 0.9026722821523139 88
1634917104422 0.9044649070744756 89
1634917160459 0.9005479100953798 90
1634917215999 0.9038889832902685 91
1634917271428 0.9101399601234924 92
1634917325772 0.9122587211561698 93
1634917381226 0.8977082507364521 94
1634917436028 0.9004719050212981 95
1634917491058 0.9015174482426673 96
