1634912315981 0.8179085415055038 1
1634912370789 0.8365551063257117 2
1634912424483 0.8596632292738198 3
1634912532325 0.8882468831664722 5
1634912586399 0.8762040754388623 6
1634912694240 0.8848672065490031 8
1634912749957 0.8906764533267394 9
1634913180310 0.8940446748837243 17
1634913451446 0.899863200686433 22
1634913722370 0.9015994727990796 27
1634914261819 0.9080515074834433 37
1634914315890 0.9078169022748791 38
1634914484446 0.9064195210024459 41
1634914540109 0.9072003303947078 42
1634914595367 0.9078375423458478 43
1634914704907 0.9084926819570758 45
1634914869740 0.9070670964161199 48
1634915412473 0.9082410624831977 58
1634915523971 0.912935719769445 60
1634915797305 0.9092197365822614 65
1634916284318 0.9141743442378893 74
