1634912315883 0.7305380815790377 1
1634912370642 0.888003887064339 2
1634912424312 0.7905561470403584 3
1634912478281 0.7485612168435264 4
1634912532147 0.8222406896178557 5
1634912586238 0.86402850640571 6
1634912640405 0.8462336176884954 7
1634912694081 0.8622381443032936 8
1634912749795 0.8694530307188036 9
1634912803064 0.9056381130169198 10
1634912855842 0.8501629570236359 11
1634912909524 0.8320133189651582 12
1634912963543 0.8292477075439794 13
1634913018191 0.8376861517455452 14
1634913072402 0.8306096867160428 15
1634913126382 0.8617429427727707 16
1634913180156 0.8608892282995805 17
1634913233834 0.8273559536536708 18
1634913286675 0.8252003356972971 19
1634913343204 0.8690116479881443 20
1634913396847 0.846747106976622 21
1634913451242 0.8817192073879151 22
1634913505224 0.8531264884723172 23
1634913559359 0.825010395565435 24
1634913613266 0.858669666173389 25
1634913667859 0.8634687805275456 26
1634913722158 0.8688226677337256 27
1634913776892 0.8617558235316757 28
1634913831028 0.8725118553482261 29
1634913885226 0.897346311169509 30
1634913939165 0.8830144969614103 31
1634913992636 0.8482830187618143 32
1634914046712 0.8680177350336722 33
1634914100521 0.8240367371665 34
1634914154281 0.8593839329164267 35
1634914207782 0.8769189888367219 36
1634914261626 0.8902077217651481 37
1634914315718 0.8776675849374246 38
1634914370624 0.8729128394967461 39
1634914428586 0.8800633878104599 40
1634914484209 0.9045993746369134 41
1634914539856 0.899919252520703 42
1634914595127 0.8829085400086492 43
1634914650660 0.874900316300892 44
1634914704673 0.8925636029158113 45
1634914759638 0.8866674672819308 46
1634914814593 0.885967659449577 47
1634914869477 0.9026684811749741 48
1634914924917 0.8990742734298163 49
1634914979125 0.8971226372792936 50
1634915032785 0.8944538469848827 51
1634915086783 0.9009465846855164 52
1634915140770 0.8793971690947352 53
1634915195118 0.8886403267932405 54
1634915249586 0.8824810336499084 55
1634915303666 0.8733400550634371 56
1634915357974 0.8823724043082435 57
1634915412241 0.8961503177915779 58
1634915467541 0.8963083169715661 59
1634915523693 0.9129544041172589 60
1634915578613 0.8825295707036541 61
1634915633366 0.8678116505677468 62
1634915687612 0.8996401379352766 63
1634915741912 0.8992870888812126 64
1634915796999 0.9050099644595521 65
1634915851573 0.9039445662700312 66
1634915906147 0.9007845718076571 67
1634915960724 0.8898833891300199 68
1634916015484 0.9113410560086899 69
1634916068684 0.8726437538117674 70
1634916121461 0.9325123732137021 71
1634916175332 0.9054519591701876 72
1634916229856 0.8891131856930637 73
1634916284018 0.9127806541299199 74
1634916338602 0.9139795864133262 75
1634916393253 0.8892487629639538 76
1634916447986 0.8853447850985482 77
1634916501722 0.8930327350102351 78
1634916555903 0.9051485004086229 79
1634916612738 0.9221507824693744 80
1634916667273 0.9095966710753558 81
1634916721976 0.9078886310657053 82
1634916776688 0.9007504609782959 83
1634916830765 0.8992604528130492 84
1634916884757 0.9022348866867606 85
1634916939342 0.9118338416768026 86
1634916994592 0.9026918271576063 87
1634917049486 0.888618094988535 88
1634917104417 0.9039498727542126 89
1634917160455 0.9227483528225664 90
1634917215995 0.8752269981623844 91
1634917271424 0.9227346544993009 92
1634917325767 0.9128641459199275 93
1634917381222 0.8698966666345082 94
1634917436024 0.9195665873649559 95
1634917491054 0.9063295193372467 96
