1634912315973 0.7305380815790377 1
1634912370785 0.888003887064339 2
1634912424479 0.7905561470403584 3
1634912532321 0.8222406896178557 5
1634912586395 0.86402850640571 6
1634912694236 0.8622381443032936 8
1634912749953 0.8694530307188036 9
1634913180306 0.8608892282995805 17
1634913451442 0.8817192073879151 22
1634913722367 0.8688226677337256 27
1634914261814 0.8902077217651481 37
1634914315886 0.8776675849374246 38
1634914484442 0.9045993746369134 41
1634914540105 0.899919252520703 42
1634914595363 0.8829085400086492 43
1634914704903 0.8925636029158113 45
1634914869735 0.9026684811749741 48
1634915412469 0.8961503177915779 58
1634915523967 0.9129544041172589 60
1634915797301 0.9050099644595521 65
1634916284314 0.9127806541299199 74
