1634912315974 0.8552533361480936 1
1634912370785 0.7391168215929035 2
1634912424480 0.8821751380750148 3
1634912532322 0.9081428614179967 5
1634912586396 0.8621692388802898 6
1634912694237 0.87546340334218 8
1634912749953 0.8837422171857928 9
1634913180307 0.9017347124166316 17
1634913451442 0.8921559023119612 22
1634913722367 0.9064779254928544 27
1634914261815 0.8919244360556791 37
1634914315887 0.9043959405390838 38
1634914484442 0.8830478345496673 41
1634914540105 0.8896388209233953 42
1634914595364 0.9066047870047025 43
1634914704904 0.8972197553065384 45
1634914869736 0.8928558101158894 48
1634915412469 0.902551014659415 58
1634915523967 0.889269517942239 60
1634915797302 0.8946286191876477 65
1634916284314 0.8967182602439471 74
