1634912315884 0.8552533361480936 1
1634912370643 0.7391168215929035 2
1634912424313 0.8821751380750148 3
1634912478282 0.9281805994252202 4
1634912532148 0.9081428614179967 5
1634912586238 0.8621692388802898 6
1634912640405 0.8801011619554345 7
1634912694081 0.87546340334218 8
1634912749796 0.8837422171857928 9
1634912803064 0.8373570477829557 10
1634912855843 0.8761793551285044 11
1634912909525 0.8766916536149629 12
1634912963544 0.8960025860432131 13
1634913018191 0.906394161172824 14
1634913072402 0.9092087939614122 15
1634913126383 0.8806085281163907 16
1634913180157 0.9017347124166316 17
1634913233835 0.9242203773035342 18
1634913286675 0.9125881856913257 19
1634913343205 0.8904403339690089 20
1634913396848 0.9104685551091084 21
1634913451243 0.8921559023119612 22
1634913505225 0.9030141687854034 23
1634913559360 0.9087444190359456 24
1634913613266 0.8962292251032962 25
1634913667860 0.9046961785164885 26
1634913722159 0.9064779254928544 27
1634913776893 0.8909588217324275 28
1634913831029 0.8892642921038071 29
1634913885226 0.8738408343017643 30
1634913939166 0.876746092514272 31
1634913992637 0.9052481213299031 32
1634914046713 0.91236264725735 33
1634914100522 0.92130249767401 34
1634914154282 0.8977689968836613 35
1634914207783 0.8904886276797627 36
1634914261627 0.8919244360556791 37
1634914315719 0.9043959405390838 38
1634914370624 0.8907787315706424 39
1634914428587 0.8983088830036936 40
1634914484209 0.8830478345496673 41
1634914539857 0.8896388209233953 42
1634914595127 0.9066047870047025 43
1634914650660 0.9076253862470036 44
1634914704674 0.8972197553065384 45
1634914759639 0.9039013871868009 46
1634914814593 0.8910167754880579 47
1634914869477 0.8928558101158894 48
1634914924918 0.8810481984045596 49
1634914979125 0.8923200827269243 50
1634915032786 0.9012875149940395 51
1634915086784 0.8908455478635322 52
1634915140771 0.8961070325510264 53
1634915195118 0.9023615123141259 54
1634915249587 0.9052374491569536 55
1634915303667 0.9109481622079435 56
1634915357975 0.8944525976462427 57
1634915412242 0.902551014659415 58
1634915467542 0.9013419328852875 59
1634915523693 0.889269517942239 60
1634915578614 0.9062803906151089 61
1634915633367 0.8811839246083207 62
1634915687613 0.8958658260003058 63
1634915741913 0.8918071030058974 64
1634915797000 0.8946286191876477 65
1634915851574 0.8891559752479785 66
1634915906148 0.8908357853046927 67
1634915960725 0.8940291706942601 68
1634916015485 0.8889996676529103 69
1634916068685 0.904801605963883 70
1634916121461 0.855167900421449 71
1634916175333 0.8827604375631319 72
1634916229857 0.906282050319825 73
1634916284018 0.8967182602439471 74
1634916338602 0.8755111214255785 75
1634916393254 0.8987083687625741 76
1634916447986 0.8970172483740059 77
1634916501723 0.8927932653709418 78
1634916555903 0.8959900642190634 79
1634916612739 0.8601980450464081 80
1634916667274 0.8821952170588993 81
1634916721977 0.8587484602910447 82
1634916776689 0.8899224932539351 83
1634916830766 0.8888545054755056 84
1634916884758 0.8919969778451222 85
1634916939343 0.8932945358009577 86
1634916994593 0.8935556444569934 87
1634917049486 0.8941241685166893 88
1634917104418 0.8851955698813957 89
1634917160455 0.852424231853337 90
1634917215995 0.9173407211853689 91
1634917271424 0.8805744479600301 92
1634917325768 0.8935020294842155 93
1634917381223 0.9105643057372176 94
1634917436025 0.8632898805968919 95
1634917491054 0.875532509267344 96
