1634912315888 0.9083897235518943 1
1634912370646 0.8604591124089949 2
1634912424316 0.9292343880307788 3
1634912478285 0.9473557627039619 4
1634912532151 0.9422866111667967 5
1634912586241 0.9209620851701289 6
1634912640409 0.9320437495827547 7
1634912694084 0.9289914630330774 8
1634912749801 0.9335656984865357 9
1634912803067 0.9121901809429207 10
1634912855846 0.9312475903363463 11
1634912909528 0.9307470441060488 12
1634912963547 0.9396320762268355 13
1634913018195 0.9429324951738458 14
1634913072405 0.9423762998696209 15
1634913126386 0.9316279565029805 16
1634913180160 0.9420985153512834 17
1634913233838 0.9508936475956133 18
1634913286678 0.9471057947540872 19
1634913343208 0.9378009215726498 20
1634913396850 0.947346522411027 21
1634913451246 0.938846160634222 22
1634913505228 0.9441012220536328 23
1634913559363 0.9455034717338936 24
1634913613269 0.9390498368726643 25
1634913667864 0.9432227403508566 26
1634913722163 0.9451659471267089 27
1634913776896 0.9377204612555186 28
1634913831032 0.9372362608871607 29
1634913885229 0.9306639879959353 30
1634913939169 0.9316610455019505 31
1634913992640 0.94387703814698 32
1634914046716 0.9467953255562583 33
1634914100525 0.9503847328605445 34
1634914154285 0.9423237195362173 35
1634914207785 0.9384712950168481 36
1634914261629 0.9398328288917195 37
1634914315722 0.9438495112777808 38
1634914370628 0.9390780610881626 39
1634914428590 0.941572486082365 40
1634914484213 0.9349979687758583 41
1634914539859 0.9389797333002214 42
1634914595131 0.9458764335570983 43
1634914650663 0.9454414765687275 44
1634914704677 0.9423605604291301 45
1634914759642 0.9446149502377766 46
1634914814596 0.9386908600570784 47
1634914869480 0.9379562026368351 48
1634914924921 0.934924414373999 49
1634914979128 0.9395735815726434 50
1634915032789 0.9427509537464642 51
1634915086787 0.9379634470740937 52
1634915140774 0.9406743261885816 53
1634915195122 0.9427774316890184 54
1634915249590 0.9451593760962357 55
1634915303669 0.9466342433940098 56
1634915357978 0.9396690120271158 57
1634915412246 0.9433460744272679 58
1634915467544 0.9438227632928149 59
1634915523696 0.9386190745516314 60
1634915578617 0.9460173261047474 61
1634915633370 0.9344009621562288 62
1634915687616 0.9404433423202295 63
1634915741916 0.9384620797900259 64
1634915797003 0.9404845786084202 65
1634915851577 0.9381267924488129 66
1634915906151 0.9383589318295709 67
1634915960727 0.9388507384493485 68
1634916015488 0.9382820037530828 69
1634916068688 0.9433501245759698 70
1634916121464 0.9238048207833942 71
1634916175336 0.9325311296439927 72
1634916229860 0.9445623665949477 73
1634916284021 0.9415521430643956 74
1634916338605 0.9315610026940044 75
1634916393256 0.9408394195182435 76
1634916447989 0.939128363079595 77
1634916501726 0.9377929136098837 78
1634916555906 0.9397766601919811 79
1634916612742 0.9248952977003201 80
1634916667277 0.9351790037538946 81
1634916721981 0.9241451032759047 82
1634916776692 0.9381462371447273 83
1634916830769 0.9364880103522653 84
1634916884761 0.9384449918580711 85
1634916939346 0.9391685399890922 86
1634916994596 0.939767371445482 87
1634917049489 0.9386508014526683 88
1634917104421 0.9346334751850558 89
1634917160458 0.9215944274070811 90
1634917215998 0.9472454810724651 91
1634917271427 0.9346010890073627 92
1634917325771 0.9385379776565734 93
1634917381226 0.9431060907227767 94
1634917436027 0.9251238235030462 95
1634917491057 0.9313991768938841 96
