1634912315980 0.9083897235518943 1
1634912370788 0.8604591124089949 2
1634912424483 0.9292343880307788 3
1634912532324 0.9422866111667967 5
1634912586398 0.9209620851701289 6
1634912694240 0.9289914630330774 8
1634912749956 0.9335656984865357 9
1634913180310 0.9420985153512834 17
1634913451445 0.938846160634222 22
1634913722370 0.9451659471267089 27
1634914261818 0.9398328288917195 37
1634914315890 0.9438495112777808 38
1634914484445 0.9349979687758583 41
1634914540108 0.9389797333002214 42
1634914595367 0.9458764335570983 43
1634914704907 0.9423605604291301 45
1634914869739 0.9379562026368351 48
1634915412472 0.9433460744272679 58
1634915523970 0.9386190745516314 60
1634915797305 0.9404845786084202 65
1634916284317 0.9415521430643956 74
