1634912315975 0.9619062608283337 1
1634912370786 0.9821602823582829 2
1634912424480 0.976747397485206 3
1634912532322 0.9765238718090051 5
1634912586396 0.9800468655432649 6
1634912694237 0.9826325636475238 8
1634912749954 0.9839882379163957 9
1634913180307 0.9832086067512021 17
1634913451443 0.9860210686478877 22
1634913722368 0.9843473605816939 27
1634914261816 0.9876239233005112 37
1634914315888 0.9835004246093969 38
1634914484443 0.9873376287648344 41
1634914540106 0.9888677486464583 42
1634914595364 0.9856221975170414 43
1634914704905 0.9880563263223863 45
1634914869737 0.9839291507604401 48
1634915412470 0.9840523323793989 58
1634915523968 0.9880086849035539 60
1634915797302 0.9865120633868577 65
1634916284315 0.9870426035621702 74
