1634912315885 0.9619062608283337 1
1634912370644 0.9821602823582829 2
1634912424314 0.976747397485206 3
1634912478283 0.9667440241182157 4
1634912532148 0.9765238718090051 5
1634912586239 0.9800468655432649 6
1634912640406 0.9845737260955594 7
1634912694082 0.9826325636475238 8
1634912749797 0.9839882379163957 9
1634912803065 0.9873795852300267 10
1634912855843 0.986722525569929 11
1634912909525 0.9850230545233934 12
1634912963545 0.983509600017424 13
1634913018192 0.9803910255174186 14
1634913072403 0.976133056458704 15
1634913126383 0.983414535361601 16
1634913180157 0.9832086067512021 17
1634913233836 0.9780196884393219 18
1634913286676 0.9821448095283277 19
1634913343205 0.9857453375557345 20
1634913396848 0.9844230348145157 21
1634913451243 0.9860210686478877 22
1634913505225 0.9852466673213716 23
1634913559360 0.9823355566171121 24
1634913613267 0.9826756797499231 25
1634913667861 0.9822189836757818 26
1634913722160 0.9843473605816939 27
1634913776893 0.9848198598314734 28
1634913831029 0.9857923042790839 29
1634913885227 0.987865674093105 30
1634913939167 0.9871911442838814 31
1634913992637 0.982219993368961 32
1634914046714 0.9816480687072244 33
1634914100522 0.9793421464000982 34
1634914154283 0.9866297587190692 35
1634914207783 0.9867116104023785 36
1634914261627 0.9876239233005112 37
1634914315719 0.9835004246093969 38
1634914370625 0.9871057701062055 39
1634914428588 0.985232619796361 40
1634914484210 0.9873376287648344 41
1634914539857 0.9888677486464583 42
1634914595128 0.9856221975170414 43
1634914650661 0.983311987268352 44
1634914704674 0.9880563263223863 45
1634914759639 0.985195330291375 46
1634914814594 0.9865882390470441 47
1634914869478 0.9839291507604401 48
1634914924918 0.9890447264175968 49
1634914979126 0.9864255142517234 50
1634915032787 0.9844265202579245 51
1634915086785 0.9851413022307461 52
1634915140772 0.9855753279852603 53
1634915195119 0.9833007071141298 54
1634915249588 0.9844734982668717 55
1634915303667 0.9826010965195502 56
1634915357976 0.9849150984071862 57
1634915412242 0.9840523323793989 58
1634915467542 0.9867627433849272 59
1634915523694 0.9880086849035539 60
1634915578615 0.9859248678665828 61
1634915633368 0.9874054481555083 62
1634915687613 0.9856357015379573 63
1634915741913 0.9852855550926761 64
1634915797000 0.9865120633868577 65
1634915851574 0.9872655663026784 66
1634915906148 0.9862819791382494 67
1634915960725 0.9842046803253144 68
1634916015485 0.9880113325960819 69
1634916068685 0.9825609786967275 70
1634916121462 0.9925205920201325 71
1634916175334 0.9832291866503389 72
1634916229857 0.9831370539315806 73
1634916284019 0.9870426035621702 74
1634916338603 0.9882297538616919 75
1634916393254 0.9833182710773952 76
1634916447987 0.9818799242876446 77
1634916501724 0.9834042511371764 78
1634916555904 0.983057600989923 79
1634916612740 0.9896858737740712 80
1634916667274 0.9882627943233472 81
1634916721978 0.9900414283720754 82
1634916776689 0.9867566718884062 83
1634916830767 0.9845590572537255 84
1634916884759 0.9856755542340931 85
1634916939343 0.9858241986914826 86
1634916994594 0.9865828313889433 87
1634917049487 0.9838895102328535 88
1634917104419 0.9846986090520358 89
1634917160456 0.9909472873311465 90
1634917215996 0.9783199114463539 91
1634917271425 0.989213727999067 92
1634917325768 0.9843109055898628 93
1634917381223 0.976858895503678 94
1634917436025 0.9876382528200678 95
1634917491055 0.9876807488847699 96
