1634912312199 0.6600732939078076 0
1634912367595 0.6118029839921706 0
1634912421375 0.5813504658123054 0
1634912475435 0.5554299446025698 0
1634912529074 0.5329055526469013 0
1634912583306 0.5110357955540761 0
1634912637394 0.49183502468732326 0
1634912691086 0.4737393882605109 0
1634912746289 0.45624576376216247 0
1634912800148 0.43952548031759736 0
1634912852923 0.4235144537864345 0
1634912906512 0.4067661765188274 0
1634912960526 0.39170663870207156 0
1634913015202 0.37980279503482406 0
1634913069491 0.3637052851148171 0
1634913123386 0.3528542775328797 0
1634913177108 0.33873702379146425 0
1634913230938 0.3284960994035891 0
1634913283775 0.31428925811064123 0
1634913337799 0.3012073571139043 0
1634913393928 0.29132950173156097 0
1634913448148 0.2823832412757496 0
1634913502198 0.27057105981477414 0
1634913556419 0.2630334837306844 0
1634913610296 0.25354094036144786 0
1634913664607 0.24443496011271335 0
1634913719106 0.23447745949915139 0
1634913773786 0.22655540704727173 0
1634913828099 0.22048292655755977 0
1634913882186 0.21128503100411727 0
1634913936177 0.20513110674253784 0
1634913989601 0.20139472053782775 0
1634914043624 0.19460496653129558 0
1634914097583 0.18849089557286536 0
1634914151342 0.18121411909561347 0
1634914204827 0.17770614991388697 0
1634914258669 0.1697941785401637 0
1634914312572 0.16413334284973616 0
1634914367514 0.16226986913692834 0
1634914423036 0.15838569505970077 0
1634914481073 0.1572699734922683 0
1634914536764 0.1531345023967252 0
1634914591941 0.14833063883061456 0
1634914647611 0.14568203134406912 0
1634914701621 0.1427821530268924 0
1634914756488 0.14146964842140083 0
1634914811422 0.1388794807071733 0
1634914866324 0.1341456035428708 0
1634914921784 0.136230107359957 0
1634914976092 0.13144528887944645 0
1634915029705 0.12914662210658046 0
1634915083693 0.1254297767830367 0
1634915137704 0.1252684516481834 0
1634915192111 0.12159404136461786 0
1634915246539 0.12173038381751221 0
1634915300618 0.11930661692772762 0
1634915354993 0.11982737573804242 0
1634915409193 0.1193755599531797 0
1634915464511 0.11422447808603249 0
1634915518362 0.12036898868656394 0
1634915575270 0.116488616286528 0
1634915630269 0.11748369890126852 0
1634915684481 0.11741144689592985 0
1634915738895 0.11328742468711173 0
1634915793865 0.1141962111365087 0
1634915848495 0.11304740932318244 0
1634915902956 0.11176163035601673 0
1634915957613 0.11183747147569562 0
1634916012366 0.1083084281792145 0
1634916065631 0.10515283070283361 0
1634916118407 0.1128547983520692 0
1634916172173 0.10613844816637512 0
1634916226770 0.10900670238355599 0
1634916280881 0.10584949713089678 0
1634916335560 0.10408955380910694 0
1634916390104 0.10852890848965928 0
1634916444882 0.10277995146294631 0
1634916498664 0.10182909567904945 0
1634916552810 0.10992252856197923 0
1634916607248 0.10614926522911185 0
1634916664092 0.1023938757284443 0
1634916718812 0.09282513873854487 0
1634916773573 0.09034765935917892 0
1634916827668 0.08648773083592405 0
1634916881518 0.09657163818431373 0
1634916936253 0.0885191555734318 0
1634916991427 0.08420723938558361 0
1634917046168 0.09364583287941347 0
1634917101158 0.09468494547475682 0
1634917157301 0.08837038492507274 0
1634917212841 0.08380891002788401 0
1634917268243 0.07987856186262451 0
1634917322612 0.08653063854516142 0
1634917377940 0.08690483296419134 0
1634917432694 0.0834347864631379 0
1634917487919 0.07817602485860928 0
