1634711523217 0.964939702943314 1
1634711594006 0.9628273187681686 2
1634711663573 0.9593755677688953 3
1634711732301 0.9539068177688953 4
1634711801205 0.9533015761264535 5
1634711869672 0.9491954714752907 6
1634711938234 0.9462731649709303 7
1634712007516 0.9426794717478197 8
1634712076284 0.9404245775799419 9
1634712145014 0.9365117982376453 10
1634712213731 0.9350381540697674 11
1634712282042 0.9365816338117733 12
1634712351321 0.9386298601017442 13
1634712420158 0.9361416129178779 14
1634712488944 0.9360476471656977 15
1634712557871 0.9331858080486919 16
1634712626494 0.933140386537064 17
1634712696102 0.9351079896438953 18
1634712764850 0.9360362917877907 19
1634712835835 0.9342089275981105 20
1634712904289 0.9395334642986919 21
1634712972936 0.9396223201308139 22
1634713042362 0.9439032976017442 23
1634713110826 0.9484312545421512 24
1634713180230 0.9490674395893895 25
1634713248866 0.9523763967114826 26
1634713317941 0.9532206690588663 27
1634713387531 0.9565861191860465 28
1634713456480 0.9570326694222384 29
1634713525609 0.9600878338481105 30
1634713594413 0.9606763263081395 31
1634713663245 0.9629210006359011 32
1634713732641 0.962596804596657 33
1634713801510 0.9642251657885175 34
1634713870668 0.9646578056867733 35
1634713939469 0.9656670148982558 36
1634714008202 0.9662861668786337 37
1634714077557 0.9657612645348838 38
1634714146332 0.9662305255268895 39
1634714217264 0.9665359851925872 40
1634714286034 0.966454226471657 41
1634714354850 0.9669958779978197 42
1634714424299 0.9661893622819767 43
1634714493486 0.9664968091388081 44
1634714562225 0.9660207349200581 45
1634714631183 0.9660951126453489 46
1634714700087 0.9654228742732558 47
1634714769922 0.9652724155159884 48
1634714838821 0.9649956281795058 49
1634714908029 0.96470947265625 50
1634714976488 0.9648704351380814 51
1634715045186 0.9645751953125 52
1634715114607 0.9649768918059592 53
1634715183313 0.9647546102834302 54
1634715252381 0.9651389898255814 55
1634715321109 0.9652156386264535 56
1634715389721 0.9657680777616279 57
1634715459231 0.9656749636627907 58
1634715528040 0.9661578511082849 59
1634715598925 0.9662430164425873 60
1634715667890 0.9664110760356105 61
1634715736772 0.9667500340661337 62
1634715806728 0.9672215661337209 63
1634715876481 0.9671074445857558 64
1634715945738 0.9674869980922965 65
1634716014453 0.967626953125 66
1634716084288 0.9675869254178779 67
1634716153891 0.9673601017441861 68
1634716222673 0.96732177734375 69
1634716291625 0.9667219295058139 70
1634716360740 0.9671196516170059 71
1634716429970 0.9666685592296511 72
1634716499648 0.9666149050690407 73
1634716568298 0.9664227152979651 74
1634716637665 0.9659227947856105 75
1634716706662 0.9649155727652616 76
1634716775601 0.9657110169876454 77
1634716844925 0.9656099541242733 78
1634716913595 0.966175168059593 79
1634716984904 0.9661845362463662 80
1634717054017 0.9665504632994186 81
1634717123184 0.9665129905523255 82
1634717192527 0.9659574286882268 83
1634717261514 0.9664635946584302 84
1634717330574 0.9660306708757267 85
1634717399402 0.9662901412609012 86
1634717468427 0.9659835460574128 87
1634717537856 0.9666549327761628 88
1634717607038 0.9666853084120639 89
1634717676049 0.9664692723473837 90
1634717744969 0.9667605377906977 91
1634717813847 0.9667889262354651 92
1634717883537 0.9669007767078488 93
1634717953518 0.9665226426235465 94
1634718023112 0.9667653638263082 95
1634718092439 0.9664638785428779 96
1634718161330 0.9658597724382267 97
1634718231036 0.9656244322311046 98
1634718300152 0.9658915674963663 99
