1634711523221 0.8625048008794187 1
1634711594010 0.8635705327412578 2
1634711663577 0.8522540577310423 3
1634711732305 0.8418135223412414 4
1634711801209 0.8399602902892541 5
1634711869676 0.8312354604303376 6
1634711938239 0.8226824912132078 7
1634712007520 0.8118762782647381 8
1634712076288 0.8048694909756147 9
1634712145018 0.7963884926294353 10
1634712213735 0.7876124175727013 11
1634712282047 0.7879207377207987 12
1634712351325 0.7888089962502097 13
1634712420162 0.7813194677052091 14
1634712488948 0.7785980742679964 15
1634712557875 0.7700787868556386 16
1634712626498 0.7694497269572547 17
1634712696106 0.7702784408070945 18
1634712764854 0.7713074868912358 19
1634712835839 0.7643939305107136 20
1634712904294 0.7733115946636803 21
1634712972940 0.7750608496725078 22
1634713042366 0.7798846551566702 23
1634713110830 0.7894102558730403 24
1634713180234 0.7920423764871205 25
1634713248870 0.7989795208214806 26
1634713317945 0.8017109527570713 27
1634713387535 0.8094249406350402 28
1634713456483 0.8086120918457484 29
1634713525613 0.8166774829341276 30
1634713594417 0.8201313388188803 31
1634713663249 0.8322750780921315 32
1634713732646 0.828333019486632 33
1634713801514 0.8361784258289449 34
1634713870672 0.8401404820122065 35
1634713939473 0.8443693094503024 36
1634714008205 0.853028625586831 37
1634714077561 0.8467493393374568 38
1634714146336 0.8514363533845855 39
1634714217268 0.8533666915502776 40
1634714286038 0.856705458778178 41
1634714354854 0.8624639390785701 42
1634714424303 0.8569017617122395 43
1634714493490 0.8627002282213592 44
1634714562229 0.8630038507442622 45
1634714631188 0.8631910504413473 46
1634714700091 0.8633923513697892 47
1634714769926 0.8622270093314675 48
1634714838825 0.8605607536341063 49
1634714908033 0.8609459130772726 50
1634714976492 0.8617799997514577 51
1634715045190 0.861182706139565 52
1634715114611 0.8614906434146447 53
1634715183317 0.8554345340411635 54
1634715252385 0.860623658728879 55
1634715321113 0.8563659467723174 56
1634715389726 0.8611044926926968 57
1634715459235 0.8611954255763271 58
1634715528044 0.862573912941727 59
1634715598928 0.8611168124189806 60
1634715667894 0.8621721210504435 61
1634715736776 0.8640883251061187 62
1634715806732 0.8658586458918288 63
1634715876485 0.8604781814180159 64
1634715945742 0.8655826148028074 65
1634716014457 0.8667687992314806 66
1634716084292 0.8665645673774484 67
1634716153895 0.8617101889201322 68
1634716222677 0.8622957643995087 69
1634716291629 0.8615494778463416 70
1634716360745 0.8623934973324971 71
1634716429974 0.8620369155265658 72
1634716499652 0.861218877329807 73
1634716568302 0.8622130067002312 74
1634716637669 0.8613468079779546 75
1634716706666 0.8605858297856127 76
1634716775605 0.8613878758716232 77
1634716844929 0.8608467158782953 78
1634716913599 0.8614099660882563 79
1634716984908 0.862750939047459 80
1634717054021 0.8626967651190126 81
1634717123188 0.8627368673136357 82
1634717192531 0.8623538233121746 83
1634717261518 0.8617962377405329 84
1634717330578 0.8616021341999208 85
1634717399406 0.8619223915155136 86
1634717468431 0.8615031573556697 87
1634717537860 0.8631009489493199 88
1634717607042 0.8633131535226531 89
1634717676053 0.8626787789926018 90
1634717744973 0.8632006246252482 91
1634717813851 0.8631466993658323 92
1634717883541 0.867454995576934 93
1634717953522 0.8629049282512676 94
1634718023116 0.8626995863752869 95
1634718092443 0.8618619509926174 96
1634718161334 0.8606431205205411 97
1634718231040 0.8597395302817076 98
1634718300156 0.8602376974546229 99
