1634711523220 0.8899925111687502 1
1634711594009 0.8860595129559716 2
1634711663576 0.8787480735315006 3
1634711732304 0.8672954454253413 4
1634711801208 0.8652625633274981 5
1634711869675 0.8556919591455233 6
1634711938238 0.8463098755655087 7
1634712007519 0.8344561215659116 8
1634712076287 0.8267701048967202 9
1634712145017 0.8174669689557581 10
1634712213734 0.8078401519292389 11
1634712282046 0.8081783602549578 12
1634712351324 0.8091527254785464 13
1634712420161 0.8009371712072446 14
1634712488947 0.7979519692225471 15
1634712557874 0.7846037521520925 16
1634712626497 0.7879167923255599 17
1634712696105 0.7888258406812516 18
1634712764853 0.7899546412327335 19
1634712835837 0.7823708931622624 20
1634712904293 0.7921530247586289 21
1634712972939 0.7940718504060671 22
1634713042365 0.7993632696871638 23
1634713110829 0.8098122704729779 24
1634713180233 0.8126995456363821 25
1634713248869 0.8203091682480528 26
1634713317944 0.823305381850869 27
1634713387534 0.8317671542680287 28
1634713456482 0.8308755089124281 29
1634713525612 0.8397227491369256 30
1634713594416 0.843511417581935 31
1634713663248 0.8517303152541239 32
1634713732645 0.852508159130744 33
1634713801513 0.861114089557261 34
1634713870671 0.8654602226154305 35
1634713939472 0.8700989874072196 36
1634714008204 0.8744956862304524 37
1634714077560 0.8727097344773123 38
1634714146334 0.8778511019269687 39
1634714217267 0.8799685647107637 40
1634714286037 0.8836309879454504 41
1634714354853 0.8848456474586356 42
1634714424302 0.8838463202455686 43
1634714493489 0.885104842181593 44
1634714562228 0.8854378975000836 45
1634714631187 0.8856432441065798 46
1634714700090 0.8858640589005341 47
1634714769925 0.8845857500319668 48
1634714838824 0.8827579695476166 49
1634714908032 0.8831804658755796 50
1634714976491 0.8840954078906295 51
1634715045189 0.8834402133673801 52
1634715114610 0.8837780017048398 53
1634715183316 0.882236861320664 54
1634715252384 0.8828269725852499 55
1634715321112 0.8832585640614705 56
1634715389725 0.883354418004744 57
1634715459234 0.8834541658107669 58
1634715528043 0.8849662820534252 59
1634715598927 0.8833679319902084 60
1634715667893 0.8845255409481905 61
1634715736775 0.8866274994786505 62
1634715806731 0.8885694329935877 63
1634715876484 0.8877694336983338 64
1634715945741 0.8882666437887939 65
1634716014456 0.8895678154835119 66
1634716084291 0.8893437856436297 67
1634716153894 0.8891208704991245 68
1634716222676 0.8897632109484407 69
1634716291628 0.8889445802906298 70
1634716360744 0.8898704179922801 71
1634716429973 0.8894792695827122 72
1634716499651 0.8885819317648392 73
1634716568301 0.889672430819131 74
1634716637668 0.8887222638533686 75
1634716706665 0.8878875173668711 76
1634716775604 0.8887673128183622 77
1634716844928 0.8881736934379261 78
1634716913598 0.8887915444335464 79
1634716984907 0.8902625096694067 80
1634717054020 0.8902030841866719 81
1634717123187 0.8902470738389369 82
1634717192530 0.8898268980210077 83
1634717261517 0.8892152607868089 84
1634717330577 0.8890023410866478 85
1634717399405 0.8893536437542625 86
1634717468430 0.8888937695483112 87
1634717537859 0.8906464491025703 88
1634717607041 0.8908792245274001 89
1634717676052 0.8901833545071908 90
1634717744972 0.8907557872164712 91
1634717813850 0.8906966345084385 92
1634717883540 0.890320530862453 93
1634717953521 0.8904314263980742 94
1634718023115 0.8902061789320749 95
1634718092442 0.8892873442010852 96
1634718161333 0.8879503617954916 97
1634718231039 0.8869591786253425 98
1634718300155 0.8875056375139997 99
