1634711523222 3.533813772523173 1
1634711594012 3.562848851986548 2
1634711663578 3.6306079254860273 3
1634711732306 3.737510979107954 4
1634711801210 3.735119573565583 5
1634711869677 3.827714677928597 6
1634711938240 3.8693717491679487 7
1634712007522 3.9580579362682657 8
1634712076289 3.9933372923725683 9
1634712145020 4.045293681288676 10
1634712213736 4.1130711938995 11
1634712282048 4.083840025350784 12
1634712351326 4.037055608426944 13
1634712420164 4.099708467120357 14
1634712488950 4.089535655378592 15
1634712557877 4.201928191646064 16
1634712626500 4.212618395493792 17
1634712696108 4.190969874539448 18
1634712764856 4.1863538501911215 19
1634712835840 4.227362720272661 20
1634712904295 4.130346171241761 21
1634712972942 4.139668534658422 22
1634713042368 4.094555687474693 23
1634713110831 4.0200693179311155 24
1634713180235 4.001111823564727 25
1634713248872 3.9523237931562467 26
1634713317947 3.933715902562499 27
1634713387537 3.867654960159722 28
1634713456485 3.8758571222621065 29
1634713525615 3.808256531180149 30
1634713594419 3.787897485432989 31
1634713663250 3.710777079373411 32
1634713732647 3.744644017581911 33
1634713801516 3.6794289005818497 34
1634713870673 3.65604994144351 35
1634713939475 3.621397313284574 36
1634714008207 3.57171691263678 37
1634714077562 3.600156059049163 38
1634714146337 3.554941585106119 39
1634714217269 3.549121894101139 40
1634714286040 3.5376140096257243 41
1634714354856 3.494296280083568 42
1634714424305 3.5354082462231355 43
1634714493492 3.498869726071877 44
1634714562231 3.490303049717656 45
1634714631189 3.4787327385520563 46
1634714700092 3.4672354631632674 47
1634714769927 3.470422371262089 48
1634714838827 3.46073785739595 49
1634714908035 3.456154166245101 50
1634714976494 3.4528702355389282 51
1634715045192 3.4611978131883494 52
1634715114613 3.441040612885081 53
1634715183319 3.4639883012221224 54
1634715252387 3.453404969599012 55
1634715321114 3.4607125571812736 56
1634715389727 3.4399618088344175 57
1634715459237 3.4430822998665933 58
1634715528045 3.439528454725569 59
1634715598930 3.44752261104717 60
1634715667896 3.43734842068468 61
1634715736778 3.4421024297521186 62
1634715806733 3.455390216994503 63
1634715876487 3.477985491242918 64
1634715945743 3.4529994583383616 65
1634716014458 3.460554269827038 66
1634716084294 3.474168255078838 67
1634716153896 3.5024826089773913 68
1634716222679 3.522202648495942 69
1634716291630 3.551446389563266 70
1634716360746 3.528952490187997 71
1634716429976 3.5586988881172226 72
1634716499653 3.5610875325606246 73
1634716568303 3.550476955666346 74
1634716637671 3.5707183799096778 75
1634716706667 3.6020153084908766 76
1634716775606 3.580798722817915 77
1634716844930 3.596326805384076 78
1634716913601 3.5713725755227146 79
1634716984910 3.546228161855964 80
1634717054022 3.54527884407703 81
1634717123190 3.548492943400527 82
1634717192532 3.5552820862978964 83
1634717261519 3.5418293134251826 84
1634717330579 3.549740710467221 85
1634717399407 3.5450073805825437 86
1634717468432 3.565785302294654 87
1634717537862 3.532262970714909 88
1634717607044 3.53381767112642 89
1634717676055 3.5362692540685163 90
1634717744974 3.5199090177012766 91
1634717813853 3.5293577677839294 92
1634717883542 3.5110222439447445 93
1634717953524 3.5460108734337354 94
1634718023117 3.5552697685574395 95
1634718092444 3.55675260410857 96
1634718161335 3.573160659368784 97
1634718231042 3.575612354800698 98
1634718300157 3.5551673364372816 99
