1634711523220 0.8031331644173112 1
1634711594009 0.8019001214892834 2
1634711663576 0.7868376255876965 3
1634711732304 0.7712364177861057 4
1634711801208 0.7677280084223641 5
1634711869675 0.7559293727028077 6
1634711938238 0.7425513966786771 7
1634712007520 0.7277371589721341 8
1634712076287 0.7186708023016946 9
1634712145017 0.7063365319204442 10
1634712213734 0.6957066522190662 11
1634712282046 0.6958984868235725 12
1634712351324 0.6962565358644269 13
1634712420161 0.687056115216495 14
1634712488948 0.6829546471435822 15
1634712557875 0.6735735814364063 16
1634712626497 0.6725184435217824 17
1634712696106 0.6743806859042252 18
1634712764854 0.6761718056636141 19
1634712835838 0.6680161463064092 20
1634712904293 0.6792706048745707 21
1634712972940 0.682716175784836 22
1634713042366 0.68966305898412 23
1634713110829 0.7017681971975913 24
1634713180233 0.7058383971486306 25
1634713248870 0.7148254131349806 26
1634713317945 0.7189425166818283 27
1634713387535 0.7293514858140046 28
1634713456483 0.7287046806578613 29
1634713525613 0.7396809890502801 30
1634713594417 0.7440241724652716 31
1634713663248 0.7581840685198563 32
1634713732645 0.7554874080958919 33
1634713801513 0.7647362510044133 34
1634713870671 0.770950407557423 35
1634713939473 0.776473624699736 36
1634714008205 0.7859313215423334 37
1634714077560 0.7796422429345397 38
1634714146335 0.7857921428051928 39
1634714217267 0.788565303505196 40
1634714286038 0.7929885602354474 41
1634714354854 0.7993616314379789 42
1634714424303 0.7933525928299375 43
1634714493489 0.7994709709465602 44
1634714562229 0.7997056598011398 45
1634714631187 0.7998317659944812 46
1634714700090 0.8002672353656984 47
1634714769925 0.7989052669824738 48
1634714838825 0.7979116430243662 49
1634714908032 0.7978825596534267 50
1634714976492 0.7978649568840973 51
1634715045189 0.7972364605625015 52
1634715114611 0.7975944846793733 53
1634715183317 0.7913673518312082 54
1634715252384 0.7971891002108399 55
1634715321112 0.793170172569034 56
1634715389725 0.7987372278259199 57
1634715459234 0.7983119423764035 58
1634715528043 0.8001453714147778 59
1634715598928 0.7992760951456465 60
1634715667893 0.800286716189579 61
1634715736776 0.8023497715331258 62
1634715806731 0.804644468311426 63
1634715876485 0.7993453713893838 64
1634715945741 0.8051767306474864 65
1634716014456 0.8062550037142363 66
1634716084292 0.8061040751447919 67
1634716153894 0.8009020524620253 68
1634716222677 0.8019607431363112 69
1634716291628 0.801015479107706 70
1634716360744 0.8022497249542793 71
1634716429974 0.8019756237976288 72
1634716499651 0.8011714797580569 73
1634716568301 0.8020874701959317 74
1634716637669 0.8013916790582907 75
1634716706665 0.8003299505243358 76
1634716775604 0.8014119702148832 77
1634716844928 0.8014031996999212 78
1634716913599 0.8015672485252753 79
1634716984908 0.8034854956292232 80
1634717054020 0.8032731958982717 81
1634717123188 0.80337371157149 82
1634717192530 0.803009382778444 83
1634717261517 0.8020567761606544 84
1634717330577 0.8018484701740942 85
1634717399405 0.8021030468680308 86
1634717468430 0.8014945032178522 87
1634717537860 0.8034462307967274 88
1634717607042 0.8036171817053831 89
1634717676053 0.8029262094771055 90
1634717744972 0.8033383040026087 91
1634717813851 0.8032637354593061 92
1634717883540 0.8072024636489379 93
1634717953522 0.802718598334661 94
1634718023115 0.8020704744789768 95
1634718092442 0.8009854429334572 96
1634718161333 0.7992290967185602 97
1634718231040 0.7978781414377971 98
1634718300155 0.7981979205848881 99
