1634711523222 0.8964654479303944 1
1634711594011 0.8925759240904676 2
1634711663578 0.8839533419637557 3
1634711732306 0.8750596091131116 4
1634711801210 0.8731747356999355 5
1634711869677 0.866521957483915 6
1634711938240 0.8593047492197392 7
1634712007521 0.851441286967242 8
1634712076289 0.8464568163307744 9
1634712145019 0.8399358928112385 10
1634712213736 0.8344783907481397 11
1634712282048 0.8345691741735244 12
1634712351326 0.8347432677244797 13
1634712420163 0.8298520742543732 14
1634712488949 0.8276816143411929 15
1634712557876 0.8226970581284246 16
1634712626499 0.8222123895405113 17
1634712696107 0.823243730001416 18
1634712764855 0.8241777803730177 19
1634712835840 0.8197848559867821 20
1634712904295 0.8258953206299898 21
1634712972941 0.8278175718801043 22
1634713042368 0.8317053430172785 23
1634713110830 0.8383258538019359 24
1634713180235 0.8405044920569554 25
1634713248871 0.8455246712907504 26
1634713317946 0.8479481603895056 27
1634713387536 0.8537443304658797 28
1634713456484 0.856043216242833 29
1634713525614 0.8623120404799771 30
1634713594418 0.8650524831989287 31
1634713663250 0.8705830583420748 32
1634713732647 0.8717771062552606 33
1634713801515 0.8771786294882908 34
1634713870673 0.8808704581549313 35
1634713939474 0.8842782854847706 36
1634714008206 0.8898603465765617 37
1634714077562 0.8866892951603114 38
1634714146337 0.8904541051265994 39
1634714217269 0.8949863188287389 40
1634714286040 0.8975840478461177 41
1634714354855 0.8990961732667136 42
1634714424304 0.8986185821006382 43
1634714493491 0.8996002888656831 44
1634714562230 0.9003684859975118 45
1634714631189 0.9011747618448505 46
1634714700092 0.9016097091183239 47
1634714769927 0.9012422492666746 48
1634714838826 0.9009866350690835 49
1634714908034 0.9014282943137439 50
1634714976493 0.9012785783282676 51
1634715045191 0.9012028557354534 52
1634715114612 0.9011617840909765 53
1634715183318 0.9003249971972341 54
1634715252386 0.900707860911184 55
1634715321114 0.9007193982384392 56
1634715389726 0.9008210498739385 57
1634715459236 0.9004487744535203 58
1634715528045 0.901098550039439 59
1634715598930 0.9001271905632001 60
1634715667895 0.9007694229619827 61
1634715736777 0.9013251222728393 62
1634715806733 0.90190264983041 63
1634715876486 0.9008732514878591 64
1634715945743 0.9009710273918913 65
1634716014458 0.9015072898227866 66
1634716084293 0.9010548979925391 67
1634716153896 0.9001252985485432 68
1634716222678 0.9003904042998075 69
1634716291630 0.8969284906674406 70
1634716360746 0.8976089916088827 71
1634716429975 0.8970249557116788 72
1634716499653 0.8966172558163524 73
1634716568303 0.8968307131105148 74
1634716637670 0.8961749093656004 75
1634716706667 0.895401715388839 76
1634716775606 0.8961491468043047 77
1634716844930 0.896229895868357 78
1634716913600 0.896633684852805 79
1634716984909 0.8978396179397048 80
1634717054022 0.8983514026656301 81
1634717123189 0.8985758087455252 82
1634717192532 0.8986001805512873 83
1634717261519 0.8985149811666433 84
1634717330579 0.8983389887552504 85
1634717399407 0.8988972243217888 86
1634717468432 0.8984546002114143 87
1634717537861 0.9000908019714917 88
1634717607043 0.8998695221032762 89
1634717676054 0.8995155845652891 90
1634717744974 0.9000108252348897 91
1634717813852 0.8996215695503406 92
1634717883542 0.8988919000161988 93
1634717953523 0.8986808049003338 94
1634718023117 0.9006487280269613 95
1634718092444 0.8972438839222567 96
1634718161335 0.8957742718544224 97
1634718231041 0.8950341376742392 98
1634718300157 0.8951822396375914 99
