1634711523218 0.8486280457838297 1
1634711594007 0.8333422229320656 2
1634711663574 0.805754474793565 3
1634711732302 0.781596532610974 4
1634711801206 0.7770420548232442 5
1634711869673 0.7609069262418454 6
1634711938236 0.7443561105403776 7
1634712007518 0.7264021227601457 8
1634712076285 0.7159523819911119 9
1634712145015 0.7012636316971921 10
1634712213732 0.68905857004548 11
1634712282044 0.6897906559538114 12
1634712351322 0.690711868546149 13
1634712420159 0.6802129115864046 14
1634712488946 0.6757966335402985 15
1634712557872 0.6650568951266966 16
1634712626495 0.6638024931891781 17
1634712696103 0.6665488604780151 18
1634712764852 0.6688794034460654 19
1634712835836 0.6599073068846647 20
1634712904291 0.6734138563455938 21
1634712972938 0.6775150160155032 22
1634713042364 0.6865131628082369 23
1634713110827 0.7014664007119851 24
1634713180231 0.7067217661011691 25
1634713248867 0.7184111198038144 26
1634713317942 0.7237782846640952 27
1634713387533 0.73815510455648 28
1634713456481 0.7421626688820812 29
1634713525610 0.7587221796870035 30
1634713594415 0.764751089702289 31
1634713663246 0.7830417917600739 32
1634713732643 0.7832200809451445 33
1634713801511 0.7958854477930526 34
1634713870669 0.8066947421418589 35
1634713939470 0.8159211077085744 36
1634714008203 0.8331682485924002 37
1634714077558 0.8238332865030445 38
1634714146333 0.8348161286860902 39
1634714217265 0.8443272440563094 40
1634714286036 0.8555004107378782 41
1634714354851 0.8648903380674745 42
1634714424300 0.8625767158289459 43
1634714493487 0.8710404690470582 44
1634714562227 0.8761067729493652 45
1634714631185 0.8822104997975931 46
1634714700088 0.8862751622125543 47
1634714769923 0.89083915740266 48
1634714838823 0.8952018671656613 49
1634714908030 0.8982096728048607 50
1634714976489 0.8973445258986781 51
1634715045187 0.8983921697045333 52
1634715114608 0.9002408371851325 53
1634715183314 0.895337833086479 54
1634715252382 0.9022067095281174 55
1634715321110 0.896407855073039 56
1634715389723 0.8998126758083332 57
1634715459232 0.8997952909417412 58
1634715528041 0.8989062821155683 59
1634715598926 0.8975260481203852 60
1634715667891 0.8975512821316954 61
1634715736774 0.894433513648403 62
1634715806729 0.8905206699557503 63
1634715876482 0.8832483519403662 64
1634715945739 0.8836376751396982 65
1634716014454 0.8841646409303502 66
1634716084289 0.8810891740144267 67
1634716153892 0.8703012815049889 68
1634716222674 0.8685228678586836 69
1634716291626 0.8594544236500306 70
1634716360742 0.8606565702914972 71
1634716429972 0.85545589575045 72
1634716499649 0.8518711456344633 73
1634716568299 0.8524520511194412 74
1634716637667 0.8509003386317584 75
1634716706663 0.8456783391941763 76
1634716775602 0.8489580776290044 77
1634716844926 0.8485779922358657 78
1634716913597 0.8531459563423329 79
1634716984906 0.8561281776863509 80
1634717054018 0.8621902343326542 81
1634717123185 0.8629284517740053 82
1634717192528 0.8640060821800347 83
1634717261515 0.8676592580057252 84
1634717330575 0.8671425476425263 85
1634717399403 0.869253327271451 86
1634717468428 0.8666566233371474 87
1634717537858 0.8735090851308726 88
1634717607040 0.8703892120491707 89
1634717676050 0.8710220700162401 90
1634717744970 0.8728207828193622 91
1634717813848 0.8689282992228209 92
1634717883538 0.8712097680269536 93
1634717953519 0.8617127698613871 94
1634718023113 0.8642262689337523 95
1634718092440 0.855261589417188 96
1634718161331 0.8490451765773138 97
1634718231038 0.8476999306831738 98
1634718300153 0.8462955968095737 99
