1634711523219 0.914021400245098 1
1634711594008 0.9280082808096863 2
1634711663575 0.9372666766670896 3
1634711732303 0.945775988808622 4
1634711801207 0.9468966537610507 5
1634711869674 0.9508125569085099 6
1634711938237 0.9537614372204968 7
1634712007518 0.9568826128145439 8
1634712076286 0.957784017087377 9
1634712145016 0.9601617739198067 10
1634712213733 0.9618630560844141 11
1634712282045 0.9610949530897827 12
1634712351323 0.9602758027478615 13
1634712420160 0.9614084494681072 14
1634712488946 0.9615309810448265 15
1634712557873 0.9628118949371836 16
1634712626496 0.9631294400036242 17
1634712696104 0.9620627476687629 18
1634712764852 0.9613759486653961 19
1634712835836 0.9618145791366621 20
1634712904291 0.9596454205619294 21
1634712972938 0.9591216194118928 22
1634713042364 0.9570657332411454 23
1634713110828 0.9543321288240353 24
1634713180232 0.9530475972790157 25
1634713248868 0.9504587867734154 26
1634713317943 0.9494844228277128 27
1634713387533 0.9453948507659485 28
1634713456481 0.9441557470808837 29
1634713525611 0.9384971156117246 30
1634713594415 0.9373241547108669 31
1634713663247 0.9325434542846542 32
1634713732644 0.9302023165504275 33
1634713801512 0.9273098339529489 34
1634713870670 0.9225135633149759 35
1634713939471 0.9190347646346084 36
1634714008203 0.9148670546962725 37
1634714077558 0.9142905889081644 38
1634714146333 0.909530038868682 39
1634714217266 0.9075410601389402 40
1634714286036 0.8999726697774315 41
1634714354852 0.8971049294969464 42
1634714424301 0.8930701484145814 43
1634714493488 0.8904355910610449 44
1634714562227 0.8854307511896894 45
1634714631185 0.879930419332149 46
1634714700089 0.8757342371087112 47
1634714769924 0.8695993964087495 48
1634714838823 0.8642184934229021 49
1634714908031 0.861270146440056 50
1634714976490 0.8620477558473465 51
1634715045188 0.8604099251061661 52
1634715114609 0.8587300718324974 53
1634715183315 0.8573463738530964 54
1634715252383 0.8561812550345337 55
1634715321111 0.8580723421296221 56
1634715389724 0.8602436537528224 57
1634715459233 0.8595200652996416 58
1634715528042 0.8624667058725178 59
1634715598926 0.8624486599065567 60
1634715667892 0.8640379584541961 61
1634715736774 0.8693600327869359 62
1634715806730 0.8759556620023656 63
1634715876483 0.8775794646027337 64
1634715945740 0.8833138207370479 65
1634716014455 0.8839631168341475 66
1634716084290 0.8868402639652976 67
1634716153893 0.8926495660089955 68
1634716222675 0.8958936100965169 69
1634716291626 0.89955086754264 70
1634716360742 0.9000189345231792 71
1634716429972 0.9051137105250799 72
1634716499650 0.9082131763226186 73
1634716568300 0.9085018439457351 74
1634716637667 0.9089817482557778 75
1634716706664 0.9136634753220366 76
1634716775603 0.9111122607356237 77
1634716844927 0.9117789393214182 78
1634716913597 0.9069922185529845 79
1634716984906 0.9061840328297922 80
1634717054019 0.8995196855986916 81
1634717123186 0.8991065864708474 82
1634717192529 0.8974189125242465 83
1634717261516 0.8926322296705507 84
1634717330576 0.8927265566828751 85
1634717399404 0.8911453688412202 86
1634717468429 0.8930508106425665 87
1634717537858 0.8883172340436774 88
1634717607040 0.891870672206196 89
1634717676051 0.8899859225017022 90
1634717744971 0.8887729830908433 91
1634717813849 0.8928292775199748 92
1634717883539 0.8940057615228756 93
1634717953520 0.8998604544723778 94
1634718023114 0.9008576559753394 95
1634718092441 0.904381929496828 96
1634718161332 0.9087305760236475 97
1634718231038 0.9084081053166599 98
1634718300154 0.9107206519093879 99
