1634711523221 0.939240825019355 1
1634711594011 0.9428407646377447 2
1634711663577 0.9435385210277327 3
1634711732305 0.9423380472436126 4
1634711801209 0.9416455401997732 5
1634711869676 0.9403901062236066 6
1634711938239 0.938902281704882 7
1634712007521 0.9374460930342476 8
1634712076288 0.9362851842840421 9
1634712145018 0.933752741495849 10
1634712213735 0.9340552745011752 11
1634712282047 0.9348560177069135 12
1634712351325 0.9358836775444456 13
1634712420162 0.9347230695648608 14
1634712488949 0.934635917258743 15
1634712557876 0.9334495004254335 16
1634712626498 0.9336073169871983 17
1634712696107 0.9349572744421405 18
1634712764855 0.9355982652004421 19
1634712835839 0.934625743767796 20
1634712904294 0.9377600345155236 21
1634712972941 0.9383134177719308 22
1634713042367 0.9410465179640356 23
1634713110830 0.9432490636861424 24
1634713180234 0.9436481894957622 25
1634713248871 0.9451577064726332 26
1634713317946 0.945818759694422 27
1634713387536 0.9469951245685648 28
1634713456484 0.9472398689678695 29
1634713525614 0.9476435384570651 30
1634713594418 0.9480515637459129 31
1634713663249 0.9480547329585381 32
1634713732646 0.9475695725028801 33
1634713801514 0.9476096545091844 34
1634713870672 0.9466536954502166 35
1634713939474 0.9461706257477843 36
1634714008206 0.9452593908837282 37
1634714077561 0.9450591503178025 38
1634714146336 0.9437900589982086 39
1634714217268 0.9435410349315031 40
1634714286039 0.940653683210329 41
1634714354855 0.9399662758997209 42
1634714424304 0.9383363093939587 43
1634714493490 0.9373961360067703 44
1634714562230 0.9355546453710056 45
1634714631188 0.9334666797712772 46
1634714700091 0.93159019425898 47
1634714769926 0.9289267504204457 48
1634714838826 0.9263440591199494 49
1634714908033 0.9252069696601457 50
1634714976493 0.9255668346396342 51
1634715045190 0.9248400664340772 52
1634715114612 0.9239868555336779 53
1634715183318 0.9233056634353674 54
1634715252385 0.9226046930106284 55
1634715321113 0.9232849941951683 56
1634715389726 0.9240780977299856 57
1634715459236 0.9235941377262863 58
1634715528045 0.9248300405164229 59
1634715598929 0.9245626203480772 60
1634715667894 0.9252255457591703 61
1634715736777 0.9273697601528404 62
1634715806732 0.9298855482402791 63
1634715876486 0.930125823290393 64
1634715945742 0.9321038680395324 65
1634716014457 0.932379130492945 66
1634716084293 0.933315808698488 67
1634716153895 0.9351658134565207 68
1634716222678 0.9361109333487065 69
1634716291629 0.9371538399099117 70
1634716360745 0.9372126205374736 71
1634716429975 0.938827219938521 72
1634716499652 0.940140547884053 73
1634716568302 0.9397625426168992 74
1634716637670 0.9396797563674558 75
1634716706666 0.9407814709975029 76
1634716775605 0.9404444881754861 77
1634716844929 0.9406683027896401 78
1634716913600 0.9392881725532553 79
1634716984909 0.9390409429182907 80
1634717054021 0.937149521067134 81
1634717123189 0.9370016973627295 82
1634717192531 0.9364672672417452 83
1634717261518 0.9349561484821943 84
1634717330578 0.9348751402669933 85
1634717399406 0.9345114475762282 86
1634717468431 0.9353356374537463 87
1634717537861 0.934026917228002 88
1634717607043 0.9350930834606885 89
1634717676054 0.9345449751512334 90
1634717744973 0.9342893746700599 91
1634717813852 0.9357148562102118 92
1634717883541 0.9357510055889503 93
1634717953523 0.9377578167020798 94
1634718023116 0.9380207624932809 95
1634718092443 0.9392382558078707 96
1634718161334 0.9404079098558262 97
1634718231041 0.9402255205563904 98
1634718300156 0.9408810802531068 99
