1634711523219 0.9654993228558487 1
1634711594008 0.9592206961977079 2
1634711663575 0.9515886014093339 3
1634711732303 0.9409743895970464 4
1634711801207 0.9389370067073882 5
1634711869674 0.9323882565895376 6
1634711938237 0.9269155196012363 7
1634712007519 0.9211167194497489 8
1634712076286 0.9178403359539016 9
1634712145016 0.9109951741289296 10
1634712213733 0.9097760211176378 11
1634712282045 0.9121704870271476 12
1634712351323 0.9153118604059662 13
1634712420160 0.9117626147651996 14
1634712488947 0.9117327203490312 15
1634712557874 0.9078782701006098 16
1634712626496 0.9078942003431412 17
1634712696105 0.9114865754096304 18
1634712764853 0.9133173261047549 19
1634712835837 0.9109668072904205 20
1634712904292 0.9193172148379612 21
1634712972939 0.9205104520405828 22
1634713042365 0.9278064484810841 23
1634713110828 0.9349916660803687 24
1634713180232 0.9366988690798325 25
1634713248868 0.9422195357792365 26
1634713317944 0.9442513593024408 27
1634713387534 0.9504869046155375 28
1634713456482 0.9521207751990519 29
1634713525612 0.9583378605274869 30
1634713594416 0.9601303901096837 31
1634713663247 0.9647991606090729 32
1634713732644 0.9657273708105059 33
1634713801512 0.968874445631592 34
1634713870670 0.971333279713852 35
1634713939472 0.9738921595781042 36
1634714008204 0.9762075735432482 37
1634714077559 0.9762505969859644 38
1634714146334 0.978404895886893 39
1634714217266 0.979709005306118 40
1634714286037 0.9815165387234582 41
1634714354852 0.9830661733001254 42
1634714424302 0.9836623379789476 43
1634714493488 0.9845252089483073 44
1634714562228 0.9858000698861928 45
1634714631186 0.9871031065871367 46
1634714700089 0.9875253717756426 47
1634714769924 0.9883138291907262 48
1634714838824 0.9885364968736055 49
1634714908031 0.9891836919085414 50
1634714976490 0.9891190135526918 51
1634715045188 0.9892991298603073 52
1634715114610 0.9893242274039927 53
1634715183316 0.989305027983248 54
1634715252383 0.9891155155570938 55
1634715321111 0.9885242144917282 56
1634715389724 0.9880288868190812 57
1634715459233 0.9878422337740276 58
1634715528042 0.9874150368203187 59
1634715598927 0.986886288171659 60
1634715667892 0.9866227789181581 61
1634715736775 0.9856472273132385 62
1634715806730 0.9841752770571657 63
1634715876484 0.9829860094312719 64
1634715945740 0.9813419761970189 65
1634716014455 0.9812874898345451 66
1634716084291 0.9802972526318394 67
1634716153893 0.9782858490402817 68
1634716222676 0.9769615909729007 69
1634716291627 0.9752174215111358 70
1634716360743 0.9751274902449819 71
1634716429973 0.9732316103144312 72
1634716499650 0.9727025592229095 73
1634716568300 0.9717981159124144 74
1634716637668 0.9709619743635778 75
1634716706664 0.968451675442739 76
1634716775603 0.9704249497612333 77
1634716844927 0.9701386661849404 78
1634716913598 0.9722258516465692 79
1634716984907 0.9725454206913141 80
1634717054019 0.9753168023255135 81
1634717123186 0.9754086715409134 82
1634717192529 0.9757931048798891 83
1634717261516 0.9775871043574905 84
1634717330576 0.9772975397752894 85
1634717399404 0.978267637756899 86
1634717468429 0.9776966386398506 87
1634717537859 0.9799674316989708 88
1634717607041 0.9786837630810407 89
1634717676051 0.9793521957108565 90
1634717744971 0.9801188825289987 91
1634717813850 0.9789488241858448 92
1634717883539 0.9780783539742332 93
1634717953520 0.976150469786879 94
1634718023114 0.975820709532773 95
1634718092441 0.9747291693700493 96
1634718161332 0.9726370158630246 97
1634718231039 0.972590491187356 98
1634718300154 0.9718327704205104 99
