1634711520036 -0.11997465963487501 0
1634711591175 -0.12085914689225036 0
1634711660852 -0.13220568910821692 0
1634711729594 -0.11561767621473833 0
1634711798335 -0.1201748615735537 0
1634711866952 -0.10538710208682271 0
1634711935507 -0.10288843086787633 0
1634712004816 -0.0980167311507386 0
1634712073578 -0.08385629506854268 0
1634712142276 -0.0821341589673773 0
1634712210863 -0.06376051747953737 0
1634712279332 -0.05534293376780176 0
1634712348584 -0.045420857412474494 0
1634712417400 -0.03119503135805006 0
1634712486149 -0.02185061409488901 0
1634712555155 -0.016815864323795615 0
1634712623763 -0.011564962940846945 0
1634712693396 -0.004273835726856411 0
1634712762134 0.002299616705964912 0
1634712830959 0.009100583781089102 0
1634712901494 0.018852423924904365 0
1634712970203 0.02890570568186896 0
1634713039614 0.038887274149176365 0
1634713108089 0.04370478666447974 0
1634713177420 0.05525319916861398 0
1634713246120 0.051612783949096484 0
1634713315199 0.062453411229245075 0
1634713384780 0.07078067900298478 0
1634713453724 0.06827676876798852 0
1634713522873 0.07640960657751406 0
1634713591617 0.07260943117079796 0
1634713660488 0.06987328537098773 0
1634713729892 0.08067817192573051 0
1634713798770 0.07350330732085487 0
1634713867857 0.07961178987057178 0
1634713936712 0.07313783292646532 0
1634714005456 0.07079716897630073 0
1634714074779 0.07388533516363664 0
1634714143564 0.06281894135784793 0
1634714212411 0.06823915359261748 0
1634714283247 0.06234691127554163 0
1634714352004 0.06064842892931653 0
1634714421511 0.06433103494829946 0
1634714490679 0.061223925321133105 0
1634714559424 0.06133101957959014 0
1634714628374 0.051544240155777375 0
1634714697287 0.05315359052899596 0
1634714767046 0.04695252687126011 0
1634714836009 0.040534895058576166 0
1634714905227 0.039227467078667186 0
1634714973696 0.032465614862256235 0
1634715042366 0.03263861908541097 0
1634715111803 0.03089105850690371 0
1634715180528 0.027034079583434314 0
1634715249567 0.022776854309168728 0
1634715318306 0.014828008539103842 0
1634715386920 0.018078868894220945 0
1634715456354 0.01912710556833001 0
1634715525231 0.011858259702657725 0
1634715593988 0.009539764350304356 0
1634715665040 0.009880197101405688 0
1634715733932 0.004259997894140807 0
1634715803890 -0.0007253355080527919 0
1634715873639 -0.004516337248315285 0
1634715942894 -0.0063147789060875965 0
1634716011610 -0.006652004448334118 0
1634716081406 -0.010433447051357913 0
1634716151068 -0.011637198000952795 0
1634716219814 -0.009223971032090002 0
1634716288793 -0.007074048041136234 0
1634716357823 -0.004812139243661583 0
1634716427126 -0.002876821911422076 0
1634716496823 -0.0010523130367328594 0
1634716565474 -0.00029551244473883083 0
1634716634832 0.0023281278342685914 0
1634716703830 0.003130711367136085 0
1634716772768 0.009075310734378826 0
1634716842083 0.019439667656824186 0
1634716910772 0.02100528021911522 0
1634716979950 0.029136257415468044 0
1634717051115 0.02858295330366531 0
1634717120334 0.03044350871018001 0
1634717189650 0.03019677054185372 0
1634717258587 0.029976657265192504 0
1634717327713 0.029853187985234446 0
1634717396534 0.02701086076823148 0
1634717465534 0.02338982199306612 0
1634717534975 0.025211949530359986 0
1634717604176 0.01813410164473893 0
1634717673188 0.015324694189158354 0
1634717742080 0.00916851016801673 0
1634717810972 0.0032738684071832664 0
1634717880661 0.0031175929659904983 0
1634717950522 0.0029124946079470897 0
1634718020234 0.0020451482518443038 0
1634718089559 0.004191896158524535 0
1634718158317 0.004918906861891994 0
1634718228163 0.008661843642785952 0
1634718297286 0.012580702686077588 0
