1634711520036 2.5033706531122135 0
1634711591176 0.9342908363837701 0
1634711660853 0.9626058297014082 0
1634711729595 0.8151002772539467 0
1634711798336 0.8247186434636642 0
1634711866953 0.7129078369539279 0
1634711935508 0.6817450694643058 0
1634712004817 0.8151272266329109 0
1634712073579 0.9911315008610874 0
1634712142277 0.6398324202504251 0
1634712210864 0.7673119674255322 0
1634712279333 0.8415657217045883 0
1634712348585 0.7104684891929101 0
1634712417401 0.6703317040069536 0
1634712486150 0.5796638665019305 0
1634712555156 0.6619029043653568 0
1634712623764 0.60654644513285 0
1634712693397 0.48549606796208916 0
1634712762135 0.5345197953283787 0
1634712830960 0.5346465470728936 0
1634712901495 0.4721700157244484 0
1634712970204 0.5225389614798032 0
1634713039615 0.4067641170090669 0
1634713108091 0.45037377006434776 0
1634713177421 0.4061620886159408 0
1634713246121 0.3950813885826569 0
1634713315200 0.3921466176579525 0
1634713384781 0.4043326274818414 0
1634713453725 0.48601016194208874 0
1634713522874 0.434978680249739 0
1634713591618 0.41114907958484315 0
1634713660488 0.34156931864170287 0
1634713729892 0.4560376230578918 0
1634713798771 0.4490420288079745 0
1634713867858 0.3864588011298087 0
1634713936713 0.4120469664695201 0
1634714005457 0.6685979442743512 0
1634714074780 0.5455954816531051 0
1634714143565 0.8051393450080574 0
1634714212412 0.7666843349670435 0
1634714283249 0.6417586125626966 0
1634714352005 0.5116921134002796 0
1634714421512 0.5519097639949291 0
1634714490680 0.549826001675872 0
1634714559425 0.5003617880986883 0
1634714628375 0.3888442117672462 0
1634714697288 0.4975007631658734 0
1634714767047 0.4706446871451743 0
1634714836010 0.5461241697723215 0
1634714905228 0.5050421236203863 0
1634714973697 0.2485183080198703 0
1634715042367 0.2134235208587987 0
1634715111804 0.29743508849438133 0
1634715180529 0.24452570003348512 0
1634715249568 0.20993381414514084 0
1634715318307 0.16845197980473567 0
1634715386921 0.19362704325225447 0
1634715456355 0.15939568166995977 0
1634715525232 0.05470406293094932 0
1634715593989 0.14602917123150516 0
1634715665041 0.037034993580022414 0
1634715733933 -0.0025017866985751437 0
1634715803891 0.04336549936757459 0
1634715873640 0.04453182752643313 0
1634715942895 0.010030563908641214 0
1634716011611 0.040495485599551885 0
1634716081407 -0.041393674861688115 0
1634716151069 0.006808876023664103 0
1634716219815 -0.02493492707416609 0
1634716288794 0.010582730464346997 0
1634716357824 -0.026899634679029515 0
1634716427127 -0.09704177226726111 0
1634716496824 -0.029310308711288813 0
1634716565475 -0.06880886313299854 0
1634716634833 -0.042635569300550916 0
1634716703831 -0.04752951887037073 0
1634716772769 -0.0622232590693158 0
1634716842084 -0.080653352300068 0
1634716910773 -0.0887010358757787 0
1634716979951 -0.09945212531979981 0
1634717051116 -0.06651822235677149 0
1634717120335 -0.13661386174234477 0
1634717189651 -0.056948398953521405 0
1634717258589 -0.0965017769727614 0
1634717327713 -0.13395374461814955 0
1634717396535 -0.12724285582443337 0
1634717465535 -0.06741565582040068 0
1634717534976 -0.1264312658217046 0
1634717604177 -0.125358047713707 0
1634717673188 -0.11953587813133543 0
1634717742081 -0.11001656335089113 0
1634717810973 -0.1450561329528883 0
1634717880662 -0.16245121934584209 0
1634717950523 -0.16251978728097755 0
1634718020235 -0.1694804893975908 0
1634718089560 -0.14578097279776225 0
1634718158318 -0.17609046980158075 0
1634718228164 -0.169558673710018 0
1634718297287 -0.14889300827469146 0
