1634729253135 0.8732538267623546 1
1634729322401 0.8254826035610465 2
1634729391970 0.7099089866460756 3
1634729461092 0.6861421806867732 4
1634729530500 0.7111989575763081 5
1634729599720 0.7111041401707849 6
1634729668525 0.7270862668059593 7
1634729738268 0.7322055550508721 8
1634729807461 0.7350801689680233 9
1634729876845 0.7141527752543605 10
1634729946170 0.7131435660428779 11
1634730015193 0.6957210097202035 12
1634730084914 0.6700280477834303 13
1634730154344 0.6786283271257267 14
1634730223524 0.6826171875 15
1634730292926 0.6942115961119186 16
1634730362251 0.7016607240188953 17
1634730432472 0.6945636128270349 18
1634730501626 0.678661257721657 19
1634730573321 0.6750070971111919 20
1634730642651 0.662915890715843 21
1634730711800 0.6727286405341569 22
1634730781631 0.6719045239825582 23
1634730856995 0.6693964048873546 24
1634730926970 0.6662387581758721 25
1634730999266 0.7011420671329942 26
