1634729253139 0.7080577037655219 1
1634729322405 0.5819483952181064 2
1634729391974 0.36550511764369487 3
1634729461096 0.23243837650497157 4
1634729530504 0.20050741704852748 5
1634729599724 0.11837272418079457 6
1634729668530 0.11396810528260441 7
1634729738272 0.09857898475266608 8
1634729807465 0.05569224741214227 9
1634729876850 0.03385349053610475 10
1634729946174 0.021410254694301224 11
1634730015197 0.0053467192256843755 12
1634730084918 0.009502130522440984 13
1634730154348 0.008922365564427477 14
1634730223528 0.008850526915111973 15
1634730292930 0.008267224810670493 16
1634730362255 0.008670517640171386 17
1634730432476 0.008843189099356549 18
1634730501630 0.01040538307975325 19
1634730573325 0.011133985557231189 20
1634730642655 0.013207932112967408 21
1634730711804 0.012314490312285561 22
1634730781636 0.015131734436224844 23
1634730856999 0.019770601331106866 24
1634730926974 0.01841104708068234 25
1634730999273 0.027010196091587405 26
