1634729253138 0.7132949813615516 1
1634729322404 0.6097406343750906 2
1634729391973 0.37163434491613334 3
1634729461095 0.24107663793250697 4
1634729530503 0.20155323952479104 5
1634729599723 0.11783987788377305 6
1634729668529 0.11308111877266307 7
1634729738270 0.09694182687789497 8
1634729807464 0.06078087915538369 9
1634729876849 0.02822727521530759 10
1634729946173 0.018728091793343612 11
1634730015196 0.017685302054186783 12
1634730084917 0.024832334817257423 13
1634730154347 0.048332031386942496 14
1634730223527 0.050159071486059664 15
1634730292929 0.04319185190523089 16
1634730362254 0.043208064631842416 17
1634730432475 0.039186332885289485 18
1634730501629 0.044184191505248174 19
1634730573324 0.04099432043543251 20
1634730642654 0.04972176768345926 21
1634730711803 0.047074726204039886 22
1634730781634 0.05240285822763586 23
1634730856998 0.04780410714982318 24
1634730926973 0.04415485257233885 25
1634730999271 0.047129334898934234 26
