1634729253141 4.965051480030797 1
1634729322407 6.0130017546241055 2
1634729391975 7.329225970670727 3
1634729461097 7.42320047198247 4
1634729530505 7.078401781122235 5
1634729599726 7.02923912665035 6
1634729668531 6.902150999422009 7
1634729738273 6.978758581926387 8
1634729807467 7.234998159819646 9
1634729876851 7.642956400208334 10
1634729946175 7.807701183395719 11
1634730015199 8.200232587427626 12
1634730084919 8.358773731173796 13
1634730154350 8.324933084875902 14
1634730223529 8.306639840832958 15
1634730292932 8.2875481785302 16
1634730362257 8.26403139579424 17
1634730432478 8.286642840211236 18
1634730501632 8.3403446359752 19
1634730573327 8.415339435742643 20
1634730642657 8.481736518748983 21
1634730711806 8.387602557608647 22
1634730781637 8.369806916752777 23
1634730857000 8.282874485244959 24
1634730926975 8.365686968196997 25
1634730999276 8.01417164706879 26
