1634729253138 0.5886073202176724 1
1634729322405 0.459326974962986 2
1634729391973 0.246499568314794 3
1634729461095 0.1427812650189386 4
1634729530503 0.1221789160752561 5
1634729599724 0.06933598905486496 6
1634729668529 0.06667899862893203 7
1634729738271 0.057724231205905946 8
1634729807465 0.029494423738248222 9
1634729876849 0.021979929386171944 10
1634729946173 0.015593779154321233 11
1634730015197 0.0028263831979964942 12
1634730084917 0.007334509311290411 13
1634730154348 0.007051601591587359 14
1634730223527 0.007016157782640643 15
1634730292930 0.0066874680067822954 16
1634730362255 0.00686472893346283 17
1634730432475 0.006982608397229855 18
1634730501629 0.007882647258360014 19
1634730573325 0.008247033353432656 20
1634730642655 0.009410417845994294 21
1634730711803 0.008942884337007259 22
1634730781635 0.010599150476333632 23
1634730856998 0.013266293497693026 24
1634730926973 0.012416576604772156 25
1634730999272 0.016933849427842613 26
