1634729253136 0.5728274578216969 1
1634729322402 0.45627103721889867 2
1634729391971 0.3242970198152333 3
1634729461093 0.23805331943675226 4
1634729530501 0.22943512996524532 5
1634729599722 0.15884492881444648 6
1634729668527 0.1653075099763978 7
1634729738269 0.1573292285552884 8
1634729807462 0.12282013915386478 9
1634729876847 0.08044164612305661 10
1634729946171 0.0615387746698855 11
1634730015194 0.02704755242923935 12
1634730084915 0.01852024624699983 13
1634730154345 0.004641604955120761 14
1634730223525 0.0048551863496163776 15
1634730292927 0.004253556179821597 16
1634730362253 0.004799684016017469 17
1634730432473 0.00507442724241503 18
1634730501627 0.006899783094122653 19
1634730573323 0.008018069178510992 20
1634730642653 0.010434174594104239 21
1634730711801 0.00946301450303834 22
1634730781633 0.01346692031353478 23
1634730856996 0.020308293724699042 24
1634730926971 0.019017902028390953 25
1634730999268 0.052180283942240085 26
