1634729253140 0.7770476287822332 1
1634729322406 0.7237574380829773 2
1634729391975 0.5368275701398108 3
1634729461097 0.40297695625748603 4
1634729530505 0.34950738220303945 5
1634729599725 0.2630075580693571 6
1634729668531 0.2602247592587235 7
1634729738272 0.2452173651985628 8
1634729807466 0.20953507786499947 9
1634729876851 0.17448339718648723 10
1634729946174 0.1592715289041588 11
1634730015198 0.17687364672022718 12
1634730084919 0.23822093136452646 13
1634730154349 0.2764087808862875 14
1634730223529 0.3064009949935042 15
1634730292931 0.3225411090951862 16
1634730362256 0.3261409500007846 17
1634730432477 0.3187895119095757 18
1634730501631 0.31553902603374373 19
1634730573326 0.30988913020668574 20
1634730642656 0.30345913769958094 21
1634730711805 0.3062963054977687 22
1634730781637 0.30054731146983116 23
1634730857000 0.29690488452851177 24
1634730926975 0.28771257419870344 25
1634730999275 0.30258452439943906 26
