1634729253137 0.9673074480698832 1
1634729322403 0.9599327470449155 2
1634729391972 0.603601165828149 3
1634729461094 0.38710992994059196 4
1634729530501 0.2752502484673993 5
1634729599722 0.15533025884757592 6
1634729668528 0.13995346635083739 7
1634729738269 0.11550457059694949 8
1634729807463 0.07326232761264055 9
1634729876847 0.04434424353156288 10
1634729946172 0.027412606390733726 11
1634730015195 0.015384568067184867 12
1634730084916 0.014213580333931839 13
1634730154346 0.012734780890833875 14
1634730223526 0.012834312720118795 15
1634730292928 0.010447783709346297 16
1634730362253 0.01223533597498399 17
1634730432474 0.012388386082358418 18
1634730501628 0.019989090784732245 19
1634730573323 0.022814903980601365 20
1634730642653 0.028532561781250586 21
1634730711802 0.024704742280411435 22
1634730781633 0.0306314468920319 23
1634730856997 0.04375624313471948 24
1634730926972 0.04055065094492082 25
1634730999269 0.059505987818282174 26
