1634729253139 0.8829595928591355 1
1634729322406 0.856088917511779 2
1634729391974 0.6799113814902102 3
1634729461096 0.5828266868891114 4
1634729530504 0.5532902167633371 5
1634729599725 0.5078089260460484 6
1634729668530 0.5129867332554602 7
1634729738272 0.5071451917345506 8
1634729807466 0.4943332438790843 9
1634729876850 0.47435862323382677 10
1634729946174 0.4686351849092569 11
1634730015198 0.45607986541423146 12
1634730084918 0.4435595873027144 13
1634730154349 0.44875058999891815 14
1634730223528 0.45165177415475766 15
1634730292931 0.4568151701295266 16
1634730362256 0.4603363827516469 17
1634730432476 0.45706947152511235 18
1634730501630 0.4520582135700863 19
1634730573326 0.45156549063437895 20
1634730642656 0.447625847741014 21
1634730711805 0.4510429044774572 22
1634730781636 0.45227016440437184 23
1634730856999 0.4560304912372435 24
1634730926974 0.4528988692111052 25
1634730999274 0.4791115404181637 26
