1634729253137 0.8090073897224157 1
1634729322404 0.7626779920663788 2
1634729391972 0.7645453373012591 3
1634729461094 0.7846950119479974 4
1634729530502 0.8360473467818499 5
1634729599723 0.8645002780488086 6
1634729668528 0.8892291200965038 7
1634729738270 0.9014584302441316 8
1634729807464 0.91752525698411 9
1634729876848 0.9065326178289227 10
1634729946172 0.9108635730357356 11
1634730015196 0.8938196392195475 12
1634730084916 0.8663206980970511 13
1634730154347 0.8763029200778268 14
1634730223526 0.8809701901760713 15
1634730292929 0.8939769943740007 16
1634730362254 0.9019584532494451 17
1634730432474 0.8941171264853697 18
1634730501628 0.8764859805850026 19
1634730573324 0.8725422171832578 20
1634730642654 0.8587279312996899 21
1634730711802 0.8696635784839623 22
1634730781634 0.8677973566520542 23
1634730856997 0.8633225323349197 24
1634730926972 0.8608520422950914 25
1634730999270 0.8977093923213194 26
