1634729249968 3.7887247986607737 0
1634729319593 1.5263320439821715 0
1634729389225 1.4853277717317854 0
1634729458414 1.287386704961975 0
1634729527692 1.3400346570974822 0
1634729597030 1.1752370700433656 0
1634729665825 1.0999186228622089 0
1634729735576 1.2057763485165385 0
1634729804764 1.1514358899810098 0
1634729874102 1.1101400300666884 0
1634729943376 1.0837209511112857 0
1634730012312 1.2627383187993781 0
1634730082020 1.1824559546136237 0
1634730151399 1.1492264686853855 0
1634730220527 1.0852041854099794 0
1634730289960 1.109011701949231 0
1634730359232 1.1735020914635101 0
1634730429478 0.9841140100321213 0
1634730498643 1.0092747443682188 0
1634730568281 1.1038619883648761 0
1634730639695 0.9314127365103015 0
1634730708845 0.9969059375973491 0
1634730778679 0.9873786437046992 0
1634730854040 1.0739537138830533 0
1634730924032 0.9146955853158777 0
1634730996188 0.9155203543313137 0
