1634729249967 -0.13746001658501564 0
1634729319592 -0.14269990503013907 0
1634729389224 -0.14698153192346747 0
1634729458413 -0.12485321078981672 0
1634729527691 -0.11779702096790462 0
1634729597029 -0.09364819062220586 0
1634729665824 -0.0782762285950896 0
1634729735575 -0.06270813245277901 0
1634729804763 -0.03880010119506291 0
1634729874101 -0.03070942022196658 0
1634729943375 -0.021053350978083425 0
1634730012311 -0.01725400694004901 0
1634730082019 -0.020215672138449433 0
1634730151398 -0.020228514810661218 0
1634730220526 -0.02395712129481427 0
1634730289959 -0.02405955700518249 0
1634730359231 -0.026584506615415796 0
1634730429477 -0.0317825067352939 0
1634730498642 -0.03501149412099417 0
1634730568280 -0.040172224114467574 0
1634730639694 -0.03831382405448269 0
1634730708844 -0.03824714909900318 0
1634730778678 -0.03950299806409068 0
1634730854039 -0.035263154800836145 0
1634730924031 -0.03573017789945974 0
1634730996187 -0.03277542471111595 0
