1633515194423 0.8544877948183002 1
1633515219749 0.946105263449929 2
1633515245509 0.9403644908558239 3
1633515270940 0.9521868156664299 4
1633515296902 0.9520293727065577 5
1633515322816 0.9559309988310842 6
1633515348308 0.9567184448242188 7
1633515373646 0.9603983561197916 8
1633515399238 0.9574265913529829 9
1633515424881 0.9512081724224668 10
1633515450614 0.9510331587357954 11
1633515476195 0.9586824359315814 12
1633515501781 0.9589603308475378 13
1633515527001 0.9612736557469224 14
1633515552562 0.9612616336706913 15
1633515578260 0.9586220943566525 16
1633515603365 0.9594867590701941 17
1633515628672 0.9613245183771307 18
1633515653872 0.9607532385623816 19
1633515681806 0.9583268599076704 20
1633515706817 0.961007782907197 21
1633515731879 0.9593549786191998 22
1633515756836 0.9604926831794508 23
1633515781786 0.9640200065843987 24
1633515807545 0.9591531464547822 25
1633515832884 0.9605555678858901 26
1633515857604 0.9648016727331913 27
1633515883034 0.960480429909446 28
1633515908169 0.9596978389855587 29
1633515933266 0.9603840221058239 30
1633515958386 0.9641776807380446 31
1633515983367 0.9641046235055635 32
1633516008081 0.9636817700935133 33
1633516033634 0.9629673813328599 34
1633516058616 0.9627516775420217 35
1633516083624 0.9623787619850852 36
1633516108745 0.9635349620472301 37
1633516133912 0.9640544544566761 38
1633516159184 0.9634977398496686 39
1633516186970 0.9635072187943892 40
1633516211885 0.9637437300248579 41
1633516237293 0.9623503251509233 42
1633516262816 0.9631884025804924 43
1633516288518 0.9652002507990057 44
1633516314453 0.9651295055042614 45
1633516339535 0.9658233180190577 46
1633516364390 0.9638646443684896 47
1633516390008 0.9665289214163115 48
1633516415083 0.9645593816583807 49
1633516440062 0.9643931533351089 50
1633516464896 0.9653449781013258 51
1633516490158 0.9626626679391572 52
1633516515076 0.9634674534653173 53
1633516539962 0.9642431085759943 54
1633516565040 0.9631877089991714 55
1633516590348 0.9637566768761837 56
1633516615608 0.9653274073745265 57
1633516640866 0.9634956591057054 58
1633516665797 0.9621898766719934 59
1633516693822 0.9609393495501894 60
1633516719016 0.9622261740944602 61
1633516744470 0.9613619717684659 62
1633516769765 0.9615656534830729 63
1633516795170 0.9621341589725378 64
1633516820518 0.9624432650479403 65
1633516845689 0.9621508049242424 66
1633516871172 0.9634921911991003 67
1633516896565 0.9622770367246686 68
1633516921995 0.9549199884588068 69
1633516947446 0.963909033573035 70
1633516972603 0.9575620709043561 71
1633516997929 0.9647189053622159 72
1633517024072 0.9624495072798296 73
1633517049808 0.9646169489080255 74
1633517074970 0.9663555260860559 75
1633517100011 0.9664852257930872 76
1633517126028 0.965615937204072 77
1633517151327 0.9669353600704309 78
1633517176560 0.9634147412849196 79
1633517204730 0.9607587872129498 80
1633517230337 0.964918194395123 81
1633517255884 0.9643956964666193 82
1633517281479 0.9660219134706439 83
1633517306813 0.9640156139026989 84
1633517332330 0.965273076837713 85
1633517357498 0.9626497210878314 86
1633517382850 0.963655645197088 87
1633517408056 0.9641286676580255 88
1633517433541 0.963846611254143 89
1633517459138 0.9678025679154829 90
1633517485649 0.9635039820815577 91
1633517510887 0.9641596476236979 92
1633517536054 0.9644962657581676 93
1633517561692 0.9644733775745739 94
1633517587234 0.9665092699455492 95
1633517613203 0.9649172696200284 96
1633517638915 0.9668340971975615 97
1633517664612 0.9638306588837595 98
1633517689737 0.9658468997839725 99
1633517717732 0.9654531767874053 100
1633517743041 0.9654899365974196 101
1633517768759 0.9661132350112452 102
1633517794276 0.9624515880237926 103
1633517820014 0.9647246852065577 104
1633517845564 0.9654090187766335 105
1633517871121 0.9620331272934423 106
1633517896829 0.9645704789595171 107
1633517922342 0.965135516542377 108
