1633515194592 0.8544877948183002 1
1633515220126 0.946105263449929 2
1633515271312 0.9521868156664299 4
1633515297250 0.9520293727065577 5
1633515323181 0.9559309988310842 6
1633515374014 0.9603983561197916 8
1633515552928 0.9612616336706913 15
1633515782425 0.9640200065843987 24
1633515858018 0.9648016727331913 27
1633516008495 0.9636817700935133 33
1633516134323 0.9640544544566761 38
1633516263293 0.9631884025804924 43
1633516288992 0.9652002507990057 44
1633516998459 0.9647189053622159 72
1633517100540 0.9664852257930872 76
1633517459944 0.9678025679154829 90
