1633515194427 0.4995042655440821 1
1633515219753 0.7372174429018895 2
1633515245513 0.7296567990726436 3
1633515270944 0.7381039112377045 4
1633515296906 0.7985729110257335 5
1633515322820 0.8197479775264729 6
1633515348311 0.8069045851856043 7
1633515373649 0.831460267066883 8
1633515399242 0.8109971955644437 9
1633515424885 0.8101869596001234 10
1633515450618 0.8171523950227579 11
1633515476198 0.8228412643391848 12
1633515501785 0.8223054334164603 13
1633515527004 0.8298747056973625 14
1633515552566 0.8442499544104939 15
1633515578264 0.8279232813803349 16
1633515603368 0.8335580160335253 17
1633515628675 0.8320649849217902 18
1633515653876 0.8197359506440309 19
1633515681810 0.8318814311190662 20
1633515706821 0.8390937301788258 21
1633515731883 0.8370657100255886 22
1633515756840 0.838522854095876 23
1633515781790 0.8493357744766801 24
1633515807548 0.837667025574667 25
1633515832888 0.8331209374727877 26
1633515857608 0.8517834196279145 27
1633515883038 0.8440147738588608 28
1633515908173 0.8380421123588776 29
1633515933270 0.8270392566343906 30
1633515958389 0.8451511779306755 31
1633515983371 0.8459406842551361 32
1633516008085 0.8530354221323752 33
1633516033638 0.8442847162041315 34
1633516058620 0.8442418865632924 35
1633516083628 0.8469650322658977 36
1633516108749 0.8321027933201126 37
1633516133916 0.8530385506763808 38
1633516159187 0.8399125606322385 39
1633516186974 0.8455225852834897 40
1633516211889 0.8486465864051832 41
1633516237296 0.8427010649319481 42
1633516262820 0.8549406467367254 43
1633516288522 0.8598224616926864 44
1633516314457 0.848668021519302 45
1633516339539 0.8543838144052519 46
1633516364393 0.8498818589103104 47
1633516390012 0.8533174122774152 48
1633516415087 0.8457505197692424 49
1633516440066 0.8497522332723165 50
1633516464900 0.8542554389323932 51
1633516490162 0.8441305664944467 52
1633516515080 0.8454410825606028 53
1633516539966 0.846941704067024 54
1633516565044 0.849500791725463 55
1633516590352 0.8492294084911445 56
1633516615612 0.8557462722244685 57
1633516640870 0.8500774451217177 58
1633516665800 0.8434017984105415 59
1633516693826 0.8450741318253264 60
1633516719020 0.8428133510872341 61
1633516744473 0.8491031318465581 62
1633516769769 0.8426591368183329 63
1633516795174 0.841196605948337 64
1633516820522 0.844714941432431 65
1633516845693 0.8474585481679889 66
1633516871176 0.849360856253509 67
1633516896569 0.8519034321630616 68
1633516921999 0.8297087394571607 69
1633516947450 0.8471055041198756 70
1633516972607 0.836658764865807 71
1633516997933 0.8605205904027065 72
1633517024076 0.8510763119329523 73
1633517049812 0.8468820858817774 74
1633517074974 0.8598791577760938 75
1633517100015 0.8621332089460118 76
1633517126032 0.8499212589630026 77
1633517151331 0.8566204866477182 78
1633517176564 0.8557471230097204 79
1633517204734 0.8316903947289795 80
1633517230340 0.8515843302962148 81
1633517255888 0.8560206543732153 82
1633517281482 0.8527801656434177 83
1633517306816 0.8504515061498019 84
1633517332334 0.8434693012017476 85
1633517357503 0.8448725349595616 86
1633517382854 0.8460654892385499 87
1633517408060 0.8422790202450389 88
1633517433545 0.8506044180513695 89
1633517459142 0.8659917914312745 90
1633517485652 0.8457631053324517 91
1633517510891 0.8536845409868177 92
1633517536058 0.8484102618305773 93
1633517561696 0.8530416524077943 94
1633517587238 0.8501476952637055 95
1633517613207 0.8570104745133073 96
1633517638919 0.8534226006891171 97
1633517664616 0.8475857385954926 98
1633517689741 0.8619494508893099 99
1633517717735 0.8557648876734678 100
1633517743045 0.857665058367757 101
1633517768763 0.8566882524591594 102
1633517794280 0.8500467915352599 103
1633517820018 0.855746699581789 104
1633517845568 0.857915774307847 105
1633517871124 0.8414019759301266 106
1633517896833 0.8508642385445045 107
1633517922345 0.856220814950456 108
