1633515194595 0.4995042655440821 1
1633515220128 0.7372174429018895 2
1633515271314 0.7381039112377045 4
1633515297253 0.7985729110257335 5
1633515323184 0.8197479775264729 6
1633515374017 0.831460267066883 8
1633515552931 0.8442499544104939 15
1633515782428 0.8493357744766801 24
1633515858021 0.8517834196279145 27
1633516008498 0.8530354221323752 33
1633516134326 0.8530385506763808 38
1633516263296 0.8549406467367254 43
1633516288995 0.8598224616926864 44
1633516998462 0.8605205904027065 72
1633517100543 0.8621332089460118 76
1633517459947 0.8659917914312745 90
