1633515194426 0.6249721616286146 1
1633515219752 0.7692703752019718 2
1633515245512 0.7554093919810898 3
1633515270943 0.7857235184143305 4
1633515296905 0.8046688874457772 5
1633515322819 0.8228648899885507 6
1633515348310 0.8321203534726543 7
1633515373649 0.8507965523475083 8
1633515399241 0.8396206259961299 9
1633515424884 0.8322543086942902 10
1633515450617 0.8202594383498407 11
1633515476197 0.8452532832122366 12
1633515501784 0.8381800556831873 13
1633515527004 0.8524782969031274 14
1633515552565 0.8605482160786502 15
1633515578263 0.8504737209510056 16
1633515603367 0.8629777107170615 17
1633515628674 0.861431984389618 18
1633515653875 0.8587709959127943 19
1633515681809 0.8318814311190662 20
1633515706820 0.858607537857403 21
1633515731882 0.8532252797172025 22
1633515756839 0.8547105539818968 23
1633515781789 0.8690877692319516 24
1633515807547 0.8505542105835081 25
1633515832887 0.8524958429954107 26
1633515857607 0.8648877799298823 27
1633515883037 0.863643024413718 28
1633515908172 0.8509350679336296 29
1633515933269 0.8462727277189112 30
1633515958388 0.861466837736287 31
1633515983370 0.8622715854955828 32
1633516008084 0.8661590440113348 33
1633516033637 0.8706686135855106 34
1633516058619 0.8605399924815027 35
1633516083627 0.859995263531527 36
1633516108748 0.8547670717373919 37
1633516133915 0.876273063729823 38
1633516159186 0.869556533360435 39
1633516186973 0.865185901220315 40
1633516211888 0.8617026877344937 41
1633516237295 0.8656540122258144 42
1633516262819 0.8782269678540682 43
1633516288521 0.8730504995648815 44
1633516314456 0.8684044871360299 45
1633516339538 0.8742532054379321 46
1633516364393 0.879877689224792 47
1633516390011 0.8731620032606109 48
1633516415086 0.865419136508062 49
1633516440065 0.8695139131158589 50
1633516464899 0.8741218444889606 51
1633516490161 0.8604265233765789 52
1633516515079 0.8684686606848214 53
1633516539965 0.8666380227662571 54
1633516565043 0.8692566240911715 55
1633516590351 0.8757678275064926 56
1633516615611 0.875647348322712 57
1633516640869 0.8664882066105539 58
1633516665799 0.8563772106937807 59
1633516693825 0.8647270186119619 60
1633516719019 0.8624136615776349 61
1633516744473 0.8654950841988082 62
1633516769768 0.8656109421013226 63
1633516795173 0.8574359226654864 64
1633516820521 0.8577105559160069 65
1633516845692 0.8571994510204947 66
1633516871175 0.8657577839804107 67
1633516896568 0.8683494443669818 68
1633516921998 0.8424734892949632 69
1633516947449 0.8568423489948167 70
1633516972606 0.8462755322780577 71
1633516997932 0.8737593687165942 72
1633517024075 0.8608587982770092 73
1633517049811 0.866577018111586 74
1633517074973 0.8798763474918169 75
1633517100014 0.8753967967759505 76
1633517126031 0.8696868696365608 77
1633517151330 0.8868541508823434 78
1633517176563 0.8756482188936673 79
1633517204733 0.861044173366473 80
1633517230339 0.8713886170472896 81
1633517255887 0.8759281114516622 82
1633517281481 0.8760076409722267 83
1633517306815 0.8804674416609715 84
1633517332333 0.8698277168643022 85
1633517357502 0.8645207334469933 86
1633517382853 0.8691100745485494 87
1633517408059 0.8652204721583276 88
1633517433544 0.8771858061154747 89
1633517459141 0.8861311354180482 90
1633517485652 0.8620905784083678 91
1633517510890 0.8735376698469762 92
1633517536057 0.8749230825127827 93
1633517561695 0.8661653701371448 94
1633517587237 0.8733034690646624 95
1633517613206 0.880353172262697 96
1633517638918 0.8870219156768777 97
1633517664615 0.8740727929266017 98
1633517689740 0.885426673287073 99
1633517717734 0.8756663966891298 100
1633517743044 0.881025585249369 101
1633517768762 0.880022173732366 102
1633517794279 0.8731998169856365 103
1633517820017 0.872266906137422 104
1633517845567 0.8881951545775358 105
1633517871124 0.8676957876779429 106
1633517896832 0.8706517789757722 107
1633517922344 0.8761329269260479 108
