1633515194594 0.6249721616286146 1
1633515220127 0.7692703752019718 2
1633515271314 0.7857235184143305 4
1633515297252 0.8046688874457772 5
1633515323183 0.8228648899885507 6
1633515374016 0.8507965523475083 8
1633515552930 0.8605482160786502 15
1633515782427 0.8690877692319516 24
1633515858020 0.8648877799298823 27
1633516008497 0.8661590440113348 33
1633516134325 0.876273063729823 38
1633516263295 0.8782269678540682 43
1633516288994 0.8730504995648815 44
1633516998461 0.8737593687165942 72
1633517100542 0.8753967967759505 76
1633517459946 0.8861311354180482 90
