1633515194428 5.467345503704454 1
1633515219754 4.328241480966825 2
1633515245514 4.4555103126437245 3
1633515270945 4.107047255771403 4
1633515296907 4.178915001015809 5
1633515322821 3.9745006943821157 6
1633515348312 3.9544383768728513 7
1633515373651 3.7633480096155854 8
1633515399243 3.8578172196515674 9
1633515424886 4.024135549342885 10
1633515450620 4.027858016620925 11
1633515476200 3.862875279439858 12
1633515501786 3.906065366330272 13
1633515527006 3.744376201843835 14
1633515552568 3.7648253608715434 15
1633515578265 3.798256403247956 16
1633515603370 3.7671528690862703 17
1633515628677 3.731270976659188 18
1633515653877 3.8123525571119217 19
1633515681811 3.939187552635934 20
1633515706822 3.770578927973381 21
1633515731885 3.749844649197034 22
1633515756841 3.788773279209572 23
1633515781791 3.6205600222667607 24
1633515807550 3.759924689899203 25
1633515832889 3.755158321380159 26
1633515857609 3.7348441082279393 27
1633515883039 3.8108178306991904 28
1633515908174 3.766140262570359 29
1633515933271 3.759744282013643 30
1633515958391 3.708559652401091 31
1633515983372 3.6844075495913393 32
1633516008086 3.6675059172078925 33
1633516033639 3.7234106392580566 34
1633516058621 3.6535834628656794 35
1633516083630 3.7293400008915754 36
1633516108750 3.795818054942395 37
1633516133917 3.621003661909906 38
1633516159188 3.703629593142189 39
1633516186975 3.6619613751077424 40
1633516211890 3.6330851425099926 41
1633516237298 3.702848704301629 42
1633516262822 3.655976440726163 43
1633516288523 3.6407511723926937 44
1633516314458 3.6774836876623316 45
1633516339540 3.6125338197478962 46
1633516364395 3.6021888000529674 47
1633516390013 3.601218577105999 48
1633516415088 3.671386501778449 49
1633516440067 3.6778768755706066 50
1633516464901 3.5959263058051585 51
1633516490163 3.6750995639930304 52
1633516515081 3.67305176923635 53
1633516539967 3.678419808661553 54
1633516565045 3.69376806044291 55
1633516590353 3.6206082661878467 56
1633516615613 3.6254708899802734 57
1633516640871 3.695621293592919 58
1633516665802 3.69463545948773 59
1633516693827 3.7024603303104766 60
1633516719022 3.7148864277372917 61
1633516744475 3.7008103953367355 62
1633516769770 3.7214103595929338 63
1633516795175 3.758693591077684 64
1633516820523 3.728782303071596 65
1633516845695 3.760113773448837 66
1633516871177 3.7246252850472383 67
1633516896570 3.64722809512246 68
1633516922000 3.91039297592212 69
1633516947451 3.6445783685261626 70
1633516972608 3.761762485206742 71
1633516997934 3.5776460203366773 72
1633517024077 3.680168002482286 73
1633517049814 3.7663390409391875 74
1633517074976 3.5799977322090584 75
1633517100016 3.5350569380770547 76
1633517126033 3.6188490767633326 77
1633517151332 3.5733459076729583 78
1633517176565 3.6561723442212286 79
1633517204735 3.828200091248233 80
1633517230342 3.603858628150907 81
1633517255889 3.623282987571612 82
1633517281484 3.6108928805862406 83
1633517306818 3.6299813339248628 84
1633517332335 3.6094752296154007 85
1633517357505 3.6621044689739017 86
1633517382855 3.6742466422039612 87
1633517408061 3.6797667929346 88
1633517433546 3.6448355398976697 89
1633517459143 3.548729416141031 90
1633517485654 3.7087154443553 91
1633517510892 3.5763389127959053 92
1633517536059 3.6428523451356383 93
1633517561697 3.645054551149798 94
1633517587239 3.6354460098453196 95
1633517613208 3.565275116366237 96
1633517638920 3.5261478035957685 97
1633517664617 3.666479341659363 98
1633517689742 3.545627946905543 99
1633517717737 3.6132689635422683 100
1633517743046 3.5989769253100468 101
1633517768764 3.612772918956538 102
1633517794281 3.6644787502913965 103
1633517820019 3.5846774263931307 104
1633517845569 3.591787159865317 105
1633517871126 3.704318649459379 106
1633517896834 3.6473413125636416 107
1633517922347 3.616084429101211 108
