1633515194596 5.467345503704454 1
1633515220130 4.328241480966825 2
1633515271316 4.107047255771403 4
1633515297255 4.178915001015809 5
1633515323185 3.9745006943821157 6
1633515374018 3.7633480096155854 8
1633515552932 3.7648253608715434 15
1633515782430 3.6205600222667607 24
1633515858022 3.7348441082279393 27
1633516008499 3.6675059172078925 33
1633516134327 3.621003661909906 38
1633516263297 3.655976440726163 43
1633516288997 3.6407511723926937 44
1633516998463 3.5776460203366773 72
1633517100545 3.5350569380770547 76
1633517459948 3.548729416141031 90
