1633515194426 0.41217300046396554 1
1633515219752 0.6428017224071952 2
1633515245513 0.6368238744215772 3
1633515270944 0.6465361727929619 4
1633515296905 0.708875635202891 5
1633515322819 0.7368961836676917 6
1633515348311 0.7223106738929305 7
1633515373649 0.7530388525977086 8
1633515399241 0.7295129753779275 9
1633515424884 0.7296421986673725 10
1633515450618 0.7381405527819358 11
1633515476198 0.7478723353993557 12
1633515501785 0.7461896973352469 13
1633515527004 0.7550392158622086 14
1633515552566 0.7688240039737974 15
1633515578263 0.7543217957927002 16
1633515603368 0.7556438892950156 17
1633515628675 0.758378120621446 18
1633515653875 0.7453811453062004 19
1633515681809 0.7511864851090739 20
1633515706821 0.7647214786994446 21
1633515731883 0.7637241569987132 22
1633515756840 0.7659929288821123 23
1633515781789 0.7771176172367764 24
1633515807548 0.7603359499966739 25
1633515832888 0.7607081115474298 26
1633515857607 0.7792015811805737 27
1633515883037 0.7707420280255721 28
1633515908172 0.762328675987295 29
1633515933269 0.7512177359625473 30
1633515958389 0.7765499628401246 31
1633515983371 0.772523322910234 32
1633516008085 0.7858478799229592 33
1633516033637 0.7756966220708803 34
1633516058619 0.7727789147052672 35
1633516083628 0.7744341489309335 36
1633516108749 0.759020367967892 37
1633516133915 0.7825010548726351 38
1633516159186 0.7684411544520662 39
1633516186973 0.7762063771468335 40
1633516211888 0.777083408197712 41
1633516237296 0.774141357720313 42
1633516262820 0.7857665149003162 43
1633516288521 0.7898146580400665 44
1633516314457 0.7805437190518298 45
1633516339538 0.7854003735322193 46
1633516364393 0.7788166115718387 47
1633516390011 0.7852713894957882 48
1633516415086 0.7779119107240741 49
1633516440065 0.7820535524902532 50
1633516464900 0.785756398616841 51
1633516490161 0.7753911868352655 52
1633516515079 0.777657453194662 53
1633516539965 0.7746112146414306 54
1633516565043 0.7787921920898551 55
1633516590352 0.7792382921492247 56
1633516615611 0.7860347284222332 57
1633516640869 0.782452112524669 58
1633516665800 0.7752951967512217 59
1633516693825 0.7769550774400944 60
1633516719020 0.7733213325168847 61
1633516744473 0.7806145031781563 62
1633516769768 0.7728678185109988 63
1633516795173 0.7722206705802174 64
1633516820521 0.7745039604547088 65
1633516845693 0.7766407535065494 66
1633516871176 0.7769000402242475 67
1633516896568 0.784040314186807 68
1633516921998 0.7598122728721203 69
1633516947449 0.7748207495686436 70
1633516972606 0.7662723852703281 71
1633516997933 0.7926497577483321 72
1633517024075 0.7803754917074709 73
1633517049812 0.7783924118682156 74
1633517074974 0.7909752149474917 75
1633517100014 0.7968408288564466 76
1633517126031 0.7813529134002232 77
1633517151330 0.7901711842483917 78
1633517176564 0.7863462365523798 79
1633517204733 0.7611438504476921 80
1633517230340 0.7830780827437315 81
1633517255888 0.7893552433780918 82
1633517281482 0.7860270324570511 83
1633517306816 0.7838313287968937 84
1633517332333 0.7771599750653588 85
1633517357502 0.7771188099905738 86
1633517382853 0.7789749812736049 87
1633517408059 0.7738104008023626 88
1633517433544 0.7842363217614524 89
1633517459141 0.798494612049687 90
1633517485652 0.7763481122901433 91
1633517510890 0.7889043312572376 92
1633517536057 0.7832536373469757 93
1633517561695 0.7835801957992488 94
1633517587237 0.7829637238697437 95
1633517613206 0.7909676586584862 96
1633517638918 0.7886898376747199 97
1633517664615 0.780187635843312 98
1633517689740 0.7974929600239806 99
1633517717735 0.7897943837547218 100
1633517743044 0.7914357989165324 101
1633517768762 0.7904494526404754 102
1633517794280 0.7831112498240301 103
1633517820017 0.7901281398235981 104
1633517845567 0.7915142733565346 105
1633517871124 0.7751196477821934 106
1633517896832 0.7812258719820235 107
1633517922345 0.7905385034330294 108
