1633515194595 0.41217300046396554 1
1633515220128 0.6428017224071952 2
1633515271314 0.6465361727929619 4
1633515297253 0.708875635202891 5
1633515323183 0.7368961836676917 6
1633515374017 0.7530388525977086 8
1633515552930 0.7688240039737974 15
1633515782428 0.7771176172367764 24
1633515858020 0.7792015811805737 27
1633516008497 0.7858478799229592 33
1633516134326 0.7825010548726351 38
1633516263295 0.7857665149003162 43
1633516288995 0.7898146580400665 44
1633516998461 0.7926497577483321 72
1633517100543 0.7968408288564466 76
1633517459946 0.798494612049687 90
