1633515194428 0.6746261813370501 1
1633515219753 0.8019560968060473 2
1633515245514 0.7831833624195508 3
1633515270945 0.8191327949721939 4
1633515296907 0.8373544888480777 5
1633515322821 0.8539232481117301 6
1633515348312 0.8529420112702597 7
1633515373650 0.8568531148126395 8
1633515399243 0.8491403116459271 9
1633515424885 0.8447336631969845 10
1633515450619 0.851498524436021 11
1633515476199 0.8553381571572184 12
1633515501786 0.8545618763108385 13
1633515527005 0.869026132295386 14
1633515552567 0.8693078033741989 15
1633515578265 0.8590697763109245 16
1633515603369 0.8668957499819722 17
1633515628676 0.8678882182635609 18
1633515653877 0.8673083242822639 19
1633515681811 0.8663941971881914 20
1633515706822 0.8696997122186682 21
1633515731884 0.864494443108617 22
1633515756841 0.8661453200267771 23
1633515781791 0.8731369500637339 24
1633515807549 0.8705602050502977 25
1633515832889 0.86313710262603 26
1633515857609 0.8803666745898453 27
1633515883039 0.8702508465952534 28
1633515908174 0.8700020043903833 29
1633515933271 0.8667876623165471 30
1633515958390 0.8762193051322811 31
1633515983372 0.8749931681596834 32
1633516008086 0.8790320000180049 33
1633516033639 0.8769031068531272 34
1633516058621 0.8758749802754834 35
1633516083629 0.8737841363607128 36
1633516108750 0.8731891146279592 37
1633516133917 0.8787806255179136 38
1633516159188 0.8794494850634809 39
1633516186975 0.8779895120987415 40
1633516211890 0.8769461429202615 41
1633516237297 0.8757974439693559 42
1633516262821 0.8795044404224652 43
1633516288523 0.8833277124816507 44
1633516314458 0.8793285035575126 45
1633516339540 0.883455828139271 46
1633516364394 0.886834890861122 47
1633516390012 0.8872759041634508 48
1633516415088 0.8732619840081798 49
1633516440066 0.8795357453643369 50
1633516464901 0.8863698930172021 51
1633516490162 0.871568006531172 52
1633516515081 0.8732305181351294 53
1633516539967 0.8781395285645864 54
1633516565045 0.878026425866139 55
1633516590353 0.8816026707115645 56
1633516615613 0.8807792923047549 57
1633516640871 0.8801934744518229 58
1633516665801 0.8754530266522805 59
1633516693827 0.8766448744374359 60
1633516719021 0.8732522780390023 61
1633516744474 0.8808487699391151 62
1633516769770 0.8700525477641712 63
1633516795175 0.8695169500009948 64
1633516820523 0.8792552258272514 65
1633516845694 0.8743189944952777 66
1633516871177 0.87902304826704 67
1633516896570 0.8778867020057888 68
1633516922000 0.8625258616412971 69
1633516947451 0.8793246595757683 70
1633516972608 0.8688901920758988 71
1633516997934 0.8873957423860882 72
1633517024077 0.8793795361006482 73
1633517049813 0.8776514538711477 74
1633517074975 0.8837794307462025 75
1633517100016 0.8897080648866678 76
1633517126032 0.8797601870804236 77
1633517151332 0.8856256055126702 78
1633517176565 0.8816261137382017 79
1633517204734 0.8624601774432517 80
1633517230341 0.8851830767378468 81
1633517255889 0.8836705644835577 82
1633517281483 0.8854825841364798 83
1633517306817 0.8766865189543136 84
1633517332335 0.8760230368686115 85
1633517357504 0.8703491610300362 86
1633517382855 0.8733362227214552 87
1633517408061 0.8775219547705071 88
1633517433546 0.8778712570177231 89
1633517459143 0.8900521580400036 90
1633517485653 0.8787127358113539 91
1633517510892 0.8835921141010316 92
1633517536059 0.8852801617023354 93
1633517561697 0.8807069166741996 94
1633517587238 0.8771103957899901 95
1633517613208 0.8857410051048441 96
1633517638920 0.8836762404273351 97
1633517664617 0.8726850314978885 98
1633517689742 0.8844721271700411 99
1633517717736 0.8863961421647943 100
1633517743046 0.8836040905156354 101
1633517768764 0.8823141179776545 102
1633517794281 0.8794756881290798 103
1633517820019 0.882409578043441 104
1633517845569 0.8835603013286394 105
1633517871125 0.8698274782043168 106
1633517896834 0.87679593922172 107
1633517922346 0.8862232770561728 108
