1633515194596 0.6746261813370501 1
1633515220129 0.8019560968060473 2
1633515271315 0.8191327949721939 4
1633515297254 0.8373544888480777 5
1633515323185 0.8539232481117301 6
1633515374018 0.8568531148126395 8
1633515552931 0.8693078033741989 15
1633515782429 0.8731369500637339 24
1633515858021 0.8803666745898453 27
1633516008498 0.8790320000180049 33
1633516134327 0.8787806255179136 38
1633516263297 0.8795044404224652 43
1633516288996 0.8833277124816507 44
1633516998463 0.8873957423860882 72
1633517100544 0.8897080648866678 76
1633517459947 0.8900521580400036 90
