1633515194593 0.611891198206919 1
1633515220126 0.8099771967657505 2
1633515271312 0.9063581609929314 4
1633515297251 0.7995292009128461 5
1633515323182 0.8089230714836427 6
1633515374015 0.8490170845482305 8
1633515552928 0.8463845812685786 15
1633515782426 0.8919512147870782 24
1633515858018 0.8645442403963992 27
1633516008495 0.8721015852406794 33
1633516134324 0.877742643123318 38
1633516263293 0.8666332298340039 43
1633516288993 0.8712786001086485 44
1633516998460 0.8699002262448805 72
1633517100541 0.8829081750455462 76
1633517459944 0.8739444878477342 90
