1633515194424 0.611891198206919 1
1633515219750 0.8099771967657505 2
1633515245510 0.7401642373287097 3
1633515270941 0.9063581609929314 4
1633515296903 0.7995292009128461 5
1633515322817 0.8089230714836427 6
1633515348309 0.860876530360496 7
1633515373647 0.8490170845482305 8
1633515399239 0.8800816116267874 9
1633515424882 0.8005324363355835 10
1633515450615 0.7887372587757105 11
1633515476196 0.8334881666351478 12
1633515501782 0.8279470455845932 13
1633515527002 0.8808861212091008 14
1633515552564 0.8463845812685786 15
1633515578261 0.8562486476948484 16
1633515603366 0.8788300932787649 17
1633515628673 0.8988705846450437 18
1633515653873 0.9017549334642597 19
1633515681807 0.8118065143190138 20
1633515706818 0.850839464218302 21
1633515731880 0.8541098751296906 22
1633515756837 0.836977335977632 23
1633515781787 0.8919512147870782 24
1633515807546 0.8630896775520792 25
1633515832886 0.8743536408137205 26
1633515857606 0.8645442403963992 27
1633515883035 0.8472258400264201 28
1633515908170 0.8463497497896881 29
1633515933267 0.8803028220223654 30
1633515958387 0.8592542248285209 31
1633515983369 0.881681325876686 32
1633516008082 0.8721015852406794 33
1633516033635 0.8782759018338054 34
1633516058617 0.8740079272297915 35
1633516083625 0.8687482087569576 36
1633516108746 0.8428998183118249 37
1633516133913 0.877742643123318 38
1633516159185 0.8982443597187788 39
1633516186971 0.8866251491154518 40
1633516211886 0.8923707443794198 41
1633516237294 0.8719978801035513 42
1633516262818 0.8666332298340039 43
1633516288519 0.8712786001086485 44
1633516314454 0.8683459202753822 45
1633516339536 0.8847663057550674 46
1633516364391 0.9163158283398988 47
1633516390009 0.8980441563760316 48
1633516415085 0.8469342702695432 49
1633516440063 0.8683017456586526 50
1633516464897 0.8822253420609724 51
1633516490159 0.8599382013005195 52
1633516515077 0.8749586296813324 53
1633516539963 0.867921429314242 54
1633516565041 0.8551327394491507 55
1633516590350 0.8987652917348576 56
1633516615609 0.8728703340855426 57
1633516640867 0.8743590939810651 58
1633516665798 0.8539130398875727 59
1633516693823 0.8542966153930445 60
1633516719018 0.8467517618883599 61
1633516744471 0.8577228630082133 62
1633516769766 0.8690598962797259 63
1633516795171 0.8435038803930814 64
1633516820519 0.8629900089990167 65
1633516845690 0.8540077961765283 66
1633516871173 0.8591012459081363 67
1633516896566 0.8677417684392038 68
1633516921996 0.8427147355484653 69
1633516947447 0.872596938048684 70
1633516972604 0.8441055804025994 71
1633516997930 0.8699002262448805 72
1633517024073 0.8461782258071999 73
1633517049810 0.8436815017757278 74
1633517074971 0.8711736037936344 75
1633517100012 0.8829081750455462 76
1633517126029 0.8810079210765105 77
1633517151328 0.8811180815880076 78
1633517176562 0.8703027262247666 79
1633517204731 0.8456085617459258 80
1633517230338 0.8841937490355911 81
1633517255886 0.871565557626604 82
1633517281480 0.876253961189817 83
1633517306814 0.8738477054189896 84
1633517332331 0.8680227060414609 85
1633517357499 0.8539117393485047 86
1633517382851 0.8637257703460287 87
1633517408057 0.8716739749954373 88
1633517433542 0.8579033979177245 89
1633517459139 0.8739444878477342 90
1633517485650 0.8556021996641777 91
1633517510888 0.8755465036551218 92
1633517536055 0.8753199627866576 93
1633517561693 0.8565142557759031 94
1633517587235 0.8719086852150988 95
1633517613204 0.8865515419196238 96
1633517638916 0.8904241598918442 97
1633517664613 0.8497399845867385 98
1633517689738 0.8850950098893353 99
1633517717733 0.8785614664423661 100
1633517743042 0.8767329257300476 101
1633517768760 0.8669667721588588 102
1633517794277 0.8576736861359059 103
1633517820015 0.8663951201804262 104
1633517845565 0.8793380359046514 105
1633517871122 0.8639953791760517 106
1633517896830 0.8680671458459589 107
1633517922342 0.8800437997894518 108
