1633515194425 0.6441661080094641 1
1633515219751 0.7615057903490873 2
1633515245511 0.7953002519776186 3
1633515270942 0.6903815055033206 4
1633515296904 0.8565523225506245 5
1633515322818 0.882817714499494 6
1633515348309 0.8160761178652035 7
1633515373648 0.8447475158978698 8
1633515399240 0.7889087636253932 9
1633515424883 0.8695171857946691 10
1633515450616 0.9021355309075347 11
1633515476197 0.8563835064426303 12
1633515501783 0.8610595127813497 13
1633515527003 0.8286503228837226 14
1633515552564 0.8755124845984077 15
1633515578262 0.8383363276184126 16
1633515603366 0.8255178666134262 17
1633515628673 0.8087946365695426 18
1633515653874 0.8011736462494123 19
1633515681808 0.906790652222188 20
1633515706819 0.8692942597130747 21
1633515731881 0.854999908928963 22
1633515756838 0.8789077837587429 23
1633515781788 0.8314691866733143 24
1633515807546 0.8528170856892074 25
1633515832886 0.8276391731127821 26
1633515857606 0.8763488853088803 27
1633515883036 0.875742081827073 28
1633515908171 0.8761602811080926 29
1633515933268 0.8246599193468144 30
1633515958387 0.873886860124489 31
1633515983369 0.8468934954179306 32
1633516008083 0.8673004414218379 33
1633516033636 0.8545230433033629 34
1633516058618 0.8556558345326934 35
1633516083626 0.8599296991169917 36
1633516108747 0.8821944971504936 37
1633516133914 0.8600435251587273 38
1633516159185 0.8363076861439334 39
1633516186972 0.8453571756782294 40
1633516211887 0.8387187985698475 41
1633516237294 0.8595218615297663 42
1633516262818 0.8744909330418169 43
1633516288520 0.8777941256774215 44
1633516314455 0.8705247917140032 45
1633516339537 0.8606242086268571 46
1633516364392 0.8305427224110822 47
1633516390010 0.8536373398312449 48
1633516415085 0.8823123867471725 49
1633516440064 0.8718423314909839 50
1633516464898 0.869613870401449 51
1633516490160 0.8636686829306954 52
1633516515078 0.8503530910032606 53
1633516539964 0.8664300210215652 54
1633516565042 0.8833194831904787 55
1633516590350 0.8389041640117746 56
1633516615610 0.8683224485391383 57
1633516640868 0.8641711897438223 58
1633516665798 0.8776362182225637 59
1633516693824 0.880155380900942 60
1633516719018 0.8804221851902073 61
1633516744472 0.884019602979629 62
1633516769767 0.8475550907851994 63
1633516795172 0.8790368692028897 64
1633516820520 0.8741348977911624 65
1633516845691 0.877450697704391 66
1633516871174 0.8791660323688649 67
1633516896567 0.86997050364856 68
1633516921997 0.8620533920229058 69
1633516947448 0.864061977411168 70
1633516972605 0.8741394747158828 71
1633516997931 0.8863889610146477 72
1633517024074 0.8966750937827003 73
1633517049810 0.8951595503345611 74
1633517074972 0.8772136689583059 75
1633517100013 0.8783554579455084 76
1633517126030 0.8572045534007791 77
1633517151329 0.8691137896060661 78
1633517176562 0.8738935075396831 79
1633517204732 0.8570980742871107 80
1633517230338 0.8619415793094447 81
1633517255886 0.8770366497065346 82
1633517281480 0.8739400437241364 83
1633517306814 0.8587637254584489 84
1633517332332 0.86141969625494 85
1633517357500 0.8665034490986179 86
1633517382852 0.8626649320559423 87
1633517408058 0.8620905449603978 88
1633517433543 0.8799550121156503 89
1633517459140 0.8887789297314609 90
1633517485650 0.8821749237647768 91
1633517510889 0.8722395502341431 92
1633517536056 0.873739437183126 93
1633517561694 0.8865212572051459 94
1633517587236 0.8624174112958578 95
1633517613205 0.8640588472540888 96
1633517638917 0.8536525506084399 97
1633517664614 0.8757694193860811 98
1633517689739 0.8634520959400894 99
1633517717733 0.8728252560910099 100
1633517743043 0.869989890992771 101
1633517768761 0.8784969236820755 102
1633517794278 0.882504839628119 103
1633517820016 0.8791778893536135 104
1633517845566 0.8669459591881195 105
1633517871123 0.8539573711981233 106
1633517896831 0.8650513664446609 107
1633517922343 0.8729392035133707 108
