1633515194593 0.6441661080094641 1
1633515220127 0.7615057903490873 2
1633515271313 0.6903815055033206 4
1633515297251 0.8565523225506245 5
1633515323182 0.882817714499494 6
1633515374015 0.8447475158978698 8
1633515552929 0.8755124845984077 15
1633515782426 0.8314691866733143 24
1633515858019 0.8763488853088803 27
1633516008496 0.8673004414218379 33
1633516134324 0.8600435251587273 38
1633516263294 0.8744909330418169 43
1633516288993 0.8777941256774215 44
1633516998460 0.8863889610146477 72
1633517100541 0.8783554579455084 76
1633517459945 0.8887789297314609 90
