1633515194596 0.7487144076457366 1
1633515220129 0.8628657149137964 2
1633515271315 0.8373811447976243 4
1633515297254 0.9085263906058207 5
1633515323184 0.9221084514171621 6
1633515374017 0.9084441040497564 8
1633515552931 0.9224346204767476 15
1633515782429 0.9066597349601295 24
1633515858021 0.9269041036734494 27
1633516008498 0.9217214246629888 33
1633516134326 0.917749286594983 38
1633516263296 0.9234867503327999 43
1633516288996 0.9268658953095887 44
1633516998462 0.9320128312822163 72
1633517100544 0.9276864401376089 76
1633517459947 0.9332934467550554 90
