1633515194427 0.7487144076457366 1
1633515219753 0.8628657149137964 2
1633515245513 0.8785128678293745 3
1633515270945 0.8373811447976243 4
1633515296906 0.9085263906058207 5
1633515322820 0.9221084514171621 6
1633515348312 0.8955626056197158 7
1633515373650 0.9084441040497564 8
1633515399242 0.8850606313383362 9
1633515424885 0.916110310382192 10
1633515450619 0.9263895290781956 11
1633515476199 0.9135876948221132 12
1633515501785 0.916270461516965 13
1633515527005 0.9059397469390559 14
1633515552567 0.9224346204767476 15
1633515578264 0.9073385127712238 16
1633515603369 0.9044832698649304 17
1633515628676 0.8961345359193855 18
1633515653876 0.8931644419595655 19
1633515681810 0.9345804542431766 20
1633515706821 0.9193048327994594 21
1633515731884 0.9138049589152656 22
1633515756840 0.9240795998420752 23
1633515781790 0.9066597349601295 24
1633515807549 0.9153713785990703 25
1633515832889 0.9032689545578292 26
1633515857608 0.9269041036734494 27
1633515883038 0.9226321284018258 28
1633515908173 0.9227993035431113 29
1633515933270 0.9040259821416777 30
1633515958390 0.924812455905446 31
1633515983372 0.912974409800861 32
1633516008086 0.9217214246629888 33
1633516033638 0.9152589628161738 34
1633516058620 0.9175618822344749 35
1633516083629 0.9168549070488992 36
1633516108750 0.9286118154359677 37
1633516133916 0.917749286594983 38
1633516159187 0.9079812979253407 39
1633516186974 0.913265184734409 40
1633516211889 0.9098664352549324 41
1633516237297 0.9168231887871827 42
1633516262821 0.9234867503327999 43
1633516288522 0.9268658953095887 44
1633516314457 0.9236754963384192 45
1633516339539 0.9204553966025585 46
1633516364394 0.9074008697321959 47
1633516390012 0.9179489310258641 48
1633516415088 0.9282760033701141 49
1633516440066 0.9237938185534101 50
1633516464901 0.9240003575063037 51
1633516490162 0.9200695793565568 52
1633516515080 0.9141432142575205 53
1633516539966 0.9229888384440028 54
1633516565044 0.9272339742604236 55
1633516590353 0.9109393707105439 56
1633516615612 0.9236177889365609 57
1633516640870 0.9214194623158616 58
1633516665801 0.92635840474902 59
1633516693826 0.9265878414856435 60
1633516719021 0.9272023892847017 61
1633516744474 0.9290428480292235 62
1633516769769 0.9133510960680893 63
1633516795174 0.9244972274631362 64
1633516820522 0.9260668490139455 65
1633516845694 0.9247594303788863 66
1633516871177 0.9278070002476116 67
1633516896569 0.9218905231488961 68
1633516922000 0.9151461939879056 69
1633516947450 0.9229354973381397 70
1633516972607 0.9222793931788278 71
1633516997933 0.9320128312822163 72
1633517024076 0.9337605268591704 73
1633517049813 0.9337676359839542 74
1633517074975 0.9281788833410517 75
1633517100015 0.9276864401376089 76
1633517126032 0.9191714114783994 77
1633517151331 0.9245141094855504 78
1633517176564 0.9243511920792216 79
1633517204734 0.9164205483234009 80
1633517230341 0.9224089953097855 81
1633517255888 0.9266557362120116 82
1633517281483 0.9266747172959545 83
1633517306817 0.9186369932636804 84
1633517332334 0.920813023443605 85
1633517357504 0.9220366542719933 86
1633517382854 0.9197394827328138 87
1633517408060 0.9200512515830395 88
1633517433545 0.926573441647761 89
1633517459142 0.9332934467550554 90
1633517485653 0.92894157701369 91
1633517510891 0.9244322475333455 92
1633517536058 0.9257419943076449 93
1633517561696 0.9312775194124929 94
1633517587238 0.9212660163995838 95
1633517613207 0.9214489165473062 96
1633517638919 0.9186383490791826 97
1633517664616 0.926419425575217 98
1633517689741 0.9216641351617715 99
1633517717736 0.927058907084143 100
1633517743045 0.9249346582546306 101
1633517768763 0.928717653981283 102
1633517794281 0.9280841918654432 103
1633517820018 0.928332009047992 104
1633517845568 0.9227680377448906 105
1633517871125 0.9161626276151598 106
1633517896833 0.9217280217403517 107
1633517922346 0.9244688294478891 108
