1633515194425 0.8532661939231672 1
1633515219751 0.9642193697069509 2
1633515245512 0.9616926185287447 3
1633515270943 0.9843534207765512 4
1633515296904 0.9605024931862781 5
1633515322818 0.9613997226690896 6
1633515348310 0.9750370269002586 7
1633515373648 0.9721362902343068 8
1633515399240 0.9811900435966181 9
1633515424883 0.9626868412227851 10
1633515450617 0.9506489893093664 11
1633515476197 0.9707832726539598 12
1633515501784 0.9714847793769125 13
1633515527003 0.9832194294973235 14
1633515552565 0.9693486667695244 15
1633515578262 0.9763175692260934 16
1633515603367 0.9834299929556728 17
1633515628674 0.9834581916993536 18
1633515653874 0.9851381105858878 19
1633515681808 0.9623675714221507 20
1633515706820 0.9693220081865318 21
1633515731882 0.9726007098760144 22
1633515756839 0.9692505124001229 23
1633515781788 0.9818328032126629 24
1633515807547 0.9779114008064104 25
1633515832887 0.9788802861779613 26
1633515857606 0.9774432423480414 27
1633515883036 0.9695044723618689 28
1633515908171 0.9694256039401508 29
1633515933269 0.983366373918338 30
1633515958388 0.9757217362734636 31
1633515983370 0.9790402251770598 32
1633516008084 0.9761280271998276 33
1633516033636 0.9759847937078979 34
1633516058618 0.9794448243077155 35
1633516083627 0.9737792358413794 36
1633516108748 0.9750121281364433 37
1633516133914 0.9754410638308155 38
1633516159186 0.9796432173991253 39
1633516186973 0.9811622113558048 40
1633516211888 0.9809936985927431 41
1633516237295 0.9741104656822345 42
1633516262819 0.9724718035661563 43
1633516288520 0.975932363567961 44
1633516314456 0.9768275987796198 45
1633516339537 0.9802667429098314 46
1633516364392 0.9842348478689313 47
1633516390010 0.9822480828049631 48
1633516415086 0.9742365158318635 49
1633516440064 0.9757283239752285 50
1633516464899 0.9783679876019575 51
1633516490160 0.9764602994171339 52
1633516515078 0.9779139078781219 53
1633516539965 0.9795304648730419 54
1633516565042 0.9711448119064107 55
1633516590351 0.982956505343979 56
1633516615610 0.97889736172091 57
1633516640868 0.978657259984896 58
1633516665799 0.9750663889092356 59
1633516693824 0.9730105322814921 60
1633516719019 0.9739740424833352 61
1633516744472 0.9740717679520599 62
1633516769767 0.9791405297725775 63
1633516795172 0.9699512431776771 64
1633516820520 0.977996448065269 65
1633516845692 0.9720590286278784 66
1633516871175 0.9764336256375887 67
1633516896568 0.9738106611427506 68
1633516921998 0.9682337043615865 69
1633516947448 0.9817924779197764 70
1633516972605 0.9704116493419307 71
1633516997932 0.9776121887135558 72
1633517024074 0.9708376396055739 73
1633517049811 0.9723699557091284 74
1633517074973 0.9791320576360186 75
1633517100013 0.976998104351394 76
1633517126030 0.9811180640899353 77
1633517151329 0.9799050741437167 78
1633517176563 0.9747905982872832 79
1633517204732 0.9757238866725464 80
1633517230339 0.9828629624706127 81
1633517255887 0.9762579480298562 82
1633517281481 0.9793920791607277 83
1633517306815 0.9784941460104589 84
1633517332332 0.9801931992388792 85
1633517357501 0.9775549249019629 86
1633517382853 0.9768058337024023 87
1633517408058 0.9780084120548364 88
1633517433544 0.9731822080929199 89
1633517459140 0.977810536980232 90
1633517485651 0.9756933632208736 91
1633517510889 0.9766113457412908 92
1633517536056 0.9777258566461761 93
1633517561694 0.97601760031619 94
1633517587236 0.9800995017822468 95
1633517613206 0.9788172638392052 96
1633517638918 0.9836042697854571 97
1633517664614 0.9770525906173707 98
1633517689739 0.9798628824253467 99
1633517717734 0.9812722240651989 100
1633517743043 0.9798622706884847 101
1633517768761 0.978931638685734 102
1633517794279 0.9736550529363006 103
1633517820016 0.9774786049995754 104
1633517845566 0.9785678758217856 105
1633517871123 0.9783504101917334 106
1633517896831 0.9784024029746032 107
1633517922344 0.9760048307057978 108
