1633515194594 0.8532661939231672 1
1633515220127 0.9642193697069509 2
1633515271313 0.9843534207765512 4
1633515297252 0.9605024931862781 5
1633515323183 0.9613997226690896 6
1633515374016 0.9721362902343068 8
1633515552929 0.9693486667695244 15
1633515782427 0.9818328032126629 24
1633515858019 0.9774432423480414 27
1633516008496 0.9761280271998276 33
1633516134325 0.9754410638308155 38
1633516263294 0.9724718035661563 43
1633516288994 0.975932363567961 44
1633516998461 0.9776121887135558 72
1633517100542 0.976998104351394 76
1633517459945 0.977810536980232 90
