1633515191374 0.4383310428032508 0
1633515217138 0.2815183231463799 0
1633515242898 0.24019680527540355 0
1633515268334 0.22601149552143537 0
1633515294346 0.19453070817085413 0
1633515320245 0.1899087029007765 0
1633515345707 0.17951058584910173 0
1633515371076 0.17413345999442614 0
1633515396566 0.17563064144207882 0
1633515422288 0.17001234407608326 0
1633515448034 0.15987978119116564 0
1633515473549 0.16027506303328734 0
1633515499212 0.1578812666810476 0
1633515524384 0.15610914356433428 0
1633515549988 0.147728408070711 0
1633515575655 0.1555146928016956 0
1633515600760 0.1481675568681497 0
1633515625973 0.1437383561180188 0
1633515651279 0.14069598340071165 0
1633515676448 0.1431953197488418 0
1633515704176 0.1394886655303148 0
1633515729197 0.14091012959296886 0
1633515754209 0.14049114756859266 0
1633515779139 0.1356910880941611 0
1633515804919 0.13502651676535607 0
1633515830250 0.13162008604178063 0
1633515854974 0.1295675984941996 0
1633515880407 0.1285277912249932 0
1633515905374 0.1320657124886146 0
1633515930606 0.1307335281601319 0
1633515955724 0.12712757925574597 0
1633515980726 0.1255965296465617 0
1633516005444 0.1205487901201615 0
1633516030950 0.12015140308783605 0
1633516055983 0.12084075693900768 0
1633516080979 0.11862440917354364 0
1633516106097 0.12060786222036068 0
1633516131282 0.12122303671561754 0
1633516156506 0.12949818349801578 0
1633516181536 0.11874988411481564 0
1633516209156 0.11955978113871354 0
1633516234555 0.11687431232287333 0
1633516260132 0.1135524666080108 0
1633516285847 0.10913230960185712 0
1633516311773 0.10882938962716322 0
1633516336768 0.11333778678224637 0
1633516361602 0.10963074874419432 0
1633516387288 0.11242934602957505 0
1633516412369 0.1111636914885961 0
1633516437261 0.1093804731965065 0
1633516462199 0.11136369647888036 0
1633516487487 0.10884743607961214 0
1633516512371 0.10725899247022776 0
1633516537263 0.10895261661364482 0
1633516562248 0.10932101939733212 0
1633516587612 0.09981651707337452 0
1633516612882 0.10709089803007933 0
1633516638162 0.10554452664577044 0
1633516663100 0.1050930095406679 0
1633516688316 0.1022424469773586 0
1633516716266 0.10180635274602817 0
1633516741634 0.10439404965593264 0
1633516767035 0.10468399719550059 0
1633516792426 0.11516104191541672 0
1633516817784 0.10630243764473842 0
1633516842958 0.10273398235440254 0
1633516868412 0.1032522955766091 0
1633516893826 0.10263981194450306 0
1633516919235 0.10368425055192067 0
1633516944690 0.10479014126154093 0
1633516969853 0.10246112323724306 0
1633516995196 0.09669172500188535 0
1633517021325 0.09975104045409422 0
1633517046741 0.09642818484168786 0
1633517072214 0.09613202214241028 0
1633517097265 0.09341700799190081 0
1633517123266 0.09501583874225616 0
1633517148564 0.09586563224975879 0
1633517173808 0.09635792477772787 0
1633517199028 0.10260837897658348 0
1633517227320 0.10326788287896377 0
1633517252977 0.09257081489150341 0
1633517278654 0.08717629645879452 0
1633517303999 0.0943409821161857 0
1633517329538 0.09699834120961336 0
1633517354715 0.09967345320261442 0
1633517380034 0.08893192078058536 0
1633517405235 0.09602094951730508 0
1633517430744 0.09404464673537474 0
1633517456327 0.09104875927934279 0
1633517482827 0.09336968064308167 0
1633517508076 0.09137538144221673 0
1633517533252 0.09172348947479175 0
1633517558846 0.09303474214214545 0
1633517584333 0.08948029050460228 0
1633517610150 0.08845330711740713 0
1633517636111 0.08549456441631684 0
1633517661720 0.09504060458678465 0
1633517686904 0.0992462654526417 0
1633517712144 0.08560457739692467 0
1633517740188 0.08667448271925633 0
1633517765916 0.08483168282187901 0
1633517791427 0.090253385500266 0
1633517817135 0.08663965515219248 0
1633517842722 0.08635428788570257 0
1633517868264 0.09089077682449268 0
1633517893961 0.09132532987457055 0
1633517919319 0.08524169887487705 0
