1633522059580 0.8407417066169508 1
1633522095655 0.9496016068892046 2
1633522132204 0.9451978278882576 3
1633522169396 0.9525810010505446 4
1633522205736 0.9521734064275568 5
1633522241986 0.9582572705817946 6
1633522278733 0.9556503295898438 7
1633522315188 0.9591052893436316 8
1633522351337 0.957364862615412 9
1633522387293 0.9615661158706202 10
1633522423602 0.9618296767726089 11
1633522459922 0.9612216371478457 12
1633522495808 0.961195049863873 13
1633522532269 0.9584232677112926 14
1633522568366 0.9597533254912405 15
1633522604110 0.9616763953006628 16
1633522640309 0.9553530143968987 17
1633522676590 0.9614741007486979 18
1633522712880 0.9605634284741951 19
1633522751470 0.964630820534446 20
1633522787439 0.9618985725171638 21
1633522823224 0.9631493308327415 22
1633522859070 0.9621538104433002 23
1633522895238 0.9614771062677557 24
1633522931059 0.9602191809451941 25
1633522966638 0.9624693899443655 26
1633523002392 0.9600709857362689 27
1633523038217 0.9607627175071023 28
1633523073977 0.9623644279711174 29
1633523109749 0.9576046105587122 30
1633523145438 0.952555800929214 31
1633523181059 0.9643173217773438 32
1633523217045 0.9658665512547349 33
1633523253212 0.9595059481534091 34
1633523288926 0.9600871693004261 35
1633523324745 0.9644719904119318 36
1633523360339 0.9626483339251894 37
1633523396257 0.965669805353338 38
1633523432037 0.9634720773407908 39
1633523471176 0.96490478515625 40
1633523507064 0.9659379901308002 41
1633523543185 0.9652307683771307 42
1633523578936 0.9654078628077651 43
1633523614891 0.9643369732481061 44
1633523651605 0.9655516653349905 45
1633523687580 0.9661250258937026 46
1633523723854 0.9607183283025568 47
1633523759846 0.962462685324929 48
1633523795445 0.9677995623964252 49
1633523831826 0.9663472031102036 50
1633523867682 0.9663691665187026 51
1633523903358 0.9666225548946497 52
1633523939162 0.9660478071732954 53
1633523975146 0.9656029903527462 54
1633524011008 0.9623787619850852 55
1633524046805 0.965627959280303 56
1633524083072 0.9658092151988636 57
1633524119286 0.963784188935251 58
1633524156309 0.963449882738518 59
1633524195029 0.9624957460345644 60
1633524231052 0.9671945282907197 61
1633524267229 0.9652374729965673 62
1633524303849 0.9650236187559186 63
1633524339972 0.9665996667110559 64
1633524376126 0.9639346960819128 65
1633524412043 0.9657301469282671 66
1633524448276 0.9667744492039536 67
1633524484135 0.9629891135475852 68
1633524520749 0.9679144657019413 69
1633524557129 0.9659733627781724 70
1633524593223 0.9676865086410985 71
1633524629464 0.9647158998431582 72
1633524665414 0.9650802612304688 73
1633524701499 0.9663874308268229 74
1633524737534 0.9672268954190341 75
1633524773577 0.9650585290157434 76
1633524809541 0.9669887658321497 77
1633524845423 0.965913945978338 78
1633524881724 0.9671892108339252 79
1633524920543 0.9667168819543087 80
1633524956853 0.9666200117631392 81
1633524993127 0.9652222142075048 82
1633525029325 0.9668699322324811 83
1633525065533 0.9673281582919034 84
1633525101486 0.9653151541045217 85
1633525137705 0.9636854691938921 86
1633525173856 0.9658596154415247 87
1633525210200 0.966630877870502 88
1633525246546 0.9646490848425663 89
1633525282516 0.9645089814157197 90
1633525318796 0.9654238151781487 91
1633525354837 0.9668475064364347 92
1633525391082 0.9677466190222538 93
1633525427393 0.9662237456350615 94
1633525463436 0.9658203125 95
1633525500413 0.966471122972893 96
