1633522059655 0.8407417066169508 1
1633522095808 0.9496016068892046 2
1633522169545 0.9525810010505446 4
1633522242122 0.9582572705817946 6
1633522315340 0.9591052893436316 8
1633522387443 0.9615661158706202 10
1633522423754 0.9618296767726089 11
1633522751688 0.964630820534446 20
1633522966827 0.9624693899443655 26
1633523181262 0.9643173217773438 32
1633523217230 0.9658665512547349 33
1633523507316 0.9659379901308002 41
1633523795688 0.9677995623964252 49
1633524083318 0.9658092151988636 57
1633524521046 0.9679144657019413 69
