1633522059583 0.5288573107173274 1
1633522095659 0.7458635275403432 2
1633522132208 0.7378806291454634 3
1633522169400 0.7791690391892104 4
1633522205740 0.7695486070502614 5
1633522241990 0.7954356280639836 6
1633522278737 0.7886565971050961 7
1633522315192 0.8082162597388505 8
1633522351341 0.7977688042452774 9
1633522387297 0.8109185485798677 10
1633522423605 0.821942252298805 11
1633522459925 0.8114412762641804 12
1633522495812 0.8037424769435434 13
1633522532273 0.8102985149962306 14
1633522568370 0.8193443749242906 15
1633522604114 0.8215706114964119 16
1633522640313 0.8039647867235953 17
1633522676593 0.8190831286251006 18
1633522712884 0.8181071211497026 19
1633522751474 0.8338781263856461 20
1633522787443 0.8206958356346572 21
1633522823228 0.8322669312818796 22
1633522859074 0.8246791542285674 23
1633522895242 0.8324810777587611 24
1633522931063 0.8233062491938878 25
1633522966642 0.8402020608686267 26
1633523002396 0.8328812865272883 27
1633523038221 0.837864212286848 28
1633523073980 0.8338409982748884 29
1633523109753 0.8314471612876596 30
1633523145442 0.8188284754455997 31
1633523181063 0.8514338942490598 32
1633523217048 0.8557099126036909 33
1633523253216 0.8379139667465392 34
1633523288929 0.8385525429439102 35
1633523324749 0.8493476630805856 36
1633523360343 0.8421727105887747 37
1633523396261 0.85226956459728 38
1633523432041 0.8476976394714424 39
1633523471180 0.8486077649080587 40
1633523507068 0.8621506366077005 41
1633523543189 0.860106234158309 42
1633523578940 0.845488995022922 43
1633523614895 0.8454663498411403 44
1633523651609 0.8527219151025295 45
1633523687584 0.8619925046807979 46
1633523723857 0.8367995453683339 47
1633523759850 0.8515569750110232 48
1633523795449 0.8652938386965146 49
1633523831829 0.8636291785179809 50
1633523867685 0.8539502440138916 51
1633523903362 0.861954738079081 52
1633523939165 0.8578943079577706 53
1633523975150 0.8481779683495833 54
1633524011012 0.8442795586595644 55
1633524046808 0.8649813403511792 56
1633524083076 0.8655426478836609 57
1633524119289 0.8509922347121592 58
1633524156312 0.8491357885684937 59
1633524195033 0.8404131044688028 60
1633524231055 0.8581298212136835 61
1633524267232 0.85788877186709 62
1633524303853 0.8534290072507787 63
1633524339976 0.8544855566633835 64
1633524376130 0.853062551191955 65
1633524412047 0.8601618137242141 66
1633524448280 0.8610137441524364 67
1633524484139 0.8471093927639222 68
1633524520753 0.8674330854673357 69
1633524557133 0.8603962997781704 70
1633524593227 0.8614082962740758 71
1633524629467 0.8605458650366161 72
1633524665418 0.855079612896139 73
1633524701503 0.8658673896045308 74
1633524737538 0.867149879431877 75
1633524773581 0.8626452583635149 76
1633524809545 0.8650541334376951 77
1633524845427 0.8590385040863675 78
1633524881728 0.8608218113315153 79
1633524920547 0.859412384572022 80
1633524956857 0.8618894866987776 81
1633524993131 0.8582654410428181 82
1633525029329 0.8625381346344851 83
1633525065536 0.862910491475902 84
1633525101490 0.861494323284254 85
1633525137709 0.8500166379111712 86
1633525173860 0.8535534235809099 87
1633525210204 0.8613630948561474 88
1633525246549 0.8524218565026404 89
1633525282520 0.8561299605921509 90
1633525318800 0.8540056478717325 91
1633525354841 0.8572493571831249 92
1633525391086 0.8667750933368062 93
1633525427397 0.8585171600947611 94
1633525463439 0.863746164040468 95
1633525500417 0.8659890266107841 96
