1633522059659 0.5288573107173274 1
1633522095811 0.7458635275403432 2
1633522169548 0.7791690391892104 4
1633522242125 0.7954356280639836 6
1633522315343 0.8082162597388505 8
1633522387446 0.8109185485798677 10
1633522423757 0.821942252298805 11
1633522751691 0.8338781263856461 20
1633522966830 0.8402020608686267 26
1633523181265 0.8514338942490598 32
1633523217232 0.8557099126036909 33
1633523507319 0.8621506366077005 41
1633523795691 0.8652938386965146 49
1633524083321 0.8655426478836609 57
1633524521049 0.8674330854673357 69
