1633522059582 0.5540409921800573 1
1633522095658 0.7844939094448232 2
1633522132207 0.7823312694554311 3
1633522169399 0.8035180716638731 4
1633522205739 0.8061937788145594 5
1633522241989 0.8300197858058959 6
1633522278736 0.8101375160923943 7
1633522315191 0.8334730178556895 8
1633522351340 0.8100421704644355 9
1633522387296 0.8395392032356277 10
1633522423604 0.8443297844625857 11
1633522459924 0.8335427896254614 12
1633522495811 0.8386878020280452 13
1633522532272 0.845528885213458 14
1633522568369 0.8255989121374532 15
1633522604113 0.8406769047870261 16
1633522640312 0.8101019225001114 17
1633522676592 0.8446794763946349 18
1633522712883 0.8503160629272499 19
1633522751473 0.8565907601782512 20
1633522787442 0.8496615710099983 21
1633522823227 0.8450710379169853 22
1633522859073 0.843857739210627 23
1633522895241 0.8452884789550499 24
1633522931062 0.8490345694811968 25
1633522966641 0.8564221778738126 26
1633523002394 0.8555667690397047 27
1633523038220 0.850754430937415 28
1633523073980 0.8499383148439018 29
1633523109752 0.8474982647874214 30
1633523145441 0.8250790744948028 31
1633523181062 0.8712346824874099 32
1633523217048 0.875610143129358 33
1633523253215 0.8640987782073686 34
1633523288928 0.8547408159737157 35
1633523324748 0.8558312330277656 36
1633523360342 0.8651112669083133 37
1633523396260 0.8687226449949109 38
1633523432040 0.8640624587662579 39
1633523471179 0.8649901541919981 40
1633523507067 0.8720604140399729 41
1633523543188 0.8801087047201303 42
1633523578939 0.865151529790897 43
1633523614894 0.8651283579769807 44
1633523651608 0.8725526573142163 45
1633523687583 0.8820388419989559 46
1633523723856 0.8663336469695692 47
1633523759849 0.8679962988529348 48
1633523795448 0.8854169512243405 49
1633523831828 0.8803015564816485 50
1633523867685 0.8738095520142147 51
1633523903361 0.8785947909377505 52
1633523939165 0.8710926819263517 53
1633523975149 0.8746835298605078 54
1633524011011 0.8572684749466346 55
1633524046807 0.8850971854756252 56
1633524083075 0.8856715466716528 57
1633524119288 0.8607737546513794 58
1633524156311 0.8588959700462925 59
1633524195032 0.8599575952704027 60
1633524231054 0.8780863286837693 61
1633524267231 0.8778396735384176 62
1633524303852 0.859943732496968 63
1633524339975 0.8743573137950902 64
1633524376129 0.8695309402111047 65
1633524412046 0.8733950723968944 66
1633524448279 0.8776356311051862 67
1633524484138 0.8634628559446929 68
1633524520752 0.884178897928095 69
1633524557132 0.8736331659286038 70
1633524593226 0.8780378000631506 71
1633524629466 0.8771587195740027 72
1633524665417 0.8715869413304274 73
1633524701502 0.882582976276433 74
1633524737537 0.8771171194253469 75
1633524773580 0.8759167238767998 76
1633524809544 0.8783626585675058 77
1633524845426 0.8756222589915097 78
1633524881727 0.8808409232229459 79
1633524920546 0.8726341135654376 80
1633524956856 0.875149324955682 81
1633524993130 0.8648170856309312 82
1633525029328 0.8758079520904002 83
1633525065536 0.8761860374986082 84
1633525101489 0.8849591492102843 85
1633525137708 0.8697844666998031 86
1633525173859 0.8700312889010047 87
1633525210203 0.8813947947365229 88
1633525246548 0.87563957243851 89
1633525282519 0.8760399596756892 90
1633525318799 0.873866244333866 91
1633525354840 0.8771853887455232 92
1633525391085 0.8835082032467831 93
1633525427396 0.8750908504440807 94
1633525463438 0.8804208004119056 95
1633525500416 0.8827069614874402 96
