1633522059658 0.5540409921800573 1
1633522095810 0.7844939094448232 2
1633522169547 0.8035180716638731 4
1633522242124 0.8300197858058959 6
1633522315342 0.8334730178556895 8
1633522387445 0.8395392032356277 10
1633522423756 0.8443297844625857 11
1633522751690 0.8565907601782512 20
1633522966829 0.8564221778738126 26
1633523181264 0.8712346824874099 32
1633523217232 0.875610143129358 33
1633523507318 0.8720604140399729 41
1633523795690 0.8854169512243405 49
1633524083320 0.8856715466716528 57
1633524521048 0.884178897928095 69
