1633522059660 6.003996415095801 1
1633522095812 4.3328613699565555 2
1633522169549 4.125695226624094 4
1633522242127 3.9736498822663036 6
1633522315344 3.8562279514175573 8
1633522387448 3.8181482313821484 10
1633522423758 3.8463570617242926 11
1633522751692 3.72866616466061 20
1633522966832 3.7165073386939436 26
1633523181266 3.657028766315883 32
1633523217234 3.5658031857690884 33
1633523507320 3.609805956182615 41
1633523795692 3.5344050236281888 49
1633524083322 3.581377117343884 57
1633524521050 3.541952368282576 69
