1633522059585 6.003996415095801 1
1633522095661 4.3328613699565555 2
1633522132209 4.19849206252471 3
1633522169401 4.125695226624094 4
1633522205741 4.138503329419016 5
1633522241991 3.9736498822663036 6
1633522278738 4.048051624548574 7
1633522315193 3.8562279514175573 8
1633522351342 4.083632394956046 9
1633522387298 3.8181482313821484 10
1633522423607 3.8463570617242926 11
1633522459927 3.9130497956099015 12
1633522495813 3.797568857888815 13
1633522532274 3.85085225041297 14
1633522568372 3.8512417760927313 15
1633522604116 3.7815888945166196 16
1633522640314 4.07582597667118 17
1633522676595 3.8426939734144043 18
1633522712885 3.8675048173791837 19
1633522751475 3.72866616466061 20
1633522787444 3.8551141907825857 21
1633522823230 3.7040705837579875 22
1633522859075 3.7406116739956374 23
1633522895243 3.7032038250441204 24
1633522931065 3.852557984718655 25
1633522966643 3.7165073386939436 26
1633523002397 3.7750401484836726 27
1633523038223 3.7324086600419646 28
1633523073982 3.867174127808706 29
1633523109754 3.7921756456158318 30
1633523145444 3.973680346376503 31
1633523181064 3.657028766315883 32
1633523217050 3.5658031857690884 33
1633523253217 3.75623861319097 34
1633523288931 3.7629424803178346 35
1633523324751 3.7181984627100793 36
1633523360344 3.705833058520152 37
1633523396262 3.6040211427650566 38
1633523432043 3.628884435651404 39
1633523471181 3.662712954203098 40
1633523507069 3.609805956182615 41
1633523543191 3.5770189191657447 42
1633523578942 3.645520368734511 43
1633523614896 3.615145801815286 44
1633523651610 3.613976144492279 45
1633523687585 3.553929405017217 46
1633523723859 3.6774066691787453 47
1633523759852 3.6469685685978908 48
1633523795450 3.5344050236281888 49
1633523831831 3.5329184151899886 50
1633523867687 3.625553825542176 51
1633523903363 3.5588225408847642 52
1633523939167 3.5722081371536523 53
1633523975151 3.5745963911885488 54
1633524011013 3.7049453431006167 55
1633524046810 3.5332293368627874 56
1633524083077 3.581377117343884 57
1633524119291 3.626099124130954 58
1633524156314 3.696300844099431 59
1633524195034 3.719622171502774 60
1633524231057 3.5459555436386845 61
1633524267234 3.5588536020439316 62
1633524303855 3.678928111286404 63
1633524339977 3.5508725268942696 64
1633524376131 3.6510053940624507 65
1633524412048 3.56572798739731 66
1633524448281 3.5501007617782894 67
1633524484140 3.657118661346272 68
1633524520755 3.541952368282576 69
1633524557134 3.6063928405830796 70
1633524593228 3.541669762699831 71
1633524629469 3.6012361628420835 72
1633524665419 3.6579154798327576 73
1633524701505 3.5385284122613108 74
1633524737539 3.5249799378107056 75
1633524773582 3.553192927458334 76
1633524809546 3.567294660321701 77
1633524845428 3.5613402266022365 78
1633524881729 3.5541813267804194 79
1633524920549 3.5736670256472824 80
1633524956859 3.5665717772942993 81
1633524993132 3.580986670698915 82
1633525029330 3.5431732751219203 83
1633525065538 3.546269145009579 84
1633525101491 3.537390061399952 85
1633525137710 3.6216593719186685 86
1633525173861 3.6083623447600663 87
1633525210205 3.5294895095735255 88
1633525246551 3.615269664565734 89
1633525282522 3.547249372449094 90
1633525318801 3.566892030703761 91
1633525354843 3.5720794001063774 92
1633525391088 3.529373821774019 93
1633525427399 3.6071228652780585 94
1633525463441 3.569502109241151 95
1633525500419 3.5358068968946057 96
