1633522059583 0.42726798995490545 1
1633522095659 0.6535391376764059 2
1633522132207 0.64602357895882 3
1633522169399 0.6925411489662727 4
1633522205739 0.6835295908528872 5
1633522241989 0.7118209147292862 6
1633522278736 0.7026374828679953 7
1633522315191 0.7270702280984069 8
1633522351340 0.7157862399369298 9
1633522387296 0.7326690403602907 10
1633522423605 0.7397373020702458 11
1633522459925 0.7306095667465702 12
1633522495811 0.7286381198768896 13
1633522532273 0.7325052422370647 14
1633522568370 0.7405867093632508 15
1633522604114 0.7434142515662602 16
1633522640312 0.7163542649517932 17
1633522676593 0.7425217574394856 18
1633522712883 0.7400392582724411 19
1633522751473 0.7595996277969405 20
1633522787442 0.744716400587645 21
1633522823228 0.7559599266881473 22
1633522859073 0.748780534691512 23
1633522895241 0.7574585931536428 24
1633522931062 0.745733781827886 25
1633522966641 0.7684506515123367 26
1633523002395 0.7606010860397793 27
1633523038221 0.7653198782761543 28
1633523073980 0.7576280275229268 29
1633523109752 0.7549358594002273 30
1633523145442 0.7432681172592593 31
1633523181062 0.778897256564638 32
1633523217048 0.7888498043741823 33
1633523253216 0.7690859245631525 34
1633523288929 0.766675586059387 35
1633523324749 0.7773666834590771 36
1633523360342 0.7684298167246381 37
1633523396260 0.783041167489662 38
1633523432041 0.7746661027616458 39
1633523471179 0.7770779316828924 40
1633523507067 0.7939215332979498 41
1633523543189 0.7917894057207381 42
1633523578940 0.7756571023554176 43
1633523614894 0.7710990881738713 44
1633523651608 0.7849531698790966 45
1633523687583 0.7960125163460935 46
1633523723857 0.7656977688111641 47
1633523759850 0.7801316983901203 48
1633523795448 0.7972184326679057 49
1633523831829 0.7945648097790755 50
1633523867685 0.7841190603510664 51
1633523903361 0.7946080616802516 52
1633523939165 0.7913943626088017 53
1633523975149 0.7817812573959614 54
1633524011011 0.7743514349389952 55
1633524046808 0.7957122690013111 56
1633524083076 0.7971305232489461 57
1633524119289 0.7812378086196458 58
1633524156312 0.7744353505562859 59
1633524195032 0.7723285647400451 60
1633524231055 0.7904483598558717 61
1633524267232 0.7883120954965062 62
1633524303853 0.7823387882510604 63
1633524339975 0.787567837945438 64
1633524376129 0.7842059656673119 65
1633524412046 0.7920496630699936 66
1633524448279 0.7933392665900748 67
1633524484138 0.7788803451541517 68
1633524520753 0.7984922256738004 69
1633524557132 0.7904469753592596 70
1633524593226 0.7936923863518619 71
1633524629467 0.792526833432324 72
1633524665417 0.7875077079902639 73
1633524701502 0.7995427362108865 74
1633524737537 0.8000993786607297 75
1633524773580 0.796608729330672 76
1633524809544 0.7979379876247599 77
1633524845426 0.7928018582460092 78
1633524881728 0.7949812205277178 79
1633524920547 0.7934231484168841 80
1633524956857 0.7939257101927826 81
1633524993130 0.7895252769163308 82
1633525029328 0.7963158168555385 83
1633525065536 0.7946502903065468 84
1633525101489 0.7977106543414813 85
1633525137708 0.7823695438196526 86
1633525173859 0.7863851777478967 87
1633525210204 0.7963046993674782 88
1633525246549 0.7854189497917479 89
1633525282520 0.7892718272215133 90
1633525318800 0.7880366201637564 91
1633525354841 0.7922697507229542 92
1633525391086 0.801658082249619 93
1633525427397 0.7922045288376244 94
1633525463439 0.7993808204844274 95
1633525500417 0.7997834333239712 96
