1633522059658 0.42726798995490545 1
1633522095810 0.6535391376764059 2
1633522169547 0.6925411489662727 4
1633522242125 0.7118209147292862 6
1633522315342 0.7270702280984069 8
1633522387446 0.7326690403602907 10
1633522423756 0.7397373020702458 11
1633522751690 0.7595996277969405 20
1633522966830 0.7684506515123367 26
1633523181264 0.778897256564638 32
1633523217232 0.7888498043741823 33
1633523507318 0.7939215332979498 41
1633523795690 0.7972184326679057 49
1633524083321 0.7971305232489461 57
1633524521049 0.7984922256738004 69
