1633522059581 0.468612846837514 1
1633522095656 0.7831847854413037 2
1633522132205 0.8459134855854246 3
1633522169397 0.7711453340667913 4
1633522205737 0.7840361336092765 5
1633522241987 0.8106552849453265 6
1633522278734 0.8008275706552921 7
1633522315189 0.8302110951751626 8
1633522351338 0.7803304906486638 9
1633522387294 0.8241028716873193 10
1633522423603 0.8356594883292504 11
1633522459923 0.8089274218091363 12
1633522495809 0.846059659228944 13
1633522532270 0.8343253284942119 14
1633522568368 0.8122024686897964 15
1633522604112 0.8457538897692086 16
1633522640310 0.7623594774552713 17
1633522676590 0.8224195816343615 18
1633522712881 0.8295782774597537 19
1633522751471 0.8461805166503256 20
1633522787440 0.8624477650528092 21
1633522823226 0.8362636179788737 22
1633522859071 0.8517096941060553 23
1633522895239 0.8440258596667681 24
1633522931060 0.8509537158257159 25
1633522966639 0.8495753209098543 26
1633523002393 0.8367406622670168 27
1633523038218 0.8344235321520276 28
1633523073978 0.8297740374462659 29
1633523109750 0.8408899461910299 30
1633523145440 0.8057678673207547 31
1633523181060 0.8621915437275472 32
1633523217046 0.8849994472654293 33
1633523253213 0.8362906271841518 34
1633523288927 0.83150220729393 35
1633523324746 0.8762525281735866 36
1633523360340 0.8470107965225102 37
1633523396258 0.8749348058206191 38
1633523432038 0.8726557730077149 39
1633523471177 0.8688234249369687 40
1633523507065 0.8787279301924269 41
1633523543187 0.8619712943919448 42
1633523578937 0.8586879961145382 43
1633523614892 0.896716968518238 44
1633523651606 0.8545016904778971 45
1633523687581 0.87109717205061 46
1633523723855 0.8906737233800411 47
1633523759847 0.8748843620471501 48
1633523795446 0.8892246358509034 49
1633523831827 0.8744129105614538 50
1633523867683 0.8577622724911237 51
1633523903359 0.874171576113813 52
1633523939163 0.8612964138285747 53
1633523975147 0.8774976710898476 54
1633524011009 0.8389618022871959 55
1633524046806 0.8960473688561225 56
1633524083073 0.8866531632891069 57
1633524119287 0.8721245536715837 58
1633524156310 0.8200294268327262 59
1633524195030 0.8393698964075222 60
1633524231053 0.884120469883266 61
1633524267230 0.8746278416002183 62
1633524303851 0.8598694274575412 63
1633524339973 0.8750255117582941 64
1633524376127 0.8603056538567377 65
1633524412044 0.8894419395452088 66
1633524448277 0.8967295177447862 67
1633524484136 0.8599917196337059 68
1633524520750 0.8695531224024832 69
1633524557130 0.8830893497186572 70
1633524593224 0.8811519568195068 71
1633524629465 0.8677937638060547 72
1633524665415 0.8630352754860614 73
1633524701500 0.8746699713152128 74
1633524737535 0.8867532819593039 75
1633524773578 0.8643475717361968 76
1633524809542 0.8793638178836478 77
1633524845424 0.8712221821299388 78
1633524881725 0.8800199089147924 79
1633524920545 0.8775386828455675 80
1633524956855 0.8841299820947219 81
1633524993128 0.8836841579344126 82
1633525029326 0.8836709189910421 83
1633525065534 0.8802514001000584 84
1633525101487 0.8783168073510498 85
1633525137706 0.8637127494090566 86
1633525173857 0.8610586928688838 87
1633525210201 0.875312652155422 88
1633525246547 0.871922249678642 89
1633525282518 0.883724186787412 90
1633525318797 0.8640499209234359 91
1633525354838 0.8644707156128927 92
1633525391083 0.8820555061127484 93
1633525427394 0.8594624894129503 94
1633525463437 0.8805430118778184 95
1633525500415 0.8920841367493694 96
