1633522059660 0.6527057178102372 1
1633522095812 0.8059104452995697 2
1633522169549 0.8219577456709924 4
1633522242126 0.8428386896367382 6
1633522315344 0.8503792494723683 8
1633522387447 0.8492338189788772 10
1633522423758 0.8619243797328168 11
1633522751692 0.8708191875532693 20
1633522966831 0.86974417309822 26
1633523181265 0.8762218577727268 32
1633523217233 0.8810125502742217 33
1633523507320 0.8876768155651928 41
1633523795692 0.892212144465604 49
1633524083322 0.8939048333283932 57
1633524521050 0.8895684324185168 69
