1633522059584 0.6527057178102372 1
1633522095660 0.8059104452995697 2
1633522132209 0.8208523433835234 3
1633522169401 0.8219577456709924 4
1633522205741 0.8221470851782378 5
1633522241991 0.8428386896367382 6
1633522278738 0.839630941151455 7
1633522315193 0.8503792494723683 8
1633522351342 0.8416630444407105 9
1633522387298 0.8492338189788772 10
1633522423606 0.8619243797328168 11
1633522459926 0.8541224373999072 12
1633522495813 0.8619923803857265 13
1633522532274 0.854085878986956 14
1633522568371 0.854294857414005 15
1633522604115 0.8607865044540322 16
1633522640314 0.8472464193039533 17
1633522676594 0.8598179729177646 18
1633522712885 0.8589177974439357 19
1633522751475 0.8708191875532693 20
1633522787444 0.8627601735005239 21
1633522823229 0.8682001164545581 22
1633522859075 0.8636650273956776 23
1633522895243 0.8649568567522952 24
1633522931064 0.8698891160194125 25
1633522966643 0.86974417309822 26
1633523002396 0.86372186071516 27
1633523038222 0.8734777375789008 28
1633523073981 0.8685629562145009 29
1633523109754 0.860523542490371 30
1633523145443 0.8558263349940662 31
1633523181064 0.8762218577727268 32
1633523217049 0.8810125502742217 33
1633523253217 0.8650695809879299 34
1633523288930 0.8643666278967204 35
1633523324750 0.8766470454348441 36
1633523360344 0.8668056833532565 37
1633523396262 0.8769486048856382 38
1633523432042 0.8766518975320378 39
1633523471181 0.8816378930473946 40
1633523507069 0.8876768155651928 41
1633523543190 0.884196212454796 42
1633523578941 0.8816747130311309 43
1633523614896 0.8805967772281944 44
1633523651610 0.8783033110959412 45
1633523687585 0.8861775069785351 46
1633523723858 0.8735676260697731 47
1633523759851 0.8785971209255315 48
1633523795450 0.892212144465604 49
1633523831830 0.8880139619853584 50
1633523867686 0.8802297780447592 51
1633523903362 0.8842076602883346 52
1633523939166 0.8809556758953869 53
1633523975151 0.875038495382764 54
1633524011013 0.8727228459029095 55
1633524046809 0.8883434346005507 56
1633524083077 0.8939048333283932 57
1633524119290 0.8757417234636533 58
1633524156313 0.8739721510711436 59
1633524195034 0.8688719266653256 60
1633524231056 0.8844203943706254 61
1633524267233 0.881677900797005 62
1633524303854 0.8779451200482223 63
1633524339977 0.8840356355562552 64
1633524376131 0.8819312494369068 65
1633524412048 0.8869539486665947 66
1633524448281 0.8895126968816224 67
1633524484140 0.8737360806538522 68
1633524520754 0.8895684324185168 69
1633524557134 0.8900058212566083 70
1633524593228 0.8902103102816129 71
1633524629468 0.885910131867942 72
1633524665419 0.8844851617611121 73
1633524701504 0.8932084297708931 74
1633524737539 0.8926183895942146 75
1633524773581 0.8888730712767949 76
1633524809545 0.8911390111449778 77
1633524845428 0.8890835310416322 78
1633524881729 0.8890298290244406 79
1633524920548 0.8901306361589665 80
1633524956858 0.8922454733490991 81
1633524993132 0.8859987373563474 82
1633525029330 0.8930707241853197 83
1633525065537 0.8899263127469005 84
1633525101491 0.8868370905153468 85
1633525137710 0.8826313326734957 86
1633525173861 0.8841125374851817 87
1633525210205 0.8873372284779867 88
1633525246550 0.8778811180598759 89
1633525282521 0.8848899527066855 90
1633525318801 0.8808008084169289 91
1633525354842 0.8833736978249341 92
1633525391087 0.8915124923887686 93
1633525427398 0.885618084310005 94
1633525463440 0.888022036800102 95
1633525500418 0.8894057306431102 96
