1633522059656 0.468612846837514 1
1633522095808 0.7831847854413037 2
1633522169545 0.7711453340667913 4
1633522242123 0.8106552849453265 6
1633522315340 0.8302110951751626 8
1633522387444 0.8241028716873193 10
1633522423755 0.8356594883292504 11
1633522751688 0.8461805166503256 20
1633522966828 0.8495753209098543 26
1633523181262 0.8621915437275472 32
1633523217230 0.8849994472654293 33
1633523507316 0.8787279301924269 41
1633523795688 0.8892246358509034 49
1633524083319 0.8866531632891069 57
1633524521047 0.8695531224024832 69
