1633522059581 0.8125908960961169 1
1633522095657 0.7943727102300114 2
1633522132206 0.7462244595857489 3
1633522169398 0.8513597765934448 4
1633522205738 0.830722202171314 5
1633522241988 0.8493878089515887 6
1633522278735 0.8511222197950662 7
1633522315190 0.8449453937678871 8
1633522351339 0.8823030096065587 9
1633522387295 0.8495341866135754 10
1633522423603 0.8627755572108625 11
1633522459924 0.8761920842617648 12
1633522495810 0.8485775286266508 13
1633522532271 0.8459536418163027 14
1633522568368 0.8771834988901188 15
1633522604112 0.8506711661912043 16
1633522640311 0.9165695243427289 17
1633522676591 0.8753560103952358 18
1633522712882 0.8629646398063489 19
1633522751472 0.8728218450960772 20
1633522787441 0.835525683817464 21
1633522823226 0.8764279628061961 22
1633522859072 0.8499015319636182 23
1633522895240 0.8615727345847956 24
1633522931061 0.8590552519488257 25
1633522966640 0.8695220161178309 26
1633523002393 0.8707259789634333 27
1633523038219 0.8944614767495603 28
1633523073978 0.8885283397598048 29
1633523109751 0.8569661307222866 30
1633523145440 0.8889829127738148 31
1633523181061 0.8687078409219992 32
1633523217046 0.8574249262259436 33
1633523253214 0.8765381258473328 34
1633523288928 0.8797324022297383 35
1633523324747 0.8549727385758696 36
1633523360341 0.8678777910048652 37
1633523396259 0.8578768512167069 38
1633523432039 0.8568249874259487 39
1633523471178 0.873483392280637 40
1633523507066 0.8765318017958501 41
1633523543187 0.8884867538307951 42
1633523578938 0.8844695945400606 43
1633523614893 0.8370916046191861 44
1633523651607 0.8843684757770497 45
1633523687582 0.8833417921755106 46
1633523723855 0.8276007499003247 47
1633523759848 0.8580799164072628 48
1633523795447 0.8749662611889868 49
1633523831827 0.8838747103166984 50
1633523867684 0.8835874359871163 51
1633523903360 0.8751364864651576 52
1633523939164 0.8821430283552438 53
1633523975148 0.8490114679120521 54
1633524011010 0.8906070703604438 55
1633524046806 0.8586541552456083 56
1633524083074 0.880408564110677 57
1633524119287 0.8603497592176699 58
1633524156310 0.9146914872150456 59
1633524195031 0.8801624796563446 60
1633524231053 0.8624903224898186 61
1633524267230 0.8677692602025684 62
1633524303852 0.8779358830198533 63
1633524339973 0.8718815749294865 64
1633524376128 0.8843498140106144 65
1633524412045 0.8634747349398108 66
1633524448278 0.8602289060701762 67
1633524484137 0.8685399754121517 68
1633524520751 0.8924250891681014 69
1633524557131 0.8757000175992904 70
1633524593225 0.8791951917779881 71
1633524629465 0.8860051863596629 72
1633524665416 0.8875088234383207 73
1633524701501 0.8939030579705052 74
1633524737536 0.8788463058231186 75
1633524773579 0.8970490421689683 76
1633524809543 0.8844965881248724 77
1633524845425 0.8882124660898175 78
1633524881726 0.8785909977970094 79
1633524920545 0.8832707093017205 80
1633524956855 0.8780271009992707 81
1633524993129 0.8674921277795337 82
1633525029327 0.8836477253176961 83
1633525065534 0.8794673999149303 84
1633525101488 0.8766009846537597 85
1633525137706 0.8814418779257589 86
1633525173858 0.8880640692655152 87
1633525210202 0.8817217583506967 88
1633525246547 0.8643475175733176 89
1633525282518 0.8647530355070416 90
1633525318798 0.8796836100106589 91
1633525354839 0.885087067485466 92
1633525391084 0.8821124241362487 93
1633525427395 0.8958830174978195 94
1633525463437 0.8767076355609413 95
1633525500415 0.8646782908219947 96
