1633522059657 0.8125908960961169 1
1633522095809 0.7943727102300114 2
1633522169546 0.8513597765934448 4
1633522242123 0.8493878089515887 6
1633522315341 0.8449453937678871 8
1633522387444 0.8495341866135754 10
1633522423755 0.8627755572108625 11
1633522751689 0.8728218450960772 20
1633522966828 0.8695220161178309 26
1633523181263 0.8687078409219992 32
1633523217231 0.8574249262259436 33
1633523507317 0.8765318017958501 41
1633523795689 0.8749662611889868 49
1633524083319 0.880408564110677 57
1633524521047 0.8924250891681014 69
