1633522059584 0.8289217497297237 1
1633522095660 0.8815031816508831 2
1633522132208 0.8653674868092993 3
1633522169400 0.9079853736551912 4
1633522205740 0.9013705900527179 5
1633522241990 0.9107117263859436 6
1633522278737 0.9121184306629697 7
1633522315192 0.9126038063666919 8
1633522351341 0.9265629380996626 9
1633522387297 0.9150305652788694 10
1633522423606 0.9205776769969517 11
1633522459926 0.9261830948099659 12
1633522495812 0.914956119113843 13
1633522532274 0.9119870159578793 14
1633522568371 0.9243642261854244 15
1633522604115 0.9154364708060625 16
1633522640313 0.9386407767924954 17
1633522676594 0.9260757805364684 18
1633522712884 0.9200886113282523 19
1633522751474 0.9265760260884552 20
1633522787443 0.908673544958446 21
1633522823229 0.9287546030307444 22
1633522859074 0.9160060892550494 23
1633522895242 0.9213710625152056 24
1633522931064 0.9204508591326155 25
1633522966642 0.9232287710445661 26
1633523002396 0.9208628583778751 27
1633523038222 0.9325193615270013 28
1633523073981 0.9313221892377431 29
1633523109753 0.91437285770247 30
1633523145443 0.9243531865684046 31
1633523181063 0.9248306647706562 32
1633523217049 0.9177566204737144 33
1633523253216 0.923047512785832 34
1633523288930 0.9246086567471696 35
1633523324750 0.9177896842138819 36
1633523360343 0.9206867878974381 37
1633523396261 0.9198473837300407 38
1633523432042 0.9192367180537867 39
1633523471180 0.9249509904300949 40
1633523507068 0.9287378040545483 41
1633523543190 0.9321493796064536 42
1633523578941 0.9308855091903948 43
1633523614895 0.912050001752815 44
1633523651609 0.9300657360027834 45
1633523687584 0.9304823761799825 46
1633523723858 0.9056840245783727 47
1633523759851 0.9206142455740755 48
1633523795449 0.9280434041592127 49
1633523831830 0.9306148813896046 50
1633523867686 0.9311858883339963 51
1633523903362 0.9278391233623354 52
1633523939166 0.9304462758774708 53
1633523975150 0.9166114082132346 54
1633524011012 0.930754538703912 55
1633524046809 0.9204789040020303 56
1633524083077 0.9295644950199556 57
1633524119290 0.9182619282366643 58
1633524156313 0.9409020862431655 59
1633524195033 0.9273852714304703 60
1633524231056 0.92369735695009 61
1633524267233 0.9245516640879798 62
1633524303854 0.9270943921613912 63
1633524339976 0.9261919412607762 64
1633524376130 0.9295855781201517 65
1633524412047 0.9221864368665382 66
1633524448280 0.921988219708624 67
1633524484140 0.922120940810136 68
1633524520754 0.935378536469971 69
1633524557133 0.9283495876515849 70
1633524593227 0.9302489534688297 71
1633524629468 0.9309160780366988 72
1633524665418 0.9323076671248726 73
1633524701504 0.9351443656970365 74
1633524737538 0.929841597786354 75
1633524773581 0.9352022882058116 76
1633524809545 0.9314025289592336 77
1633524845427 0.9320615297899929 78
1633524881729 0.928970063876073 79
1633524920548 0.931150635242726 80
1633524956858 0.9305431748248719 81
1633524993131 0.9242167902884969 82
1633525029329 0.9308613828359676 83
1633525065537 0.930593903249957 84
1633525101490 0.9268732982843577 85
1633525137709 0.929378972541397 86
1633525173860 0.932991922869361 87
1633525210204 0.9294289862698327 88
1633525246550 0.9215265956016009 89
1633525282521 0.9217371273300943 90
1633525318800 0.9270845303321247 91
1633525354842 0.931124643127129 92
1633525391086 0.9312556341397182 93
1633525427398 0.9349545478729372 94
1633525463440 0.9276285489645303 95
1633525500418 0.9248022091636532 96
