1633522059659 0.8289217497297237 1
1633522095811 0.8815031816508831 2
1633522169548 0.9079853736551912 4
1633522242126 0.9107117263859436 6
1633522315343 0.9126038063666919 8
1633522387447 0.9150305652788694 10
1633522423757 0.9205776769969517 11
1633522751691 0.9265760260884552 20
1633522966831 0.9232287710445661 26
1633523181265 0.9248306647706562 32
1633523217233 0.9177566204737144 33
1633523507319 0.9287378040545483 41
1633523795691 0.9280434041592127 49
1633524083322 0.9295644950199556 57
1633524521050 0.935378536469971 69
