1633522059582 0.8452515433479665 1
1633522095658 0.9686012723104642 2
1633522132206 0.9844850313876936 3
1633522169398 0.9645993462018521 4
1633522205738 0.9720102856224263 5
1633522241988 0.9720289222043265 6
1633522278735 0.9730963420494017 7
1633522315190 0.9802423312564102 8
1633522351339 0.9708013229517847 9
1633522387295 0.980506645524172 10
1633522423604 0.9783702035809081 11
1633522459924 0.9761557061717225 12
1633522495810 0.9813155665377382 13
1633522532272 0.9779994922537358 14
1633522568369 0.9715446926726424 15
1633522604113 0.9801801503441812 16
1633522640311 0.9607223376380531 17
1633522676592 0.9767760026413237 18
1633522712882 0.9772018022078822 19
1633522751472 0.980318781689667 20
1633522787441 0.981811341068355 21
1633522823227 0.9810601949961714 22
1633522859073 0.9820948566895816 23
1633522895240 0.981162221429915 24
1633522931062 0.9818273029093559 25
1633522966640 0.9769266559489812 26
1633523002394 0.9709849181877952 27
1633523038220 0.9705734857198198 28
1633523073979 0.974115065293859 29
1633523109751 0.9717648810689826 30
1633523145441 0.9597205213994127 31
1633523181061 0.9809427459280143 32
1633523217047 0.9780855474177007 33
1633523253214 0.9695605719714209 34
1633523288928 0.96948153324241 35
1633523324748 0.9805907994889765 36
1633523360341 0.9734843559321052 37
1633523396260 0.9818031935295515 38
1633523432040 0.9816338231874102 39
1633523471178 0.9764214342952645 40
1633523507066 0.9809273936133855 41
1633523543188 0.9757955762366329 42
1633523578939 0.9772869103416897 43
1633523614893 0.986976594600889 44
1633523651607 0.9757549836251828 45
1633523687582 0.9776144126404054 46
1633523723856 0.9837414776372178 47
1633523759849 0.9831247358421829 48
1633523795448 0.9811074946283936 49
1633523831828 0.9773460784455824 50
1633523867684 0.9787805575275234 51
1633523903360 0.9805267077287145 52
1633523939164 0.9787442597217245 53
1633523975148 0.9841909746458867 54
1633524011010 0.9708980523729568 55
1633524046807 0.9822961855784849 56
1633524083075 0.9787095241197888 57
1633524119288 0.9761684488569169 58
1633524156311 0.9671168931441352 59
1633524195031 0.9745963135105072 60
1633524231054 0.9848856983696945 61
1633524267231 0.9813217424174634 62
1633524303852 0.9762356432622615 63
1633524339974 0.9804884480532916 64
1633524376128 0.9748145391430424 65
1633524412045 0.9808794372687234 66
1633524448278 0.9837290858537235 67
1633524484138 0.9757022525971528 68
1633524520752 0.9783315285131651 69
1633524557131 0.9809857499663659 70
1633524593225 0.9812959178132072 71
1633524629466 0.9758142132274532 72
1633524665416 0.9770977918275515 73
1633524701501 0.9763773614076301 74
1633524737536 0.9808136710840264 75
1633524773579 0.9733584173339827 76
1633524809543 0.9783065525700056 77
1633524845425 0.9759097875392412 78
1633524881727 0.9793391444770431 79
1633524920546 0.9790240328515849 80
1633524956856 0.9830399252453385 81
1633524993129 0.9809264104544625 82
1633525029327 0.9780610047555288 83
1633525065535 0.98170088903363 84
1633525101488 0.9771416714466686 85
1633525137707 0.9773026126346744 86
1633525173858 0.9779112595341629 87
1633525210203 0.9771297174690343 88
1633525246548 0.9786914141223756 89
1633525282519 0.9787063393714169 90
1633525318798 0.9744880345418485 91
1633525354840 0.9771507602028923 92
1633525391085 0.9803897771271382 93
1633525427396 0.9740288811738917 94
1633525463438 0.9785347451190739 95
1633525500416 0.98489853072326 96
