1633522059657 0.8452515433479665 1
1633522095809 0.9686012723104642 2
1633522169546 0.9645993462018521 4
1633522242124 0.9720289222043265 6
1633522315341 0.9802423312564102 8
1633522387445 0.980506645524172 10
1633522423756 0.9783702035809081 11
1633522751689 0.980318781689667 20
1633522966829 0.9769266559489812 26
1633523181263 0.9809427459280143 32
1633523217231 0.9780855474177007 33
1633523507317 0.9809273936133855 41
1633523795689 0.9811074946283936 49
1633524083320 0.9787095241197888 57
1633524521048 0.9783315285131651 69
