1633522055916 0.6504406378819392 0
1633522092362 0.5940928908494802 0
1633522128909 0.5609185081261855 0
1633522166045 0.5304635107517243 0
1633522202518 0.5087060579886803 0
1633522238761 0.4830950649885031 0
1633522275526 0.46508161288041333 0
1633522311976 0.4406033107867608 0
1633522348130 0.4228768454148219 0
1633522384041 0.40359873083921577 0
1633522420391 0.38878624576788684 0
1633522456612 0.3700083356637221 0
1633522492598 0.3555411292956426 0
1633522529034 0.33942588705282944 0
1633522565174 0.327000469657091 0
1633522600879 0.31199950002706967 0
1633522637142 0.30127956729668837 0
1633522673368 0.28586577818943903 0
1633522709685 0.2731705223138516 0
1633522745584 0.2628221578322924 0
1633522784175 0.2539185251180942 0
1633522819947 0.23785265065156497 0
1633522855798 0.22851501955435827 0
1633522891984 0.21419023825572087 0
1633522927754 0.21141263452860026 0
1633522963368 0.2037118211388588 0
1633522999120 0.19166801824019505 0
1633523034863 0.18142016232013702 0
1633523070707 0.17496234740202243 0
1633523106474 0.17384971918968053 0
1633523142161 0.16783431699642767 0
1633523177800 0.16278771781004392 0
1633523213767 0.15368450433015823 0
1633523249936 0.1472372068808629 0
1633523285638 0.14482242602568407 0
1633523321460 0.1385960891842842 0
1633523356985 0.13936067487184817 0
1633523392984 0.14077704342511985 0
1633523428769 0.1317465576988 0
1633523465175 0.12765044134396772 0
1633523503744 0.12539452062203335 0
1633523539855 0.12320702889790902 0
1633523575602 0.11599158575901618 0
1633523611568 0.11849935971773588 0
1633523648256 0.11802861839532852 0
1633523684243 0.11231066630436824 0
1633523720512 0.11218697738188964 0
1633523756393 0.11360467127882518 0
1633523792116 0.10912086447844138 0
1633523828472 0.11109842606461966 0
1633523864351 0.10468745300403008 0
1633523900039 0.10746513364406732 0
1633523935853 0.10250444945234519 0
1633523971772 0.09946235475631861 0
1633524007688 0.10572135608929854 0
1633524043490 0.09852559875983458 0
1633524079754 0.10251178523668876 0
1633524115961 0.10577582504886847 0
1633524152980 0.10216056985350755 0
1633524189040 0.10251646179419298 0
1633524227645 0.10245334420066614 0
1633524263762 0.09780806027925931 0
1633524300392 0.09719371703954843 0
1633524336558 0.09463781009499843 0
1633524372737 0.09399785009714273 0
1633524408640 0.0921962086397868 0
1633524444836 0.09498213953696764 0
1633524480720 0.09503949381984197 0
1633524517374 0.08773810829107578 0
1633524553714 0.09467735496851114 0
1633524589851 0.08527466127505669 0
1633524626080 0.08812453196598934 0
1633524661957 0.0861452243075921 0
1633524698102 0.08381693580975899 0
1633524734160 0.0835354684637143 0
1633524770115 0.081246212296761 0
1633524806166 0.07892085829606423 0
1633524842043 0.08221071087397062 0
1633524878264 0.0809790146465485 0
1633524914492 0.07955757809373049 0
1633524953402 0.08216548195252052 0
1633524989697 0.07820423778433067 0
1633525025876 0.08489784243015143 0
1633525062085 0.07860378175973892 0
1633525098050 0.08124359083863406 0
1633525134194 0.08322257009836344 0
1633525170404 0.0833128622518136 0
1633525206747 0.07756242643182094 0
1633525243092 0.08003165807861548 0
1633525279078 0.07963586655946878 0
1633525315360 0.07935056560314618 0
1633525351404 0.07777772144629405 0
1633525387638 0.08059798146669682 0
1633525423935 0.07808127666895207 0
1633525460000 0.077754523146611 0
1633525496906 0.08123529599263118 0
