1634718469362 0.9619242823401163 1
1634718538389 0.9576089548510175 2
1634718607666 0.9497169672056686 3
1634718676608 0.9400072674418605 4
1634718745575 0.9375732421875 5
1634718814169 0.9329601199127907 6
1634718882961 0.9283839026162791 7
1634718952340 0.924427121184593 8
1634719021092 0.9191366506177325 9
1634719090189 0.9187965570494186 10
1634719158790 0.9197024323219477 11
1634719227411 0.9242272665334302 12
1634719296639 0.9283191769622093 13
1634719365371 0.9309814453125 14
1634719434046 0.9344297896984012 15
1634719502817 0.9347136741460755 16
1634719571625 0.9373237077579942 17
1634719641180 0.9420855854832849 18
1634719709565 0.9462578352107558 19
1634719780974 0.9456795625908431 20
1634719849676 0.9522199763808139 21
1634719918217 0.9528607035792152 22
1634719987733 0.955968386627907 23
1634720056553 0.9597219067950581 24
1634720125637 0.9609516942223837 25
1634720194585 0.9627021257267442 26
1634720263305 0.9632860760356105 27
1634720332713 0.9650949877361918 28
1634720401437 0.9654123705486919 29
1634720470898 0.966665152616279 30
1634720539493 0.9668056754178779 31
1634720608323 0.967078488372093 32
1634720677834 0.966636480287064 33
1634720746989 0.9670787722565407 34
1634720816694 0.9666336414425872 35
1634720885475 0.9668834597565407 36
1634720954273 0.9668056754178779 37
1634721023842 0.9663633834484011 38
1634721092671 0.9657572901526162 39
1634721164077 0.9657195335210755 40
1634721233227 0.9649297669876453 41
1634721301968 0.9654342296511628 42
1634721372016 0.9647543263989825 43
1634721443910 0.9650359397710756 44
1634721513279 0.964647585846657 45
1634721582761 0.9651032203851744 46
1634721652004 0.964832394622093 47
1634721721825 0.9657581418059593 48
1634721791118 0.9664306640625 49
1634721860507 0.9667917650799419 50
1634721929355 0.9672175917514535 51
1634721999176 0.9675889126090116 52
1634722069305 0.9681050145348837 53
1634722139104 0.9679701694222383 54
1634722208153 0.9680056549781977 55
1634722277239 0.9675687568132267 56
1634722346428 0.9678069358648256 57
1634722416032 0.9676224109738372 58
1634722485404 0.9674685456031977 59
1634722556849 0.967469965025436 60
1634722626019 0.9674696811409884 61
1634722695173 0.9675298646438953 62
1634722764988 0.967760378815407 63
1634722834364 0.9675082894258721 64
1634722903904 0.9678415697674418 65
1634722973043 0.9680243913517442 66
1634723042214 0.9676686841388081 67
1634723111843 0.9671937454578489 68
1634723181110 0.9671826739643895 69
1634723250322 0.9670472610828489 70
1634723319702 0.9673598178597383 71
1634723389082 0.9670492482739825 72
1634723459016 0.9673016215479651 73
1634723528317 0.9672956599745639 74
1634723597966 0.9666858761809592 75
1634723667377 0.9662120730377907 76
1634723736730 0.9663872297420059 77
1634723806668 0.9664476971293605 78
1634723875614 0.9663196652434592 79
1634723947047 0.9667276071947675 80
1634724016288 0.9670728106831395 81
1634724085732 0.9673373909883721 82
1634724155729 0.967198003724564 83
1634724225002 0.9677572560864826 84
1634724294384 0.9673896257267441 85
1634724363736 0.9669070221656977 86
1634724432938 0.9663716160973838 87
1634724502764 0.9670438544694767 88
1634724571889 0.9669813998909884 89
1634724641596 0.9669373978015988 90
1634724710671 0.9673158157703489 91
1634724780120 0.9670691201853198 92
1634724850154 0.9671099995457849 93
1634724919741 0.9672269599382267 94
1634724989413 0.9674026844113373 95
1634725059209 0.9675219158793604 96
1634725128440 0.9675562658975291 97
1634725198441 0.9672559161518895 98
1634725267820 0.9677768441133721 99
1634725339560 0.9679131086482559 100
1634725408862 0.9680198492005814 101
1634725478363 0.9679213412972384 102
1634725548291 0.9681481649709303 103
1634725617380 0.9672942405523256 104
1634725687121 0.9670725267986918 105
1634725756793 0.9672769236010175 106
1634725826272 0.9675443427507268 107
1634725896408 0.96790771484375 108
