1634718469366 0.8584670153640835 1
1634718538393 0.8500101032399408 2
1634718607670 0.8346712701253575 3
1634718676612 0.8139808175830908 4
1634718745579 0.806497095452175 5
1634718814173 0.7867362053108242 6
1634718882965 0.7739605101141811 7
1634718952344 0.7645445172371624 8
1634719021096 0.7474728758179316 9
1634719090193 0.7472417364416487 10
1634719158794 0.745047058751907 11
1634719227415 0.7515644289818981 12
1634719296643 0.7612326038168191 13
1634719365375 0.7650303031987931 14
1634719434050 0.7727891992560371 15
1634719502821 0.7668095870050167 16
1634719571629 0.7755478941181105 17
1634719641184 0.7817932799745999 18
1634719709570 0.7918890306398091 19
1634719780978 0.780994257358008 20
1634719849680 0.8026372573675395 21
1634719918221 0.8027723643084631 22
1634719987737 0.8076201640942031 23
1634720056557 0.8170380374982965 24
1634720125641 0.8199184978107811 25
1634720194589 0.8262038136225507 26
1634720263309 0.831446604800607 27
1634720332717 0.8384897016728058 28
1634720401441 0.8412456258678257 29
1634720470902 0.8468893669017575 30
1634720539498 0.8520613084323418 31
1634720608327 0.8581946762765916 32
1634720677838 0.8562371788267934 33
1634720746993 0.862852064051936 34
1634720816698 0.8580163437508133 35
1634720885479 0.8607102647480456 36
1634720954278 0.8649410411426485 37
1634721023846 0.8599862315666806 38
1634721092675 0.8593697321181164 39
1634721164081 0.8585791134528555 40
1634721233231 0.8564851687552446 41
1634721301972 0.8620081049876334 42
1634721372020 0.8558653694842299 43
1634721443914 0.8595456530387362 44
1634721513283 0.8597482132159193 45
1634721582765 0.8597531691435083 46
1634721652008 0.8621930263527258 47
1634721721829 0.8607114756594338 48
1634721791122 0.8622478711765562 49
1634721860511 0.8633696730051283 50
1634721929359 0.8656165696932576 51
1634721999181 0.8667684893804303 52
1634722069309 0.868113194768063 53
1634722139108 0.8630775422055597 54
1634722208158 0.8668676841589856 55
1634722277243 0.8619691329494894 56
1634722346431 0.8606965944707149 57
1634722416036 0.8663174392974706 58
1634722485408 0.8621665174946701 59
1634722556853 0.8611949330606501 60
1634722626023 0.8611168712013025 61
1634722695177 0.8632608795289036 62
1634722764992 0.8639236362688523 63
1634722834368 0.8629379218843942 64
1634722903908 0.8663393021214765 65
1634722973047 0.8642372754709173 66
1634723042218 0.8634436512258685 67
1634723111847 0.8616288941774191 68
1634723181114 0.8627171323398375 69
1634723250326 0.8633479962751914 70
1634723319706 0.8627873316531117 71
1634723389086 0.859662176083633 72
1634723459020 0.8618887506178519 73
1634723528321 0.8585520366201493 74
1634723597969 0.8573606168403172 75
1634723667381 0.8556038265633577 76
1634723736734 0.8559831447612759 77
1634723806672 0.8574116242673736 78
1634723875618 0.856226898852709 79
1634723947051 0.8599404726470755 80
1634724016292 0.8589641058397552 81
1634724085736 0.8595451947063723 82
1634724155733 0.86105369614753 83
1634724225006 0.8594757478990913 84
1634724294388 0.8602330969448497 85
1634724363740 0.8638173496800711 86
1634724432942 0.8600279634387149 87
1634724502768 0.8603036963544748 88
1634724571893 0.860757260163936 89
1634724641600 0.8593713069076476 90
1634724710675 0.8598285132301768 91
1634724780124 0.8637436216700785 92
1634724850158 0.8598863033943153 93
1634724919745 0.8607835889560309 94
1634724989417 0.8549089673797051 95
1634725059213 0.8601321646818438 96
1634725128444 0.8574142704444981 97
1634725198445 0.8577107999238407 98
1634725267824 0.8630105978572786 99
1634725339564 0.8619119115244841 100
1634725408865 0.8592811648042991 101
1634725478368 0.8613874685755335 102
1634725548295 0.8637876599375377 103
1634725617384 0.8602159252227085 104
1634725687124 0.8615767794408128 105
1634725756797 0.859690904903343 106
1634725826276 0.8613528884988886 107
1634725896412 0.8582489004864537 108
