1634718469365 0.8855633076697856 1
1634718538392 0.8762865928397309 2
1634718607669 0.8594608320252646 3
1634718676611 0.8367646723487986 4
1634718745578 0.8285554873582531 5
1634718814172 0.8119810415399348 6
1634718882964 0.7979668860946375 7
1634718952343 0.7785638132283754 8
1634719021095 0.7650084685322605 9
1634719090192 0.7647562098221038 10
1634719158793 0.762361003206396 11
1634719227414 0.7694738691934423 12
1634719296642 0.7789031113296743 13
1634719365374 0.7790939857245711 14
1634719434049 0.7915799889798365 15
1634719502820 0.7861119858176578 16
1634719571628 0.7946061083438457 17
1634719641183 0.8014569142578518 18
1634719709569 0.8125313346304025 19
1634719780977 0.8056824761835292 20
1634719849679 0.8243214812960256 21
1634719918220 0.8244696853383653 22
1634719987736 0.8297874248992534 23
1634720056556 0.8401182554190497 24
1634720125640 0.8432779440271323 25
1634720194588 0.8501725506573897 26
1634720263308 0.8559235715925023 27
1634720332716 0.8636494176512921 28
1634720401440 0.8666724977631763 29
1634720470901 0.872863336142234 30
1634720539497 0.8785366393518036 31
1634720608326 0.880162527548302 32
1634720677837 0.8831173135089826 33
1634720746992 0.8852713967916646 34
1634720816697 0.8850689485021676 35
1634720885478 0.888024014902193 36
1634720954277 0.8875628767636197 37
1634721023845 0.8872297948307976 38
1634721092674 0.8865535326805868 39
1634721164080 0.890228253294174 40
1634721233230 0.8879195450378339 41
1634721301971 0.8843456253690876 42
1634721372019 0.8872361766108176 43
1634721443913 0.8861657200170678 44
1634721513282 0.8818666624562379 45
1634721582764 0.8818720988053789 46
1634721652007 0.8845484727848777 47
1634721721828 0.8829233023815216 48
1634721791121 0.8846086341987734 49
1634721860510 0.8858391821229724 50
1634721929358 0.8883038902247469 51
1634721999179 0.8895674755958802 52
1634722069308 0.8910425350772119 53
1634722139107 0.8906207733377312 54
1634722208157 0.8896762861948054 55
1634722277242 0.8894049162456134 56
1634722346430 0.8880090194449168 57
1634722416035 0.8890727012701843 58
1634722485407 0.8896214350069086 59
1634722556852 0.8885556663675498 60
1634722626022 0.888470037287143 61
1634722695176 0.8908218831567056 62
1634722764991 0.891548886723486 63
1634722834367 0.8904676183935957 64
1634722903907 0.8890966834495788 65
1634722973046 0.8918929297257511 66
1634723042217 0.8910223725181722 67
1634723111846 0.8890316951435974 68
1634723181113 0.8902254257809444 69
1634723250325 0.890917444893705 70
1634723319705 0.8903024301296889 71
1634723389085 0.8914223992716979 72
1634723459019 0.8893167417491743 73
1634723528320 0.890198399350421 74
1634723597969 0.8888847826700933 75
1634723667380 0.886947808774984 76
1634723736733 0.8873660314034583 77
1634723806671 0.884405608252476 78
1634723875617 0.8876347859145253 79
1634723947050 0.8871796000975574 80
1634724016291 0.89065273207973 81
1634724085735 0.8912934198044616 82
1634724155732 0.8884007381210149 83
1634724225005 0.886669825501554 84
1634724294387 0.8875005910364425 85
1634724363739 0.8863302560266086 86
1634724432941 0.8872755721394067 87
1634724502767 0.8875780342663879 88
1634724571892 0.8880755659961542 89
1634724641598 0.886555260128287 90
1634724710674 0.8870567874718774 91
1634724780123 0.8862493809136065 92
1634724850157 0.8820181389274376 93
1634724919744 0.8830024062527893 94
1634724989416 0.8861816819827519 95
1634725059212 0.887389874523451 96
1634725128443 0.8844085109467709 97
1634725198443 0.8847337856307438 98
1634725267823 0.885445298669974 99
1634725339563 0.8842401070294086 100
1634725408864 0.8864563797598178 101
1634725478366 0.8887668660394883 102
1634725548294 0.8862976881967888 103
1634725617383 0.8874817547085834 104
1634725687123 0.8889745284682385 105
1634725756796 0.8869058395623406 106
1634725826275 0.8881583129603131 107
1634725896410 0.8853240490029979 108
