1634718469367 3.6169393795238998 1
1634718538394 3.660017465082187 2
1634718607672 3.8096778661580757 3
1634718676613 3.9685118247971793 4
1634718745581 3.994794508415675 5
1634718814174 4.1100182253435715 6
1634718882966 4.1969160764320765 7
1634718952345 4.279756862789837 8
1634719021097 4.4141988388291615 9
1634719090195 4.386117817902248 10
1634719158796 4.411639906234903 11
1634719227417 4.3262188864066164 12
1634719296645 4.272358497508426 13
1634719365377 4.2410136691120845 14
1634719434051 4.162547937188164 15
1634719502822 4.22740896937415 16
1634719571630 4.185211542064536 17
1634719641186 4.1423257151363275 18
1634719709571 4.065437823336315 19
1634719780980 4.108636492120829 20
1634719849681 3.949309943348712 21
1634719918223 3.946440844467543 22
1634719987739 3.8976493564230994 23
1634720056559 3.8015130416874676 24
1634720125643 3.778990860626479 25
1634720194591 3.7059057649871554 26
1634720263311 3.674409313157029 27
1634720332719 3.6404189099271735 28
1634720401443 3.640499434257079 29
1634720470904 3.588203724057199 30
1634720539499 3.5606646289806183 31
1634720608329 3.5281039561152547 32
1634720677840 3.525791799046504 33
1634720746995 3.5016960916590496 34
1634720816699 3.503576440181888 35
1634720885480 3.479570758673866 36
1634720954279 3.455434333102987 37
1634721023847 3.4767337236627096 38
1634721092677 3.4717000563426885 39
1634721164082 3.457495512879902 40
1634721233233 3.4790083430857917 41
1634721301973 3.4653207016217165 42
1634721372021 3.482638001810478 43
1634721443916 3.4647502217071864 44
1634721513285 3.4793500490297657 45
1634721582766 3.4711799172836897 46
1634721652009 3.4731127197915885 47
1634721721830 3.4587718357465467 48
1634721791123 3.4581286569687775 49
1634721860512 3.45114216880416 50
1634721929360 3.4422470428840857 51
1634721999182 3.435354550751432 52
1634722069311 3.450074013029684 53
1634722139110 3.4603630459840016 54
1634722208159 3.453524365149447 55
1634722277245 3.500467576568163 56
1634722346433 3.493300803901038 57
1634722416038 3.483992494970164 58
1634722485409 3.4932647416493543 59
1634722556855 3.5235922048338515 60
1634722626025 3.53389213204395 61
1634722695178 3.537627998385352 62
1634722764993 3.5215430800379104 63
1634722834370 3.52478238406693 64
1634722903910 3.504711126092586 65
1634722973049 3.511793324008501 66
1634723042220 3.525954988064508 67
1634723111849 3.5239787394948157 68
1634723181116 3.5178376812203265 69
1634723250327 3.5355010002717737 70
1634723319707 3.520368004511134 71
1634723389087 3.532045042460525 72
1634723459022 3.513198661476633 73
1634723528322 3.5170665667035537 74
1634723597971 3.520513244315886 75
1634723667383 3.556705220120983 76
1634723736735 3.521712493119205 77
1634723806674 3.5082520724451527 78
1634723875619 3.521918372133095 79
1634723947054 3.518408693257313 80
1634724016293 3.523455888641238 81
1634724085738 3.5319249423850527 82
1634724155734 3.5447457437756924 83
1634724225007 3.518213944567834 84
1634724294390 3.526836930952041 85
1634724363741 3.511739364797052 86
1634724432943 3.5358988306395087 87
1634724502769 3.5211371775594147 88
1634724571894 3.521640314595093 89
1634724641601 3.523664752622708 90
1634724710676 3.498804197765333 91
1634724780126 3.4747307356759576 92
1634724850159 3.4860806959293544 93
1634724919747 3.492012863525974 94
1634724989419 3.485710615796778 95
1634725059215 3.5095622679928566 96
1634725128446 3.4994365671942274 97
1634725198446 3.5073286001230826 98
1634725267826 3.473773936506572 99
1634725339565 3.470367575384294 100
1634725408867 3.486498548714602 101
1634725478369 3.4914283629527687 102
1634725548297 3.4976706912991165 103
1634725617385 3.5374634702636323 104
1634725687126 3.5406001831823857 105
1634725756799 3.533210954447115 106
1634725826278 3.502439667002685 107
1634725896413 3.499672508534228 108
