1634718469365 0.797216209839238 1
1634718538392 0.7830833230889241 2
1634718607669 0.7607318754136169 3
1634718676611 0.7309135422321077 4
1634718745579 0.7196229100401645 5
1634718814172 0.6953508328914292 6
1634718882964 0.6774105149259666 7
1634718952343 0.6642342973254338 8
1634719021095 0.644627212837589 9
1634719090193 0.6435068483563087 10
1634719158794 0.6421634710188507 11
1634719227415 0.6502707768090559 12
1634719296642 0.6611088433399187 13
1634719365375 0.6667740236653451 14
1634719434049 0.6763356034658519 15
1634719502820 0.6717164884711289 16
1634719571628 0.6817084030074506 17
1634719641184 0.6910703012273183 18
1634719709569 0.7044548141022096 19
1634719780977 0.693334891347437 20
1634719849679 0.7196440031776437 21
1634719918221 0.721020153051593 22
1634719987737 0.7272102019409253 23
1634720056557 0.7390025904177121 24
1634720125641 0.7437456198862966 25
1634720194589 0.7513865224383732 26
1634720263309 0.7582379844781241 27
1634720332716 0.7678389929343453 28
1634720401441 0.7714297296191492 29
1634720470902 0.7794349589256503 30
1634720539497 0.7862821914688813 31
1634720608327 0.7928828105122055 32
1634720677837 0.7922339507984112 33
1634720746993 0.7995492757340321 34
1634720816697 0.7960164102646448 35
1634720885478 0.7991090493387626 36
1634720954277 0.8033554833084295 37
1634721023845 0.7983442666503172 38
1634721092674 0.7972400111737723 39
1634721164080 0.7968938699434708 40
1634721233230 0.7938902883664638 41
1634721301971 0.7992503032353042 42
1634721372019 0.7929986101505023 43
1634721443913 0.7964049018639267 44
1634721513282 0.7957776735957578 45
1634721582764 0.7961547852673356 46
1634721652007 0.7983066249109646 47
1634721721828 0.7978454257550115 48
1634721791121 0.8002180894448432 49
1634721860510 0.8017681388651879 50
1634721929358 0.8037042974337918 51
1634721999180 0.8055220620394229 52
1634722069309 0.8072546568405694 53
1634722139108 0.8022135556538641 54
1634722208157 0.8057786900824448 55
1634722277243 0.8008465080926913 56
1634722346431 0.7996314931498402 57
1634722416036 0.8050236304098205 58
1634722485407 0.8009213404264729 59
1634722556853 0.800216803083886 60
1634722626023 0.8003133107273454 61
1634722695176 0.8028695420137425 62
1634722764991 0.8037276217695963 63
1634722834367 0.8029330726467543 64
1634722903908 0.8064817373956543 65
1634722973046 0.8044874969092626 66
1634723042217 0.8038199921439341 67
1634723111846 0.8023547790166244 68
1634723181114 0.8034620217855144 69
1634723250325 0.8040441257565317 70
1634723319705 0.8034814034212482 71
1634723389085 0.8007645774227594 72
1634723459020 0.8019936115125224 73
1634723528320 0.799214567216348 74
1634723597969 0.7972758388173729 75
1634723667381 0.7960457427407723 76
1634723736733 0.795598162553147 77
1634723806671 0.7961030650622725 78
1634723875617 0.7951430186126646 79
1634723947050 0.7996258735192209 80
1634724016291 0.7991450974907922 81
1634724085736 0.7996296413591192 82
1634724155732 0.8003266555867299 83
1634724225005 0.7988019894051783 84
1634724294388 0.7984787038817531 85
1634724363739 0.8005644096467928 86
1634724432941 0.7968457556452103 87
1634724502767 0.7974095114044406 88
1634724571892 0.7975745169856234 89
1634724641599 0.7962495128803013 90
1634724710674 0.796618040335983 91
1634724780124 0.7998879090581343 92
1634724850157 0.7963558668767442 93
1634724919745 0.7973924258395617 94
1634724989417 0.7919403345424878 95
1634725059212 0.7975842484129194 96
1634725128444 0.7956940154053559 97
1634725198444 0.7952933852615492 98
1634725267824 0.8014105660672247 99
1634725339563 0.8006672171046159 100
1634725408865 0.7973951811526729 101
1634725478367 0.7995673063404992 102
1634725548295 0.8021782773292951 103
1634725617383 0.7976026518200715 104
1634725687124 0.7987149878581595 105
1634725756797 0.797016397989918 106
1634725826276 0.7995769091951365 107
1634725896411 0.796447776274062 108
