1634718469367 0.8922188168837752 1
1634718538394 0.8816510858548385 2
1634718607671 0.8692276112644335 3
1634718676613 0.8531582844905615 4
1634718745580 0.847254987443846 5
1634718814174 0.8368130745090735 6
1634718882966 0.8272642234364429 7
1634718952345 0.8179994689028735 8
1634719021097 0.8110728549978673 9
1634719090194 0.8095452850998605 10
1634719158795 0.8097695014174494 11
1634719227416 0.8135321007115575 12
1634719296644 0.8163457900821044 13
1634719365376 0.8195329410237736 14
1634719434051 0.824635104820284 15
1634719502822 0.825242412465129 16
1634719571630 0.8275777947001224 17
1634719641185 0.8325874547838465 18
1634719709571 0.8399427756404411 19
1634719780979 0.8364248232231739 20
1634719849681 0.848435591984974 21
1634719918222 0.8492879105306024 22
1634719987738 0.8529653860336748 23
1634720056558 0.859633546832184 24
1634720125642 0.8623937369888582 25
1634720194590 0.8669574466175815 26
1634720263310 0.8710058625991361 27
1634720332718 0.876739061232337 28
1634720401442 0.8814818047782991 29
1634720470904 0.8889407794253139 30
1634720539499 0.8905498286126258 31
1634720608328 0.8943113295429929 32
1634720677839 0.8917701808851498 33
1634720746994 0.8984057988077586 34
1634720816699 0.8971292703632626 35
1634720885480 0.8993107144143647 36
1634720954279 0.9021443811073694 37
1634721023847 0.8996193026172102 38
1634721092676 0.899657550449293 39
1634721164082 0.8999760612303976 40
1634721233232 0.9009880185456214 41
1634721301973 0.9015681712902406 42
1634721372021 0.9009454459411755 43
1634721443915 0.9004625747817627 44
1634721513284 0.900260358767847 45
1634721582766 0.9005147559228227 46
1634721652009 0.901471903187844 47
1634721721830 0.9005142205630898 48
1634721791123 0.9009338349942894 49
1634721860512 0.9012240252249434 50
1634721929360 0.9017052814823228 51
1634721999182 0.8997668106724823 52
1634722069310 0.902126853734434 53
1634722139109 0.8991953064493425 54
1634722208159 0.9006192468894895 55
1634722277244 0.8999623516288332 56
1634722346433 0.8990483266559218 57
1634722416037 0.8990750625153967 58
1634722485409 0.8963280135459212 59
1634722556854 0.8982986214902158 60
1634722626024 0.8984719454516993 61
1634722695178 0.8999340852320137 62
1634722764993 0.9004496712840315 63
1634722834369 0.8950446214171325 64
1634722903909 0.89947439001522 65
1634722973048 0.9011396700170363 66
1634723042219 0.9009921282622118 67
1634723111848 0.8948470956203135 68
1634723181115 0.8979826768532649 69
1634723250327 0.8960198140873408 70
1634723319707 0.8986818132898372 71
1634723389087 0.8975675864701735 72
1634723459021 0.8988991317288285 73
1634723528322 0.9001680045657201 74
1634723597970 0.8971356298329602 75
1634723667382 0.8961977321042985 76
1634723736735 0.8967029801763264 77
1634723806673 0.8970724896826694 78
1634723875619 0.8966485854246707 79
1634723947053 0.8981716643669493 80
1634724016293 0.8977184362761527 81
1634724085737 0.8998145158019639 82
1634724155734 0.896981063947672 83
1634724225007 0.8974023812235024 84
1634724294389 0.8978333956328478 85
1634724363741 0.8959841914172444 86
1634724432943 0.8939396400348224 87
1634724502769 0.8969564771843703 88
1634724571894 0.8971356544412792 89
1634724641601 0.8963617801247549 90
1634724710676 0.8972007303325062 91
1634724780125 0.8967143223508265 92
1634724850159 0.89477402195106 93
1634724919746 0.8959022212775253 94
1634724989418 0.896041639975628 95
1634725059214 0.8994522228224139 96
1634725128445 0.8989381375410455 97
1634725198446 0.898782501798479 98
1634725267825 0.8990554044184007 99
1634725339565 0.8984080872693915 100
1634725408866 0.8991320932333491 101
1634725478369 0.8993401082922756 102
1634725548296 0.8977063643666279 103
1634725617385 0.8966996370779361 104
1634725687125 0.8973657619592976 105
1634725756798 0.8965993688058467 106
1634725826277 0.896311662102976 107
1634725896413 0.8976020114543664 108
