1634718469363 0.8333212770723533 1
1634718538390 0.798896942405863 2
1634718607667 0.7664220368728634 3
1634718676609 0.7293508219152697 4
1634718745576 0.715973846940681 5
1634718814170 0.6898699086671181 6
1634718882962 0.6698468707017419 7
1634718952341 0.653399118915205 8
1634719021093 0.6337056906644828 9
1634719090190 0.632613199724289 10
1634719158791 0.6312472519586185 11
1634719227413 0.6404868341233015 12
1634719296640 0.6509378801273168 13
1634719365372 0.6574988416465547 14
1634719434047 0.6684153178626001 15
1634719502818 0.6654865475167446 16
1634719571626 0.6753778315931318 17
1634719641181 0.6872724201220478 18
1634719709567 0.7032777293857815 19
1634719780975 0.6935636132731413 20
1634719849677 0.7234086477886539 21
1634719918219 0.7265055381866438 22
1634719987735 0.7358084271292493 23
1634720056554 0.7526115510881315 24
1634720125638 0.7607469045756264 25
1634720194586 0.772876887259016 26
1634720263307 0.7822889704610514 27
1634720332714 0.7983290537473413 28
1634720401438 0.8081627185841042 29
1634720470900 0.827703296460819 30
1634720539495 0.834865666266219 31
1634720608325 0.8481472675546042 32
1634720677835 0.8439821626333843 33
1634720746991 0.8643379783816615 34
1634720816695 0.8674920427033156 35
1634720885476 0.8732069952685577 36
1634720954275 0.8855583247408254 37
1634721023843 0.8782292498717581 38
1634721092672 0.8834921084404375 39
1634721164078 0.8866162789215329 40
1634721233228 0.8929194650781479 41
1634721301969 0.9002307670232301 42
1634721372017 0.8958392466214737 43
1634721443911 0.9023373656015659 44
1634721513280 0.9031954486446052 45
1634721582762 0.9033426741732583 46
1634721652005 0.9022221149804653 47
1634721721826 0.9021267988549762 48
1634721791119 0.8982565486541532 49
1634721860508 0.8964732984855542 50
1634721929356 0.8942661505766528 51
1634721999178 0.8868072582152262 52
1634722069306 0.8870049395449067 53
1634722139106 0.8760465832516575 54
1634722208155 0.8843049866604024 55
1634722277241 0.8749285790330501 56
1634722346429 0.8729819898578813 57
1634722416033 0.8756919641456403 58
1634722485405 0.862553275243431 59
1634722556850 0.8666850759545438 60
1634722626021 0.8672202385024635 61
1634722695174 0.8677812433206203 62
1634722764989 0.8692819720495417 63
1634722834365 0.8628000541968623 64
1634722903906 0.8746672919983955 65
1634722973044 0.8720703550353668 66
1634723042215 0.8742819653191948 67
1634723111844 0.8628741419639295 68
1634723181112 0.8680686295584262 69
1634723250323 0.8639868955711338 70
1634723319703 0.8719524510489814 71
1634723389083 0.8735715396627167 72
1634723459018 0.8799026168955109 73
1634723528318 0.885877692246466 74
1634723597967 0.8849455912774077 75
1634723667378 0.881767628382094 76
1634723736731 0.8868575420472562 77
1634723806669 0.8886454091377581 78
1634723875615 0.8876412745564938 79
1634723947048 0.8807493489450694 80
1634724016289 0.879246246908877 81
1634724085733 0.8788156748873228 82
1634724155730 0.8692406053435004 83
1634724225003 0.8692610309791684 84
1634724294386 0.8661216220341894 85
1634724363737 0.8628005053954889 86
1634724432939 0.8519155645855565 87
1634724502765 0.860194335695479 88
1634724571890 0.8599943704138399 89
1634724641597 0.8621947103729679 90
1634724710672 0.865201717380091 91
1634724780121 0.8680045847854057 92
1634724850155 0.8706426820169341 93
1634724919742 0.8697074404795934 94
1634724989414 0.8688025509506055 95
1634725059210 0.8745193735430871 96
1634725128442 0.8783845500034712 97
1634725198442 0.8806540364382653 98
1634725267822 0.8824881907235687 99
1634725339561 0.8804335936317828 100
1634725408863 0.874863056299818 101
1634725478365 0.8707445503874541 102
1634725548293 0.8703362124939653 103
1634725617381 0.856324870955586 104
1634725687122 0.853013341192859 105
1634725756794 0.8573538515523339 106
1634725826273 0.8687977924056871 107
1634725896409 0.8712920372982035 108
