1634718469364 0.9232732717166602 1
1634718538391 0.94047218199427 2
1634718607668 0.9506093065542452 3
1634718676610 0.9576286721353885 4
1634718745577 0.9597434929959004 5
1634718814171 0.9624576052528764 6
1634718882963 0.9641810237666345 7
1634718952342 0.9659615898745681 8
1634719021094 0.9692750798517639 9
1634719090191 0.9672921903042138 10
1634719158792 0.969102021721526 11
1634719227413 0.9668699505713017 12
1634719296641 0.9647090315022894 13
1634719365373 0.9641528609393927 14
1634719434048 0.9629325654306966 15
1634719502818 0.9637276372017263 16
1634719571626 0.9612551225489722 17
1634719641182 0.9583753462561095 18
1634719709568 0.9561353267347671 19
1634719780976 0.9552125100124812 20
1634719849677 0.9511282304671919 21
1634719918219 0.9490114462304365 22
1634719987735 0.9459319428976858 23
1634720056555 0.9407923754495232 24
1634720125639 0.9371100435962273 25
1634720194587 0.9325906066637034 26
1634720263307 0.9304556380499902 27
1634720332715 0.9239021208027076 28
1634720401439 0.9216775159463709 29
1634720470900 0.9140446047227258 30
1634720539496 0.9099267079687846 31
1634720608325 0.906752716552875 32
1634720677836 0.9020823561665449 33
1634720746991 0.8969981123334931 34
1634720816696 0.8858229810942965 35
1634720885477 0.88353926900424 36
1634720954276 0.8797606690191472 37
1634721023844 0.8778234047994178 38
1634721092673 0.8710867683682265 39
1634721164079 0.867385685451586 40
1634721233229 0.8613834037843938 41
1634721301969 0.8602178913897007 42
1634721372018 0.8576330531052798 43
1634721443912 0.8544935096124597 44
1634721513281 0.8531283755884758 45
1634721582763 0.854041510741345 46
1634721652006 0.8570711133337015 47
1634721721826 0.8565647783079584 48
1634721791120 0.8628977227179054 49
1634721860509 0.8662146529892244 50
1634721929357 0.8704093717693374 51
1634721999178 0.8756623540162098 52
1634722069307 0.8814689933088034 53
1634722139106 0.8834184136947175 54
1634722208155 0.8822422185470102 55
1634722277241 0.8870448484841731 56
1634722346429 0.8879692073625379 57
1634722416034 0.8901285322634807 58
1634722485406 0.8954235605286268 59
1634722556851 0.894980276416598 60
1634722626021 0.894733351078846 61
1634722695175 0.8972070658484108 62
1634722764990 0.8966575472005707 63
1634722834366 0.8934707325680645 64
1634722903906 0.8937349472347376 65
1634722973045 0.8950516948442677 66
1634723042216 0.8920692991155994 67
1634723111845 0.8931588493008418 68
1634723181112 0.8935427121958993 69
1634723250324 0.8941175253281708 70
1634723319704 0.8898328779165234 71
1634723389084 0.8845042800445548 72
1634723459018 0.8801403961777416 73
1634723528319 0.874840679200325 74
1634723597968 0.8689489512250563 75
1634723667379 0.8707463014109217 76
1634723736732 0.865173221223126 77
1634723806670 0.8644266589131879 78
1634723875616 0.863889969532578 79
1634723947049 0.8767727418802304 80
1634724016290 0.8768777250711496 81
1634724085734 0.8823168246511953 82
1634724155731 0.8887392390078319 83
1634724225004 0.88895987604096 84
1634724294386 0.8936761097807435 85
1634724363738 0.8983985336712125 86
1634724432940 0.9018516446397915 87
1634724502766 0.8982250861271696 88
1634724571891 0.898897696716778 89
1634724641597 0.8943805447333364 90
1634724710673 0.8922324787215052 91
1634724780122 0.8923987665610901 92
1634724850156 0.8848752008780661 93
1634724919743 0.8881785186264824 94
1634724989415 0.8834805845295637 95
1634725059211 0.8844915948203064 96
1634725128442 0.8789522823670504 97
1634725198442 0.8756095214862453 98
1634725267822 0.8799828268143173 99
1634725339562 0.8811350579204335 100
1634725408863 0.8843643861005827 101
1634725478365 0.8901963163455026 102
1634725548293 0.8931217745308251 103
1634725617382 0.9027890796540465 104
1634725687122 0.9079659677290178 105
1634725756795 0.9011348034241513 106
1634725826274 0.8908491948119517 107
1634725896409 0.8860917317006698 108
