1634718469366 0.9395661512807659 1
1634718538393 0.9427871397736013 2
1634718607670 0.9404899109843855 3
1634718676612 0.9354489298543495 4
1634718745580 0.9341864387342034 5
1634718814173 0.931993781210268 6
1634718882965 0.9289587791061658 7
1634718952344 0.9270866683557449 8
1634719021096 0.925013979741256 9
1634719090194 0.9232579470413513 10
1634719158795 0.9258004518615804 11
1634719227416 0.9281033570085476 12
1634719296644 0.9302842269359378 13
1634719365376 0.9324903485212579 14
1634719434050 0.9346221531463047 15
1634719502821 0.935967601025946 16
1634719571629 0.9370908180879439 17
1634719641185 0.9400533957466944 18
1634719709570 0.9426489777387838 19
1634719780978 0.9424000088044303 20
1634719849680 0.9457564530527464 21
1634719918222 0.9461574783412707 22
1634719987738 0.9473979645432808 23
1634720056558 0.9482751411241775 24
1634720125642 0.9482731401434623 25
1634720194590 0.9481557132701408 26
1634720263310 0.9481161462530143 27
1634720332718 0.9472740045195871 28
1634720401442 0.9469819692399056 29
1634720470903 0.9454032857621685 30
1634720539498 0.9441510931009789 31
1634720608328 0.9432726582526546 32
1634720677838 0.9416236533426686 33
1634720746994 0.9395579776973184 34
1634720816698 0.9350126321676558 35
1634720885479 0.9344785756448514 36
1634720954278 0.9329801367669984 37
1634721023846 0.9321172450574972 38
1634721092676 0.9293231311439217 39
1634721164081 0.9278680079318119 40
1634721233232 0.9250807863835139 41
1634721301972 0.9247217671340764 42
1634721372020 0.9235397101654786 43
1634721443915 0.9221633419919577 44
1634721513284 0.9216035145140907 45
1634721582765 0.9219522078695168 46
1634721652008 0.9232999022451548 47
1634721721829 0.9227370271562999 48
1634721791122 0.9252294574835627 49
1634721860511 0.9264352629465951 50
1634721929359 0.9280756287465622 51
1634721999181 0.9301887347757034 52
1634722069310 0.9319793439516241 53
1634722139109 0.9324899444385659 54
1634722208158 0.9314017099503927 55
1634722277244 0.9328826991410787 56
1634722346432 0.9327571615639307 57
1634722416037 0.9332632327535297 58
1634722485408 0.9347469641102034 59
1634722556854 0.9342333813822831 60
1634722626024 0.9342544825097483 61
1634722695177 0.9354463834973085 62
1634722764992 0.9353440046105145 63
1634722834368 0.9340401678085126 64
1634722903909 0.933923780598179 65
1634722973048 0.9349297046442717 66
1634723042218 0.9338445039879406 67
1634723111848 0.9338020479681284 68
1634723181115 0.9339914659008218 69
1634723250326 0.9345218721505532 70
1634723319706 0.9331757164410007 71
1634723389086 0.9309476393437696 72
1634723459021 0.9298556966383579 73
1634723528321 0.9275443313573746 74
1634723597970 0.92526531667719 75
1634723667382 0.9255739083488131 76
1634723736734 0.9238524754707257 77
1634723806673 0.9236303233530333 78
1634723875618 0.9233192545135629 79
1634723947052 0.9283679038476652 80
1634724016292 0.9285088109098122 81
1634724085737 0.9302464196657532 82
1634724155733 0.932489795375827 83
1634724225006 0.9325915486208777 84
1634724294389 0.9341879898881449 85
1634724363740 0.9354556988684318 86
1634724432942 0.9369443221592365 87
1634724502768 0.9358276199191234 88
1634724571893 0.9358704055663748 89
1634724641600 0.9343214051676253 90
1634724710675 0.9340342831326797 91
1634724780125 0.9342675284307528 92
1634724850158 0.9311657404682352 93
1634724919746 0.9328742017376203 94
1634724989418 0.9312780218758954 95
1634725059214 0.9325670025807541 96
1634725128445 0.9303485116514506 97
1634725198445 0.929036014061092 98
1634725267825 0.9305340233870567 99
1634725339564 0.930821378824365 100
1634725408866 0.932164903318889 101
1634725478368 0.9340090327063367 102
1634725548296 0.9343609413820064 103
1634725617384 0.9370047199717443 104
1634725687125 0.9391936433547957 105
1634725756798 0.9365178865376325 106
1634725826277 0.9331074350658096 107
1634725896412 0.9319133803057704 108
