1634718469364 0.9573017122993168 1
1634718538391 0.9472516717874856 2
1634718607668 0.9329916689872401 3
1634718676610 0.9165082436476749 4
1634718745578 0.9122339711823275 5
1634718814171 0.9053703737482383 6
1634718882963 0.8981169970453934 7
1634718952342 0.8929033204800216 8
1634719021094 0.8855553590687268 9
1634719090192 0.8843494847134329 10
1634719158793 0.8873005846216652 11
1634719227414 0.8939175883374874 12
1634719296641 0.9003478537743929 13
1634719365374 0.9049468046175271 14
1634719434048 0.91031353178366 15
1634719502819 0.9117076948982056 16
1634719571627 0.9162106520306871 17
1634719641182 0.9245839715804137 18
1634719709568 0.9316402295329306 19
1634719780976 0.9319604479056024 20
1634719849678 0.942514378535857 21
1634719918220 0.9450511955643938 22
1634719987736 0.9505748230361479 23
1634720056556 0.9574432413650863 24
1634720125640 0.9607879861769992 25
1634720194588 0.9649670285924132 26
1634720263308 0.966798592265749 27
1634720332715 0.9715203160521316 28
1634720401440 0.973046483126124 29
1634720470901 0.9773075273012455 30
1634720539496 0.9787864088983168 31
1634720608326 0.9801781186099796 32
1634720677836 0.9812195221360516 33
1634720746992 0.9823967576121282 34
1634720816696 0.9841935319937233 35
1634720885477 0.9855249929138119 36
1634720954276 0.9863407728380374 37
1634721023844 0.9864491716847326 38
1634721092673 0.9875496034110749 39
1634721164079 0.9882803901231434 40
1634721233229 0.9887149979721438 41
1634721301970 0.9892663233959631 42
1634721372018 0.9894332603902523 43
1634721443913 0.9898814629424039 44
1634721513281 0.9901079816630486 45
1634721582763 0.9899230810187258 46
1634721652006 0.9896215347596635 47
1634721721827 0.9890435963588826 48
1634721791120 0.9877830970996999 49
1634721860509 0.986947420731356 50
1634721929357 0.9860800080705705 51
1634721999179 0.9851277948127822 52
1634722069308 0.9830647128339616 53
1634722139107 0.9821342588574516 54
1634722208156 0.9812633918185625 55
1634722277242 0.9792854059809334 56
1634722346430 0.9783699112708861 57
1634722416035 0.977344646065079 58
1634722485406 0.9751473682984422 59
1634722556851 0.9745478578512616 60
1634722626022 0.9747036011779924 61
1634722695175 0.9746385331688528 62
1634722764990 0.9750075654766882 63
1634722834366 0.9752641923812969 64
1634722903907 0.9750581321493171 65
1634722973045 0.9757021977561825 66
1634723042216 0.9760692488994709 67
1634723111845 0.9748692153553769 68
1634723181113 0.9748097206955613 69
1634723250324 0.9752018180757699 70
1634723319704 0.9768213958551231 71
1634723389084 0.9776083329613208 72
1634723459019 0.979668436932564 73
1634723528319 0.980484059800587 74
1634723597968 0.9816189488541308 75
1634723667380 0.9804095723011891 76
1634723736732 0.9825275430571966 77
1634723806670 0.9828372404528525 78
1634723875616 0.9828153187109949 79
1634723947049 0.980213933872215 80
1634724016290 0.9805295788502818 81
1634724085735 0.9787035846320693 82
1634724155731 0.9768232752824992 83
1634724225004 0.9771522335529919 84
1634724294387 0.9757021420819361 85
1634724363738 0.9737287289225114 86
1634724432940 0.972990663502675 87
1634724502766 0.9745665139056874 88
1634724571891 0.9740521822579765 89
1634724641598 0.9753279837969476 90
1634724710673 0.9768721800979666 91
1634724780122 0.9771364078938836 92
1634724850156 0.9784201160580264 93
1634724919744 0.9785129688576661 94
1634724989416 0.9799870245278908 95
1634725059211 0.9813906913300743 96
1634725128443 0.9824017064048765 97
1634725198443 0.9830349441551793 98
1634725267823 0.9818001906057177 99
1634725339562 0.9813316808633045 100
1634725408864 0.9807575014604828 101
1634725478366 0.9787422148074674 102
1634725548294 0.9766980106362468 103
1634725617382 0.9725662772856576 104
1634725687123 0.9717559920087884 105
1634725756796 0.97320617330691 106
1634725826275 0.9764723302104408 107
1634725896410 0.9786942923069599 108
