1634718466288 2.6960479044294976 0
1634718535664 1.1024190545469135 0
1634718604952 1.1654985968942766 0
1634718673873 0.9839521521678218 0
1634718742833 1.0330757337150636 0
1634718811421 0.9522186236141564 0
1634718880230 0.884462245195717 0
1634718949612 1.0017710945435934 0
1634719018352 1.1813222268572101 0
1634719087343 0.853414498269558 0
1634719156061 0.8387380163003872 0
1634719224679 0.9899634865971355 0
1634719293896 0.8654875285536437 0
1634719362625 0.7217152269145886 0
1634719431319 0.7592160926720539 0
1634719500089 0.8185755997992955 0
1634719568829 0.7718866510050637 0
1634719638437 0.6589151975009349 0
1634719706824 0.7528848935450826 0
1634719775836 0.6951263030724866 0
1634719846883 0.6457383995512863 0
1634719915444 0.7129996211401054 0
1634719984945 0.6990012473777517 0
1634720053783 0.7632253707035795 0
1634720122853 0.6193229678969878 0
1634720191814 0.6101341802481707 0
1634720260533 0.6062172263763942 0
1634720329941 0.6905483062584679 0
1634720398670 0.86306536768551 0
1634720468018 0.7258349910571977 0
1634720536704 0.7317534181011187 0
1634720605530 0.8302564373264065 0
1634720675004 0.88474376025525 0
1634720744180 0.9784141163547317 0
1634720813915 0.841925208057676 0
1634720882701 0.8660466507464261 0
1634720951491 0.818717189713732 0
1634721021059 0.8821469815326975 0
1634721089893 0.8877847255630926 0
1634721159094 0.9240038736493557 0
1634721230397 0.9253796149383892 0
1634721299152 0.7977679845961657 0
1634721369088 0.7580864537845958 0
1634721441046 0.9258410780654325 0
1634721510421 0.6643181848642113 0
1634721579882 0.6194400738973123 0
1634721649169 0.7343949994870594 0
1634721718981 0.6814024469198344 0
1634721788156 0.7803272944572684 0
1634721857633 0.6643853605567634 0
1634721926529 0.5081117577947579 0
1634721996253 0.533717995727217 0
1634722066477 0.6703354521811783 0
1634722136287 0.7184297180214485 0
1634722205321 0.6271342045881532 0
1634722274369 0.4318290783890656 0
1634722343588 0.4810681968153297 0
1634722413206 0.3989554093062104 0
1634722482567 0.3106749008179872 0
1634722551872 0.3356422899508631 0
1634722623156 0.2505754903684576 0
1634722692307 0.18965395235202528 0
1634722762145 0.2581072912926411 0
1634722831503 0.2718820169132638 0
1634722901041 0.2043380957193576 0
1634722970175 0.276403824085152 0
1634723039354 0.24997236487733854 0
1634723108932 0.20732930389704643 0
1634723178229 0.17766530190098595 0
1634723247468 0.2137677300624646 0
1634723316749 0.2005517842465794 0
1634723386235 0.15302486514503305 0
1634723456160 0.1570885745058586 0
1634723525457 0.15606426427068262 0
1634723595097 0.16676490543434372 0
1634723664328 0.15719614410168165 0
1634723733836 0.10896728971561828 0
1634723803755 0.1251112465299182 0
1634723872745 0.09349227684562082 0
1634723942123 0.09878175260571691 0
1634724013359 0.1355123222841845 0
1634724082847 0.07582393387792172 0
1634724152827 0.1199197353577459 0
1634724222097 0.11825209200478994 0
1634724291497 0.08232143344720463 0
1634724360835 0.07948970044781635 0
1634724430009 0.057506736065563446 0
1634724499873 0.0653645589270375 0
1634724568980 0.05658965756173258 0
1634724638517 0.06976163580820158 0
1634724707749 0.0746544458988038 0
1634724777193 0.059932377624821356 0
1634724847149 0.049288841520811054 0
1634724916785 0.03801388612815312 0
1634724986459 0.030779169799832553 0
1634725056146 0.03920418754607052 0
1634725125538 0.038606469192868705 0
1634725195494 0.013192148153464516 0
1634725264925 0.044718132801837736 0
1634725334619 0.0511294137928393 0
1634725405885 0.016595681234226597 0
1634725475422 0.023682503319986455 0
1634725545299 0.013533203511849626 0
1634725614447 -0.017042830102629476 0
1634725684193 0.03467433304562197 0
1634725753862 0.0026214725108115703 0
1634725823335 0.06302709093728623 0
1634725893441 0.020442989860455712 0
