1634718466287 -0.1200838236065654 0
1634718535663 -0.11879592359840095 0
1634718604951 -0.1295923466806288 0
1634718673872 -0.1124157944282928 0
1634718742832 -0.11329902998812787 0
1634718811420 -0.09610804141341865 0
1634718880229 -0.09048865135613975 0
1634718949611 -0.0803759934066178 0
1634719018351 -0.0640106127633677 0
1634719087342 -0.05905590777273302 0
1634719156060 -0.03956948394899244 0
1634719224678 -0.027597205785961896 0
1634719293895 -0.01272466362683804 0
1634719362624 0.0032208600843494587 0
1634719431318 0.017294227109326946 0
1634719500088 0.01664941922410742 0
1634719568828 0.025059201307110972 0
1634719638436 0.03447708797145199 0
1634719706823 0.037490360922627634 0
1634719775835 0.041165185245600616 0
1634719846882 0.04247803134577615 0
1634719915443 0.047719697480077865 0
1634719984944 0.056499227687910006 0
1634720053782 0.05587138487147046 0
1634720122852 0.06441012663500649 0
1634720191814 0.05883111698286874 0
1634720260533 0.05746227289949145 0
1634720329940 0.05997165456994787 0
1634720398669 0.052479524117011525 0
1634720468017 0.05073200514564266 0
1634720536704 0.04644086511878224 0
1634720605529 0.04332998124035922 0
1634720675003 0.050380305229843436 0
1634720744180 0.04358508505604484 0
1634720813914 0.046511885601204714 0
1634720882700 0.04261913450507374 0
1634720951490 0.04159590253582249 0
1634721021058 0.04223113574764945 0
1634721089892 0.03647486807464005 0
1634721159093 0.033313578018894445 0
1634721230396 0.032678276977755806 0
1634721299151 0.03536344793709842 0
1634721369087 0.033056661389864885 0
1634721441045 0.03323348524508538 0
1634721510420 0.030141685980480986 0
1634721579881 0.024634445932778446 0
1634721649168 0.024204010119685877 0
1634721718980 0.016337397133375144 0
1634721788155 0.008997177535837347 0
1634721857632 0.008158167993480509 0
1634721926528 0.005882740081227445 0
1634721996252 0.007433123838204842 0
1634722066476 0.007356040457916724 0
1634722136286 0.007375266439245119 0
1634722205320 0.009144585265161155 0
1634722274368 0.008492537967667177 0
1634722343587 0.008844373868657397 0
1634722413205 0.007691502825103023 0
1634722482566 0.00460662292437507 0
1634722551871 0.008940881263319548 0
1634722623155 0.011951349288612217 0
1634722692306 0.012339694231942103 0
1634722762144 0.015084677847561899 0
1634722831502 0.01826041095055543 0
1634722901041 0.022917763172806083 0
1634722970175 0.022292560958243036 0
1634723039354 0.020917849784547634 0
1634723108931 0.022980709838402735 0
1634723178228 0.02560639265295747 0
1634723247467 0.03247330705453823 0
1634723316748 0.03402156527940329 0
1634723386234 0.0346952500668439 0
1634723456159 0.040113261574274535 0
1634723525456 0.03228277316341152 0
1634723595096 0.03309314804417746 0
1634723664327 0.02624306208514548 0
1634723733835 0.020090012871599817 0
1634723803754 0.014592394329510726 0
1634723872744 0.009945347784208013 0
1634723942122 0.005160994319753213 0
1634724013358 -0.0018858376152619913 0
1634724082846 -0.007810057757736801 0
1634724152826 -0.010827769851916797 0
1634724222096 -0.010201071933298916 0
1634724291496 -0.003727909292445167 0
1634724360834 -0.0004667977608933851 0
1634724430008 0.003213559706731663 0
1634724499872 0.008364650118467095 0
1634724568979 0.012760281659565963 0
1634724638516 0.018681071118100898 0
1634724707748 0.01894462253753241 0
1634724777192 0.01806768591140772 0
1634724847148 0.023108050807729943 0
1634724916784 0.02709062213634516 0
1634724986458 0.03141408771663517 0
1634725056145 0.030570137810397458 0
1634725125537 0.02581559189341285 0
1634725195493 0.023058104824710202 0
1634725264924 0.014765503925162477 0
1634725334618 0.010593203894261802 0
1634725405884 0.007305633851218146 0
1634725475421 0.003213157018574027 0
1634725545298 0.0032224139658274587 0
1634725614446 0.0033521665526287897 0
1634725684192 0.012567490617466438 0
1634725753861 0.019501774051746766 0
1634725823334 0.02630562741648067 0
1634725893440 0.028255873105742714 0
