1633525627233 0.8864676735617898 1
1633525663614 0.9393479318329783 2
1633525699957 0.9538588090376421 3
1633525736313 0.954569961085464 4
1633525772383 0.956583427660393 5
1633525808839 0.9561610366358901 6
1633525845081 0.9536398685339725 7
1633525880949 0.9547937566583807 8
1633525917181 0.9572975852272727 9
1633525953369 0.9506764267430161 10
1633525989452 0.9605342980587122 11
1633526025593 0.9591032085996686 12
1633526061547 0.9529735680782434 13
1633526097837 0.961622295957623 14
1633526134128 0.957227764707623 15
1633526169905 0.9623635031960227 16
1633526206045 0.9626705285274622 17
1633526242236 0.9585746996330492 18
1633526278050 0.9594948508522727 19
1633526316898 0.9626536513819839 20
1633526352321 0.9627431233723959 21
1633526388154 0.960387490012429 22
1633526424223 0.9632508248993845 23
1633526460456 0.9627549142548533 24
1633526495916 0.9625771262428977 25
1633526532010 0.9636921738133286 26
1633526568098 0.9643122355143229 27
1633526603867 0.9584195686109138 28
1633526639490 0.9592368386008523 29
1633526675196 0.9576133959221117 30
1633526711171 0.9582507971561316 31
1633526746812 0.9644599683357008 32
1633526782455 0.9645011208274148 33
1633526818355 0.9630774295691288 34
1633526854038 0.9562109744910038 35
1633526889833 0.9630880644827178 36
1633526925244 0.9628628817471591 37
1633526960735 0.9640274047851562 38
1633526996559 0.9613806984641335 39
1633527035075 0.9629972053296638 40
1633527070945 0.9636399240204783 41
1633527106549 0.9604813546845408 42
1633527142245 0.961286602598248 43
1633527178209 0.9625657977479877 44
1633527213977 0.964712431936553 45
1633527250329 0.9624941276781487 46
1633527287118 0.9599285703716856 47
1633527323050 0.9628307458126184 48
1633527359234 0.963193720037287 49
1633527395169 0.963907646410393 50
1633527431179 0.962472626657197 51
1633527466871 0.96342861291134 52
1633527502681 0.9587106415719697 53
1633527538609 0.9625204837683475 54
1633527574451 0.9643365108605587 55
1633527610513 0.9660697705817946 56
1633527646621 0.9647043401544745 57
1633527682198 0.9644643610174005 58
1633527718274 0.9605384595466383 59
1633527756662 0.960306572191643 60
1633527792565 0.9617365056818182 61
1633527828585 0.9647272283380682 62
1633527865138 0.9644259828509707 63
1633527900878 0.9647152062618372 64
1633527936934 0.9621584343187737 65
1633527972960 0.9651831424597538 66
1633528008793 0.964353388006037 67
1633528048417 0.9630272605202415 68
1633528084353 0.9645646991151752 69
1633528120838 0.9638731985381155 70
1633528156901 0.9637173739346591 71
1633528193161 0.9641383777965199 72
1633528229884 0.9653315688624526 73
1633528266409 0.9630066842743845 74
1633528302460 0.9652363170276989 75
1633528338399 0.9646717418323864 76
1633528374301 0.9654642740885416 77
1633528410660 0.9654152610085227 78
1633528446725 0.9656711925159801 79
1633528485471 0.9617637865471117 80
1633528521722 0.9642370975378788 81
1633528557961 0.965120488947088 82
1633528594246 0.9654827695904356 83
1633528630349 0.9656462235884233 84
1633528666481 0.9640747995087595 85
1633528702956 0.9655280835700758 86
1633528739072 0.9614840420809659 87
1633528775363 0.9651981700550426 88
1633528811681 0.96466064453125 89
1633528847656 0.9660991321910511 90
1633528883854 0.9663007331616951 91
1633528920491 0.9651743570963541 92
1633528956772 0.9656242601799242 93
1633528992839 0.9634380918560606 94
1633529028889 0.9673533584132339 95
1633529065124 0.9632892030658144 96
1633529101377 0.9650925145004735 97
1633529137276 0.9652837117513021 98
1633529173678 0.9631574226148201 99
1633529212910 0.9624374852035985 100
1633529249049 0.9659259680545691 101
1633529285469 0.9640230121034564 102
1633529321958 0.9651426835493608 103
1633529358062 0.9643032189571497 104
1633529394120 0.9639314593690814 105
1633529430379 0.9643372044418798 106
1633529466881 0.9667002360026041 107
1633529503036 0.9648883703983191 108
1633529539037 0.9648707996715199 109
1633529575117 0.9656494603012548 110
1633529611474 0.9666394320401278 111
1633529647938 0.9661243323123816 112
1633529684013 0.9647413311582623 113
1633529720276 0.9659079349402225 114
1633529756354 0.9644615866921165 115
1633529792717 0.9648684877337832 116
1633529829024 0.9656231042110559 117
1633529865284 0.9632320982037168 118
1633529901396 0.9644234397194602 119
1633529940540 0.9654883182410038 120
1633529978001 0.9650185324928977 121
1633530014602 0.9648060654148911 122
1633530051080 0.966389511570786 123
1633530093713 0.962735956365412 124
1633530130353 0.9674023714932528 125
1633530166988 0.9638475360292377 126
1633530203657 0.9649875525272253 127
1633530239947 0.9649366898970171 128
1633530276368 0.9644842436819365 129
1633530313088 0.963725234522964 130
1633530349625 0.9646814519708807 131
1633530386031 0.9654536391749526 132
1633530422461 0.9653336496064158 133
1633530458863 0.9649510239109849 134
1633530495276 0.964620879202178 135
1633530531608 0.9648356582179214 136
1633530568145 0.9609266338926373 137
1633530604601 0.9636313698508523 138
1633530640953 0.9649912516276041 139
1633530680392 0.9653408166133997 140
1633530716881 0.964081504128196 141
1633530753500 0.9653546882398201 142
1633530789915 0.9663761023319128 143
1633530826677 0.9663811885949337 144
1633530863741 0.9659285111860796 145
1633530900594 0.9642981326941288 146
1633530937293 0.9646026148940577 147
1633530974237 0.9658443566524622 148
1633531010977 0.9646437673857717 149
1633531047803 0.9647371696703362 150
1633531084452 0.96544277306759 151
1633531120971 0.9646250406901041 152
1633531157858 0.9645168420040247 153
1633531194728 0.9654756025834517 154
1633531231487 0.9655937426017992 155
1633531268202 0.9658887458570076 156
1633531304993 0.9656510786576704 157
1633531341730 0.964792656176018 158
1633531378490 0.9650848851059423 159
1633531417972 0.9643483017430161 160
1633531454760 0.9616611365116003 161
1633531491760 0.9658748742305872 162
1633531531424 0.9666276411576704 163
1633531568031 0.965962959058357 164
1633531604936 0.9655507405598959 165
1633531641497 0.9668657707445549 166
1633531678236 0.9667767611416903 167
1633531717500 0.9665125066583807 168
1633531754461 0.9638567837801847 169
1633531790952 0.9663393425218987 170
1633531827562 0.9666412815903173 171
1633531864186 0.967344110662287 172
1633531900791 0.9665492664683949 173
1633531937529 0.9665157433712122 174
1633531974555 0.965650616270123 175
1633532011558 0.966045264041785 176
1633532048504 0.9652467207475142 177
1633532085320 0.9655766342625474 178
1633532122104 0.9654372244170217 179
1633532161884 0.965037490382339 180
1633532198753 0.9655796397816051 181
1633532236172 0.9657521103367661 182
1633532273202 0.9638227982954546 183
1633532310232 0.9648816657788826 184
1633532346972 0.9653840498490767 185
1633532384076 0.9655632250236742 186
1633532421143 0.9665989731297349 187
1633532458314 0.9668844974402225 188
1633532495558 0.9664482347892992 189
1633532532481 0.966574004202178 190
1633532569418 0.9676250110973011 191
1633532606354 0.9675831650242661 192
1633532643463 0.9666133071437026 193
1633532680526 0.9638193303888495 194
1633532717390 0.9646668867631392 195
1633532754221 0.9670860984108665 196
1633532791070 0.9657442497484612 197
1633532828229 0.9669369784268466 198
1633532865320 0.9662838560162168 199
1633532904963 0.9666075272993608 200
1633532942019 0.96636962890625 201
1633532979082 0.9677921641956676 202
1633533017671 0.9663883556019176 203
1633533054941 0.9667143388227983 204
1633533092352 0.9656540841767283 205
1633533129488 0.9651782873905066 206
1633533166500 0.9665430242365057 207
1633533203513 0.9664861505681818 208
1633533240872 0.9668831102775804 209
1633533277814 0.9659053918087122 210
1633533315015 0.9656117757161459 211
1633533352169 0.9659384525183475 212
1633533389361 0.966356219667377 213
1633533426382 0.967207012754498 214
1633533463826 0.9660420273289536 215
1633533501083 0.9665901877663352 216
1633533538256 0.9655985976710464 217
1633533575295 0.9649406201911696 218
1633533612523 0.9647845643939394 219
1633533652150 0.965218515107126 220
1633533689140 0.9660251501834753 221
1633533726474 0.9666715679746686 222
1633533763927 0.9666590835108901 223
1633533801207 0.9649639707623106 224
1633533838660 0.9649038603811553 225
1633533875800 0.9655410304214015 226
1633533913429 0.9651845296223959 227
1633533950837 0.9657255230527936 228
1633533988157 0.9658963752515388 229
1633534025450 0.9655636874112216 230
1633534062993 0.965284405332623 231
1633534100601 0.9663418856534091 232
1633534138003 0.9645277081113873 233
1633534175329 0.9662940285422585 234
1633534212624 0.9654013893821023 235
1633534250257 0.965974981134588 236
