1633525627309 0.8864676735617898 1
1633525663756 0.9393479318329783 2
1633525700113 0.9538588090376421 3
1633525736465 0.954569961085464 4
1633525772535 0.956583427660393 5
1633525881096 0.9547937566583807 8
1633525917336 0.9572975852272727 9
1633525989595 0.9605342980587122 11
1633526170048 0.9623635031960227 16
1633526206185 0.9626705285274622 17
1633526388359 0.960387490012429 22
1633526424428 0.9632508248993845 23
1633526496116 0.9625771262428977 25
1633526532228 0.9636921738133286 26
1633526568306 0.9643122355143229 27
1633527214229 0.964712431936553 45
1633527323301 0.9628307458126184 48
1633527395425 0.963907646410393 50
1633527610776 0.9660697705817946 56
1633527828903 0.9647272283380682 62
1633528084665 0.9645646991151752 69
1633528230193 0.9653315688624526 73
1633528374623 0.9654642740885416 77
1633528884219 0.9663007331616951 91
1633532979781 0.9677921641956676 202
