1633525627237 0.5679345363841187 1
1633525663617 0.6903260999964624 2
1633525699961 0.7420841741593277 3
1633525736317 0.763542447062969 4
1633525772387 0.7860074208421935 5
1633525808843 0.7793615414304409 6
1633525845084 0.7707908205618664 7
1633525880952 0.7926578492803732 8
1633525917185 0.7954238492388432 9
1633525953373 0.7737401770572828 10
1633525989456 0.8142886639516613 11
1633526025597 0.8014736944785756 12
1633526061551 0.7821695311918089 13
1633526097841 0.8116627083268768 14
1633526134132 0.7938482165551064 15
1633526169909 0.8194549161076831 16
1633526206049 0.819720008891604 17
1633526242240 0.8041797232864648 18
1633526278054 0.8134790917445263 19
1633526316902 0.8159643150604987 20
1633526352325 0.8152162545498756 21
1633526388158 0.8236984597014172 22
1633526424228 0.8237351589691903 23
1633526460459 0.8123741166356415 24
1633526495920 0.8257906402216761 25
1633526532013 0.8309766668755731 26
1633526568102 0.8324177271886984 27
1633526603871 0.8102640634472904 28
1633526639494 0.8112568571930354 29
1633526675200 0.7993439334568931 30
1633526711175 0.8147740950381015 31
1633526746816 0.8283263081684252 32
1633526782459 0.8297503788922709 33
1633526818359 0.8316788697792352 34
1633526854042 0.8016503380770871 35
1633526889837 0.8235280546665047 36
1633526925248 0.8288235199198022 37
1633526960739 0.8221489835764468 38
1633526996563 0.8115367759338462 39
1633527035079 0.8243583795110296 40
1633527070949 0.828604688495508 41
1633527106553 0.8195441176229739 42
1633527142249 0.8152509618474829 43
1633527178212 0.8263621937629186 44
1633527213981 0.8357503297371363 45
1633527250333 0.827905702805548 46
1633527287122 0.8154406407175149 47
1633527323054 0.8379454910993741 48
1633527359238 0.8270120322833242 49
1633527395173 0.8403737368076286 50
1633527431183 0.8228811714081365 51
1633527466875 0.8318867993979829 52
1633527502685 0.8176189615491294 53
1633527538613 0.82664517518919 54
1633527574455 0.8343331719652577 55
1633527610517 0.8435156659384139 56
1633527646625 0.8423891617514719 57
1633527682201 0.8423003131221671 58
1633527718278 0.829423384065468 59
1633527756666 0.8162510056441704 60
1633527792569 0.8286169433565436 61
1633527828589 0.8461927176144659 62
1633527865142 0.8380847768422237 63
1633527900882 0.8333576161183726 64
1633527936938 0.8320904184895271 65
1633527972964 0.8454141684675447 66
1633528008797 0.8394755929524242 67
1633528048421 0.8371060210119774 68
1633528084357 0.8480569486362457 69
1633528120842 0.840197008753914 70
1633528156905 0.8383120467402126 71
1633528193165 0.8467212069235717 72
1633528229888 0.8529053493744676 73
1633528266413 0.8446301725265611 74
1633528302464 0.8493524687946223 75
1633528338403 0.8490449937948897 76
1633528374304 0.8549786989837067 77
1633528410664 0.8467077483477164 78
1633528446729 0.8476185267399173 79
1633528485475 0.8387869100892529 80
1633528521725 0.8519687780002005 81
1633528557965 0.8509493697820413 82
1633528594250 0.8491672285183779 83
1633528630353 0.8487201525323257 84
1633528666484 0.8488196697721206 85
1633528702960 0.8471298840185815 86
1633528739076 0.8320821943819958 87
1633528775366 0.850806893388173 88
1633528811685 0.8528887061064311 89
1633528847660 0.8497334752285401 90
1633528883858 0.8628814590467033 91
1633528920495 0.8486717588448933 92
1633528956776 0.857051359692351 93
1633528992843 0.8495779708311958 94
1633529028893 0.8566707153126523 95
1633529065128 0.8404183498793223 96
1633529101382 0.8568247265724026 97
1633529137280 0.8514911371380723 98
1633529173681 0.8470039893425025 99
1633529212914 0.8365556303853928 100
1633529249053 0.8506002021915403 101
1633529285473 0.8437560984418141 102
1633529321961 0.8485079177708809 103
1633529358066 0.8465719153118003 104
1633529394123 0.8475912497267869 105
1633529430383 0.8512674401833068 106
1633529466885 0.8593998920006376 107
1633529503040 0.8492822888544437 108
1633529539041 0.851490377218922 109
1633529575121 0.8494848757856188 110
1633529611478 0.8531031561073288 111
1633529647941 0.8459068574504365 112
1633529684017 0.8492280739822775 113
1633529720280 0.8439960207941617 114
1633529756358 0.8477137521130832 115
1633529792721 0.8420222497619396 116
1633529829027 0.8487215509060165 117
1633529865288 0.8468642912620454 118
1633529901400 0.8471361932326166 119
1633529940544 0.8527575488407056 120
1633529978005 0.8443966031261724 121
1633530014605 0.8429336448631809 122
1633530051084 0.8534460393574231 123
1633530093717 0.8432077717801135 124
1633530130357 0.8564387249163533 125
1633530166992 0.8448645652921168 126
1633530203660 0.8454030741165107 127
1633530239951 0.8475403756203934 128
1633530276372 0.847490408678881 129
1633530313092 0.8451608603250064 130
1633530349629 0.8443774655980834 131
1633530386034 0.8511706293933688 132
1633530422465 0.8504436012094633 133
1633530458867 0.8512469581566595 134
1633530495279 0.8510387794658805 135
1633530531611 0.8470933041227331 136
1633530568149 0.8326293425604991 137
1633530604605 0.8476340152007398 138
1633530640956 0.846748665670413 139
1633530680395 0.8442940224420546 140
1633530716885 0.8442472120365131 141
1633530753503 0.8508167578653723 142
1633530789919 0.8476939083401247 143
1633530826681 0.8499682475516976 144
1633530863745 0.8515761281474414 145
1633530900597 0.8485063202701268 146
1633530937297 0.8481935151325836 147
1633530974241 0.8572707806634675 148
1633531010981 0.8492918227759674 149
1633531047807 0.8455817881760789 150
1633531084456 0.8531701195911712 151
1633531120975 0.8458243539577257 152
1633531157862 0.846627924052499 153
1633531194732 0.8529644611549596 154
1633531231491 0.8543211610215057 155
1633531268205 0.8526589204912158 156
1633531304997 0.849791663718587 157
1633531341734 0.8532483088320129 158
1633531378494 0.8522893924239797 159
1633531417976 0.8481286880661738 160
1633531454764 0.8405281455546505 161
1633531491764 0.8483541018561488 162
1633531531428 0.8525367922897296 163
1633531568035 0.8474149680506634 164
1633531604940 0.8487666528211275 165
1633531641501 0.8538503692892437 166
1633531678240 0.8603917268293421 167
1633531717504 0.849474128376045 168
1633531754464 0.8470645303750588 169
1633531790956 0.8515613793972165 170
1633531827565 0.8595114979309744 171
1633531864190 0.8575664557976715 172
1633531900795 0.8577508549065983 173
1633531937533 0.8554260551215114 174
1633531974559 0.8442947551392486 175
1633532011562 0.8546162094341903 176
1633532048507 0.8478903809429049 177
1633532085324 0.8506448208960848 178
1633532122108 0.848403802874613 179
1633532161888 0.8489663927205708 180
1633532198757 0.8534309883176749 181
1633532236176 0.8559408476559787 182
1633532273206 0.8423183384175753 183
1633532310236 0.8487723096800526 184
1633532346976 0.8535323476448173 185
1633532384080 0.8527457544889265 186
1633532421147 0.8573196311986465 187
1633532458318 0.8540120899444388 188
1633532495562 0.8545491229838778 189
1633532532485 0.8536594185811959 190
1633532569422 0.8568798168467894 191
1633532606358 0.8557878190291754 192
1633532643467 0.851704025499118 193
1633532680530 0.8412278449395568 194
1633532717394 0.8457262267480498 195
1633532754225 0.8558416881817459 196
1633532791074 0.8522489854287687 197
1633532828233 0.861174881856737 198
1633532865324 0.8485537558225743 199
1633532904967 0.8524280605084422 200
1633532942023 0.8584346914739087 201
1633532979086 0.8642534932347875 202
1633533017675 0.8593749907976467 203
1633533054945 0.8578802127079297 204
1633533092355 0.8606663478138544 205
1633533129492 0.8557659657329779 206
1633533166504 0.8620461985021524 207
1633533203517 0.8599049620678608 208
1633533240876 0.8614212412343589 209
1633533277818 0.8595033292200657 210
1633533315019 0.8565123448306667 211
1633533352172 0.8564668091355384 212
1633533389365 0.8540269238949677 213
1633533426386 0.861653727390995 214
1633533463830 0.8586403723820543 215
1633533501087 0.8576272524713244 216
1633533538260 0.8561796448642607 217
1633533575299 0.8487978908438573 218
1633533612527 0.8498029146192955 219
1633533652154 0.8473108727852131 220
1633533689144 0.8578094838789727 221
1633533726478 0.8585846366644087 222
1633533763931 0.8591572090930837 223
1633533801210 0.8548066936632477 224
1633533838664 0.8522585902473833 225
1633533875804 0.8525517463976405 226
1633533913433 0.8495907016643152 227
1633533950841 0.8534559107585111 228
1633533988161 0.858697086572651 229
1633534025454 0.8530185628539448 230
1633534062997 0.854308577503835 231
1633534100605 0.859633924961353 232
1633534138007 0.8559673288367436 233
1633534175333 0.8569251217736525 234
1633534212628 0.850303846924328 235
1633534250260 0.8526263386165988 236
