1633525627312 0.5679345363841187 1
1633525663759 0.6903260999964624 2
1633525700116 0.7420841741593277 3
1633525736469 0.763542447062969 4
1633525772538 0.7860074208421935 5
1633525881099 0.7926578492803732 8
1633525917339 0.7954238492388432 9
1633525989598 0.8142886639516613 11
1633526170051 0.8194549161076831 16
1633526206188 0.819720008891604 17
1633526388362 0.8236984597014172 22
1633526424431 0.8237351589691903 23
1633526496119 0.8257906402216761 25
1633526532232 0.8309766668755731 26
1633526568309 0.8324177271886984 27
1633527214233 0.8357503297371363 45
1633527323305 0.8379454910993741 48
1633527395428 0.8403737368076286 50
1633527610779 0.8435156659384139 56
1633527828905 0.8461927176144659 62
1633528084668 0.8480569486362457 69
1633528230196 0.8529053493744676 73
1633528374626 0.8549786989837067 77
1633528884222 0.8628814590467033 91
1633532979784 0.8642534932347875 202
