1633525627311 0.6094907219732005 1
1633525663758 0.740837765849862 2
1633525700115 0.7963830161709861 3
1633525736468 0.7874031485336868 4
1633525772537 0.8234363456442028 5
1633525881098 0.8110917527520098 8
1633525917338 0.8202808445275571 9
1633525989597 0.8268161818586099 11
1633526170050 0.8385120071799549 16
1633526206187 0.8323310859514749 17
1633526388361 0.8395999743674678 22
1633526424430 0.8561656770388433 23
1633526496118 0.8515965977286035 25
1633526532230 0.8470186874716267 26
1633526568308 0.8484875674819164 27
1633527214232 0.8421301032465799 45
1633527323304 0.8541220449816016 48
1633527395427 0.853302563527746 50
1633527610778 0.8631323093323305 56
1633527828905 0.8658716180241047 62
1633528084667 0.8545306658014078 69
1633528230195 0.8693707036094959 73
1633528374625 0.8648060403513356 77
1633528884221 0.8761565584166526 91
1633532979783 0.8741874414328885 202
