1633525627236 0.6094907219732005 1
1633525663616 0.740837765849862 2
1633525699960 0.7963830161709861 3
1633525736316 0.7874031485336868 4
1633525772386 0.8234363456442028 5
1633525808842 0.8068684193632798 6
1633525845083 0.7917851230674425 7
1633525880951 0.8110917527520098 8
1633525917184 0.8202808445275571 9
1633525953372 0.7766821549168162 10
1633525989455 0.8268161818586099 11
1633526025596 0.8169461596229497 12
1633526061550 0.791159985573324 13
1633526097840 0.8305385852647111 14
1633526134131 0.8091734717009578 15
1633526169908 0.8385120071799549 16
1633526206048 0.8323310859514749 17
1633526242239 0.8165517190293334 18
1633526278053 0.8228294261323944 19
1633526316901 0.8317165219149485 20
1633526352324 0.8439885929457535 21
1633526388157 0.8395999743674678 22
1633526424226 0.8561656770388433 23
1633526460458 0.8410461442816052 24
1633526495919 0.8515965977286035 25
1633526532012 0.8470186874716267 26
1633526568101 0.8484875674819164 27
1633526603870 0.8227296644234026 28
1633526639493 0.8143414840264691 29
1633526675198 0.8116415324331532 30
1633526711174 0.8209937446185451 31
1633526746815 0.8410697898325549 32
1633526782458 0.8490468993316259 33
1633526818358 0.8510202388438686 34
1633526854041 0.8202933691951589 35
1633526889836 0.8426798698913069 36
1633526925247 0.8383502270453171 37
1633526960738 0.8445421465532373 38
1633526996562 0.8272035090599823 39
1633527035078 0.8435295046159373 40
1633527070948 0.8446009180031431 41
1633527106552 0.8258001795895614 42
1633527142248 0.827793284337444 43
1633527178211 0.8455799191992657 44
1633527213980 0.8421301032465799 45
1633527250332 0.840642713617941 46
1633527287121 0.8376510861845289 47
1633527323053 0.8541220449816016 48
1633527359237 0.8462448702434017 49
1633527395172 0.853302563527746 50
1633527431182 0.8355408817374925 51
1633527466874 0.8414487166324425 52
1633527502684 0.8207277788934225 53
1633527538612 0.8393627932690236 54
1633527574454 0.8407021274764429 55
1633527610516 0.8631323093323305 56
1633527646624 0.8520717957945924 57
1633527682200 0.8455029759097039 58
1633527718277 0.829423384065468 59
1633527756665 0.8288087134233115 60
1633527792568 0.8446134094445077 61
1633527828588 0.8658716180241047 62
1633527865141 0.8509783887936425 63
1633527900881 0.8594000416220717 64
1633527936937 0.8481539400819892 65
1633527972963 0.8551315727028037 66
1633528008796 0.8691041432919218 67
1633528048420 0.8532663689079615 68
1633528084356 0.8545306658014078 69
1633528120841 0.8433916741864385 70
1633528156904 0.8479478173923989 71
1633528193164 0.8630671761692004 72
1633528229887 0.8693707036094959 73
1633528266412 0.8576244828731234 74
1633528302463 0.8657492346014681 75
1633528338402 0.8621072244686572 76
1633528374304 0.8648060403513356 77
1633528410663 0.866398626216268 78
1633528446728 0.8573612684265831 79
1633528485474 0.8549797075813236 80
1633528521724 0.8650759899694344 81
1633528557964 0.8574451664979347 82
1633528594249 0.8689153036002005 83
1633528630352 0.8551989323226488 84
1633528666484 0.8618784339224609 85
1633528702959 0.8634837427834189 86
1633528739075 0.8384339668581943 87
1633528775365 0.8739806220018589 88
1633528811684 0.8626920245674247 89
1633528847659 0.8694947188385062 90
1633528883857 0.8761565584166526 91
1633528920494 0.8650553835330187 92
1633528956775 0.866902524746286 93
1633528992842 0.8626484011516757 94
1633529028892 0.8732087600098077 95
1633529065127 0.8633091220550235 96
1633529101381 0.8733657444599007 97
1633529137279 0.8679291899785756 98
1633529173680 0.8600348199477719 99
1633529212913 0.8593411923025046 100
1633529249052 0.8703816022425064 101
1633529285472 0.856736961494765 102
1633529321960 0.8648883795039095 103
1633529358066 0.8530342963447147 104
1633529394122 0.8639540151655279 105
1633529430382 0.8577656649175306 106
1633529466884 0.8726214288006474 107
1633529503039 0.875822360381145 108
1633529539040 0.8645902291761361 109
1633529575120 0.8625538738746283 110
1633529611477 0.8729427643888945 111
1633529647940 0.8655791099492838 112
1633529684016 0.8589893162119588 113
1633529720279 0.8703708964439791 114
1633529756357 0.8742048068666171 115
1633529792720 0.8549764382198156 116
1633529829026 0.8584769710313732 117
1633529865287 0.8632130227535907 118
1633529901399 0.8634901737969528 119
1633529940543 0.8725891197439779 120
1633529978004 0.8640337334314323 121
1633530014604 0.855901854784153 122
1633530051083 0.8665759784244605 123
1633530093716 0.869558014648242 124
1633530130356 0.8729722910344295 125
1633530166991 0.8578624816812264 126
1633530203659 0.8650636107238715 127
1633530239950 0.8639021589335285 128
1633530276371 0.8671994879504827 129
1633530313091 0.8614767070494274 130
1633530349628 0.8606781888721776 131
1633530386033 0.8676024948256733 132
1633530422464 0.8702213593771252 133
1633530458866 0.8744326729702651 134
1633530495278 0.8708303789883428 135
1633530531610 0.8634464567119752 136
1633530568148 0.8519928156433014 137
1633530604604 0.8606745385115204 138
1633530640956 0.8597755682191885 139
1633530680394 0.8706782106433687 140
1633530716885 0.8638808681303857 141
1633530753502 0.8739907551613163 142
1633530789918 0.8674077201619883 143
1633530826680 0.8731191336717828 144
1633530863744 0.8747708086806403 145
1633530900596 0.8648867511633725 146
1633530937296 0.8645679073166104 147
1633530974240 0.8806205684636398 148
1633531010980 0.8656874178102525 149
1633531047806 0.86524648092436 150
1633531084455 0.8629766726899202 151
1633531120974 0.868862371380699 152
1633531157861 0.8663169455420919 153
1633531194731 0.8694309565440516 154
1633531231490 0.8708138475277124 155
1633531268205 0.8657767500372345 156
1633531304996 0.866196908191919 157
1633531341733 0.863055760657668 158
1633531378493 0.8687428555981879 159
1633531417974 0.8645018287624321 160
1633531454763 0.8600753117303401 161
1633531491763 0.8680832670155941 162
1633531531427 0.8656527429403409 163
1633531568034 0.860452121405289 164
1633531604939 0.8685054121890605 165
1633531641500 0.8703339671519704 166
1633531678239 0.8702812869078401 167
1633531717503 0.865873242823459 168
1633531754463 0.860096292380829 169
1633531790955 0.8680007882658886 170
1633531827564 0.8761043839914179 171
1633531864189 0.8674235414964955 172
1633531900794 0.8709470219051613 173
1633531937532 0.8652585385137127 174
1633531974558 0.8605938816863384 175
1633532011561 0.8644393842552729 176
1633532048506 0.8642589211155478 177
1633532085323 0.8704272585913427 178
1633532122107 0.8614561690726841 179
1633532161887 0.8687097972024446 180
1633532198756 0.8665606958302545 181
1633532236175 0.8691091683891479 182
1633532273205 0.8652608612538516 183
1633532310234 0.8685112006028445 184
1633532346975 0.8666636145316606 185
1633532384079 0.8658649199426023 186
1633532421146 0.8738702032295084 187
1633532458317 0.8772731196316415 188
1633532495561 0.867696032568245 189
1633532532484 0.8634715958062671 190
1633532569421 0.8601379150097049 191
1633532606357 0.8656244606272119 192
1633532643466 0.868146188153541 193
1633532680529 0.8541698117847808 194
1633532717393 0.8554472178600963 195
1633532754224 0.8723637284941347 196
1633532791073 0.8687016685451542 197
1633532828232 0.877799879575979 198
1633532865323 0.8716661149305822 199
1633532904966 0.8722519688923593 200
1633532942022 0.8716413790350457 201
1633532979085 0.8741874414328885 202
1633533017674 0.8659351052312165 203
1633533054944 0.8710783698265132 204
1633533092354 0.8772815282735813 205
1633533129491 0.8722865442220313 206
1633533166503 0.8753084477098778 207
1633533203516 0.8731342691765972 208
1633533240875 0.8780509949261419 209
1633533277817 0.8693826778317906 210
1633533315018 0.8696894578280616 211
1633533352171 0.8763846419061324 212
1633533389364 0.8705139301477662 213
1633533426385 0.8782879692325201 214
1633533463829 0.8718502242648551 215
1633533501086 0.8708215178939602 216
1633533538259 0.866020790207528 217
1633533575298 0.8685373766774354 218
1633533612526 0.8628768056134385 219
1633533652153 0.8703893790478454 220
1633533689143 0.8777585416436 221
1633533726477 0.8785517212379995 222
1633533763930 0.8723750123099004 223
1633533801210 0.8713087533864764 224
1633533838663 0.8653702608665738 225
1633533875803 0.8791939884725668 226
1633533913432 0.869348624958834 227
1633533950840 0.8699318935916871 228
1633533988160 0.8752742504060999 229
1633534025453 0.8661419253593899 230
1633534062996 0.8741762188411336 231
1633534100604 0.8695147746735525 232
1633534138006 0.8758735457864354 233
1633534175332 0.8701085851855549 234
1633534212627 0.8667189791043343 235
1633534250260 0.8724548581193103 236
