1633525627238 5.507200788098839 1
1633525663619 4.551182669231243 2
1633525699962 4.155229730757014 3
1633525736318 4.158420146776413 4
1633525772388 3.9372437507759876 5
1633525808844 4.037297244075203 6
1633525845086 4.125703370527974 7
1633525880954 4.026979143946059 8
1633525917187 3.973609188384692 9
1633525953374 4.274054572178707 10
1633525989457 3.855359678911836 11
1633526025598 3.9594331327521672 12
1633526061553 4.247474713067888 13
1633526097842 3.8852666854158784 14
1633526134134 4.076044694237882 15
1633526169910 3.769623608863519 16
1633526206050 3.83478950405815 17
1633526242241 3.9567675631585884 18
1633526278056 3.8219053111881527 19
1633526316904 3.8126882944717084 20
1633526352327 3.8217165106142987 21
1633526388160 3.734879591193615 22
1633526424229 3.7169988930090696 23
1633526460461 3.7494198831711185 24
1633526495922 3.729506405512711 25
1633526532015 3.733996107802362 26
1633526568103 3.6868327513700385 27
1633526603872 3.9642627662821686 28
1633526639495 3.943077852986849 29
1633526675201 3.989848994397498 30
1633526711177 3.97825277733755 31
1633526746817 3.718496966722027 32
1633526782461 3.6897412738121513 33
1633526818360 3.701184906354237 34
1633526854044 3.9361460382292313 35
1633526889838 3.729276351841395 36
1633526925249 3.7362062118153867 37
1633526960740 3.8007533669945444 38
1633526996565 3.829670386144354 39
1633527035081 3.714590106617514 40
1633527070951 3.7573049191697345 41
1633527106554 3.8255800981360344 42
1633527142250 3.917770249117742 43
1633527178214 3.714581113000458 44
1633527213982 3.7098538241153736 45
1633527250334 3.7223393367732296 46
1633527287123 3.7786341497264253 47
1633527323056 3.653877505474646 48
1633527359240 3.728233881991294 49
1633527395174 3.6875658183012754 50
1633527431184 3.8081987732821054 51
1633527466876 3.6843059368762563 52
1633527502686 3.908813572702593 53
1633527538614 3.752368402073265 54
1633527574456 3.6879626000464096 55
1633527610519 3.6315422487501343 56
1633527646626 3.66134680105982 57
1633527682203 3.6500737276508897 58
1633527718279 3.8655396175990835 59
1633527756667 3.7856433267029836 60
1633527792571 3.717419283696361 61
1633527828591 3.667532773704664 62
1633527865143 3.6498033103725134 63
1633527900884 3.638867023216328 64
1633527936939 3.684668812035046 65
1633527972966 3.6589542420740693 66
1633528008799 3.6216965906008585 67
1633528048422 3.732733430026569 68
1633528084359 3.669631274014676 69
1633528120843 3.6673228879853785 70
1633528156907 3.6329207894272324 71
1633528193166 3.602776064690241 72
1633528229889 3.5699250972844183 73
1633528266415 3.659922990888991 74
1633528302466 3.6052080158310034 75
1633528338404 3.61883675518543 76
1633528374306 3.5562080334604143 77
1633528410665 3.5712986044530908 78
1633528446730 3.553029186133494 79
1633528485476 3.657151010051656 80
1633528521727 3.6274151609705925 81
1633528557966 3.5947089294331893 82
1633528594251 3.60156461905439 83
1633528630355 3.587753687521275 84
1633528666486 3.6178363508760802 85
1633528702962 3.546075414857529 86
1633528739077 3.695699902935325 87
1633528775368 3.5891962776826176 88
1633528811686 3.649342580429806 89
1633528847662 3.5541544149757804 90
1633528883859 3.48782453353862 91
1633528920496 3.6206916694512525 92
1633528956778 3.6035317358315577 93
1633528992844 3.6318821796921745 94
1633529028895 3.5526126318521 95
1633529065130 3.612479106599155 96
1633529101383 3.5329199935463627 97
1633529137281 3.540388733589955 98
1633529173683 3.6016720597076173 99
1633529212915 3.6158373607756484 100
1633529249054 3.526682120279514 101
1633529285474 3.635327771407406 102
1633529321963 3.5732538075842206 103
1633529358068 3.581873286403169 104
1633529394125 3.5998791825979803 105
1633529430384 3.574073454995198 106
1633529466886 3.4962614752217447 107
1633529503041 3.5337269464735623 108
1633529539043 3.6013407477978543 109
1633529575123 3.609575801196591 110
1633529611479 3.533859070873366 111
1633529647943 3.566166204516925 112
1633529684019 3.6210699441428074 113
1633529720282 3.6109754583672644 114
1633529756359 3.5726732207459766 115
1633529792722 3.582761970732141 116
1633529829029 3.581725898497382 117
1633529865290 3.6100559595065294 118
1633529901402 3.6602449417626355 119
1633529940545 3.5651104163078657 120
1633529978006 3.595991587283537 121
1633530014607 3.5846204484788355 122
1633530051085 3.597390266689826 123
1633530093718 3.61270704246501 124
1633530130359 3.5200979025169175 125
1633530166993 3.6517076506216553 126
1633530203662 3.631868289711462 127
1633530239953 3.585873341656376 128
1633530276374 3.574623710462961 129
1633530313094 3.581217488944542 130
1633530349630 3.5887954708288263 131
1633530386036 3.6012955571386174 132
1633530422467 3.573161442882899 133
1633530458868 3.5666333460649917 134
1633530495281 3.645591341631949 135
1633530531613 3.5968165820312343 136
1633530568150 3.7755830508372243 137
1633530604606 3.5981077093779175 138
1633530640958 3.5828963314964244 139
1633530680397 3.568467357261935 140
1633530716887 3.5517281802626206 141
1633530753505 3.559927193821326 142
1633530789921 3.546806514602632 143
1633530826682 3.5108429126746827 144
1633530863747 3.53726175063833 145
1633530900599 3.564590509896642 146
1633530937299 3.548332291146988 147
1633530974242 3.4792813432467025 148
1633531010982 3.5546739246643857 149
1633531047809 3.511903955395219 150
1633531084458 3.563642032625584 151
1633531120976 3.581908474901222 152
1633531157864 3.529018200926302 153
1633531194733 3.524856830427538 154
1633531231493 3.5159546971770554 155
1633531268207 3.5168744107617633 156
1633531304998 3.5908282255917965 157
1633531341735 3.561815216106851 158
1633531378495 3.5712246840592177 159
1633531417977 3.5547316722166498 160
1633531454765 3.6322682770770074 161
1633531491765 3.503585003565441 162
1633531531429 3.524113198081194 163
1633531568036 3.5307553953011594 164
1633531604941 3.561047797384403 165
1633531641502 3.5168840991211283 166
1633531678241 3.4738167108989937 167
1633531717506 3.548356246337614 168
1633531754466 3.6203451174477568 169
1633531790957 3.566590987990188 170
1633531827567 3.486191283670187 171
1633531864191 3.476645553983955 172
1633531900796 3.534145040828768 173
1633531937534 3.4708523531796156 174
1633531974560 3.559629798340236 175
1633532011563 3.5416102215358936 176
1633532048509 3.5788457338774755 177
1633532085325 3.5234764822648272 178
1633532122110 3.515607772575638 179
1633532161889 3.553771362271421 180
1633532198759 3.512419224223303 181
1633532236177 3.491741113541674 182
1633532273207 3.588120850705244 183
1633532310237 3.548394033444116 184
1633532346977 3.549008976651997 185
1633532384081 3.5119444021101 186
1633532421148 3.4935533325008925 187
1633532458319 3.4936904630447834 188
1633532495563 3.511266703944313 189
1633532532487 3.488326075845153 190
1633532569423 3.536721363937582 191
1633532606359 3.5008540779204376 192
1633532643468 3.538879544622456 193
1633532680532 3.7092562256348485 194
1633532717395 3.6468853097526375 195
1633532754226 3.5920747102319868 196
1633532791075 3.5251441277223954 197
1633532828235 3.509276833703801 198
1633532865325 3.5169810710512848 199
1633532904968 3.489168735930809 200
1633532942024 3.503770756040302 201
1633532979088 3.4910400600336393 202
1633533017676 3.5318777432107114 203
1633533054947 3.4615769398154526 204
1633533092357 3.502043925216465 205
1633533129493 3.5147444752969106 206
1633533166506 3.4766684927457914 207
1633533203519 3.5144981852547863 208
1633533240877 3.4482863835197906 209
1633533277819 3.5628501244145934 210
1633533315020 3.5161079692228925 211
1633533352174 3.5098549425222627 212
1633533389367 3.499728733002158 213
1633533426387 3.5072982207441874 214
1633533463831 3.501494840254747 215
1633533501089 3.4694780397439238 216
1633533538261 3.5233141540567043 217
1633533575301 3.551471299201822 218
1633533612529 3.5686154262688987 219
1633533652155 3.5056768980626662 220
1633533689145 3.497362406668606 221
1633533726479 3.4907516895073023 222
1633533763932 3.4898269024101145 223
1633533801212 3.496051131449707 224
1633533838665 3.527470771851299 225
1633533875805 3.4853575621620476 226
1633533913435 3.525208846418975 227
1633533950843 3.4719872325653607 228
1633533988163 3.438009328684667 229
1633534025456 3.541523879924618 230
1633534062998 3.5165384094530943 231
1633534100606 3.4930526819862537 232
1633534138009 3.5395524382014125 233
1633534175335 3.526902235449744 234
1633534212630 3.529732133205947 235
1633534250262 3.5016251024394176 236
