1633525627314 5.507200788098839 1
1633525663761 4.551182669231243 2
1633525700117 4.155229730757014 3
1633525736470 4.158420146776413 4
1633525772539 3.9372437507759876 5
1633525881101 4.026979143946059 8
1633525917341 3.973609188384692 9
1633525989599 3.855359678911836 11
1633526170053 3.769623608863519 16
1633526206189 3.83478950405815 17
1633526388363 3.734879591193615 22
1633526424433 3.7169988930090696 23
1633526496120 3.729506405512711 25
1633526532233 3.733996107802362 26
1633526568310 3.6868327513700385 27
1633527214234 3.7098538241153736 45
1633527323306 3.653877505474646 48
1633527395429 3.6875658183012754 50
1633527610780 3.6315422487501343 56
1633527828907 3.667532773704664 62
1633528084669 3.669631274014676 69
1633528230197 3.5699250972844183 73
1633528374628 3.5562080334604143 77
1633528884223 3.48782453353862 91
1633532979785 3.4910400600336393 202
