1633525627312 0.45504024373116625 1
1633525663759 0.5923842427386261 2
1633525700115 0.6540579744665252 3
1633525736468 0.6737354002768 4
1633525772537 0.699386274652161 5
1633525881099 0.7099134303161393 8
1633525917339 0.7150872444359496 9
1633525989597 0.7318340678497779 11
1633526170051 0.7441794439481826 16
1633526206187 0.7382117943855372 17
1633526388361 0.7441782774178242 22
1633526424431 0.7487596369216176 23
1633526496119 0.7496987728124294 25
1633526532231 0.7555308724640702 26
1633526568308 0.7556413440469862 27
1633527214232 0.7621531631082482 45
1633527323304 0.7667261911558637 48
1633527395427 0.7695442399531335 50
1633527610778 0.7731189695989654 56
1633527828905 0.7729827967713229 62
1633528084668 0.7756545922647035 69
1633528230195 0.7849192384134778 73
1633528374626 0.7880183538456633 77
1633528884221 0.7963214191373321 91
1633532979783 0.796491348728218 202
