1633525627236 0.45504024373116625 1
1633525663617 0.5923842427386261 2
1633525699960 0.6540579744665252 3
1633525736317 0.6737354002768 4
1633525772386 0.699386274652161 5
1633525808842 0.6920645684985818 6
1633525845084 0.6813798811851396 7
1633525880952 0.7099134303161393 8
1633525917185 0.7150872444359496 9
1633525953372 0.6805203055549236 10
1633525989455 0.7318340678497779 11
1633526025597 0.717735467925984 12
1633526061551 0.6948984939656082 13
1633526097840 0.7319004191660289 14
1633526134132 0.7092952850767471 15
1633526169908 0.7441794439481826 16
1633526206048 0.7382117943855372 17
1633526242239 0.7208916555457427 18
1633526278054 0.7333791858762757 19
1633526316902 0.739732886271782 20
1633526352325 0.7387281176085277 21
1633526388158 0.7441782774178242 22
1633526424227 0.7487596369216176 23
1633526460459 0.7328842024606715 24
1633526495920 0.7496987728124294 25
1633526532013 0.7555308724640702 26
1633526568101 0.7556413440469862 27
1633526603870 0.7323932549528872 28
1633526639493 0.7280346654265101 29
1633526675199 0.7167462537582496 30
1633526711175 0.7336059488480593 31
1633526746815 0.7516846470859989 32
1633526782459 0.753458947857925 33
1633526818358 0.7587562925997227 34
1633526854042 0.7211355514293597 35
1633526889837 0.7467854513245512 36
1633526925247 0.7528428409553484 37
1633526960738 0.7469853419078696 38
1633526996563 0.7315249478240093 39
1633527035079 0.7512697171506906 40
1633527070949 0.7537742605436328 41
1633527106552 0.7409426682771509 42
1633527142249 0.7388142284808806 43
1633527178212 0.7542212053562146 44
1633527213981 0.7621531631082482 45
1633527250332 0.7549948852610894 46
1633527287121 0.7419411425163402 47
1633527323054 0.7667261911558637 48
1633527359238 0.7522685037438643 49
1633527395172 0.7695442399531335 50
1633527431182 0.7484679426611007 51
1633527466874 0.7557014848123672 52
1633527502684 0.7396589834413745 53
1633527538613 0.7510913776582873 54
1633527574454 0.7625723876504599 55
1633527610517 0.7731189695989654 56
1633527646624 0.7718583286324897 57
1633527682201 0.7700137603903217 58
1633527718277 0.7492447928111894 59
1633527756665 0.7424352540804379 60
1633527792569 0.7570376561305016 61
1633527828589 0.7729827967713229 62
1633527865141 0.7662939443236338 63
1633527900882 0.7611644372782782 64
1633527936937 0.7605703454515269 65
1633527972964 0.7752696863872511 66
1633528008797 0.7715808243136771 67
1633528048420 0.7646966772711817 68
1633528084357 0.7756545922647035 69
1633528120842 0.7661926801643738 70
1633528156905 0.7667935680937671 71
1633528193164 0.7776548346016503 72
1633528229888 0.7849192384134778 73
1633528266413 0.775121495302349 74
1633528302464 0.7794005987335885 75
1633528338402 0.7788227682299134 76
1633528374304 0.7880183538456633 77
1633528410664 0.7767984041917716 78
1633528446728 0.7806837757659405 79
1633528485474 0.7674864245179757 80
1633528521725 0.7774028552259608 81
1633528557965 0.7796008670900666 82
1633528594249 0.7794267565547153 83
1633528630353 0.7783437123473426 84
1633528666484 0.7794752358455705 85
1633528702960 0.7771637818838868 86
1633528739075 0.7590450527168655 87
1633528775366 0.7821357559005103 88
1633528811684 0.782796144737382 89
1633528847660 0.7833401806492251 90
1633528883858 0.7963214191373321 91
1633528920494 0.7816175259730895 92
1633528956776 0.78760693743055 93
1633528992842 0.7811638939891188 94
1633529028893 0.7879959189941421 95
1633529065128 0.7716196735154022 96
1633529101381 0.7893160285848939 97
1633529137279 0.7840201369595495 98
1633529173681 0.777220188925519 99
1633529212913 0.7675997021030846 100
1633529249052 0.7835767383950076 101
1633529285473 0.7753039670368584 102
1633529321961 0.7812906900747123 103
1633529358066 0.7777320759705871 104
1633529394123 0.781172817984011 105
1633529430382 0.7817081187262555 106
1633529466885 0.7919326462510712 107
1633529503040 0.7841154808409376 108
1633529539041 0.7846206134590743 109
1633529575121 0.7830810370368849 110
1633529611477 0.7862831581217393 111
1633529647941 0.780902214825109 112
1633529684017 0.7805610153568621 113
1633529720280 0.7783943110352846 114
1633529756357 0.7803179178547011 115
1633529792720 0.7750734027403153 116
1633529829027 0.7825190895309138 117
1633529865288 0.7811968403505235 118
1633529901400 0.7786486723845177 119
1633529940543 0.7869966645058202 120
1633529978004 0.7754717992428294 121
1633530014605 0.7766115484858362 122
1633530051083 0.7877597936780856 123
1633530093717 0.7778510430587929 124
1633530130357 0.7889995922531382 125
1633530166991 0.7745733323850668 126
1633530203660 0.7776208800540514 127
1633530239951 0.779949073588915 128
1633530276372 0.7816568162380985 129
1633530313092 0.7769979382109286 130
1633530349628 0.7775858199149819 131
1633530386034 0.7836727035454184 132
1633530422465 0.7836626401128923 133
1633530458866 0.7848159976356367 134
1633530495279 0.7844619463277804 135
1633530531611 0.7801778900527293 136
1633530568148 0.7646058085225611 137
1633530604605 0.7795624795956461 138
1633530640956 0.7792607573326362 139
1633530680395 0.7791098127101954 140
1633530716885 0.7799243364559146 141
1633530753503 0.7833730440465004 142
1633530789919 0.7809519090738893 143
1633530826681 0.7844129368589033 144
1633530863745 0.7876930958002433 145
1633530900597 0.7826692433412133 146
1633530937297 0.7825817533592601 147
1633530974240 0.7931304186940283 148
1633531010980 0.7817909113627999 149
1633531047807 0.7785013263654726 150
1633531084456 0.7869571300452968 151
1633531120974 0.7812266596607802 152
1633531157862 0.7822805737426414 153
1633531194731 0.7861183072632135 154
1633531231491 0.786084084750388 155
1633531268205 0.7872568042352849 156
1633531304996 0.7850672041254203 157
1633531341733 0.7878425133847119 158
1633531378493 0.7856957350713308 159
1633531417975 0.782807711599953 160
1633531454763 0.7741002368470159 161
1633531491763 0.7820974433877377 162
1633531531427 0.7861287024837369 163
1633531568034 0.781856843858951 164
1633531604939 0.7834939232878669 165
1633531641501 0.7889630105621467 166
1633531678240 0.7942904198142106 167
1633531717504 0.7843568010816595 168
1633531754464 0.7801830397135499 169
1633531790955 0.7856835759849198 170
1633531827565 0.7947315455421936 171
1633531864189 0.7911968775242176 172
1633531900794 0.7921194889801578 173
1633531937532 0.7880763336363094 174
1633531974558 0.7773537540018842 175
1633532011561 0.7884173994598241 176
1633532048507 0.780874570292141 177
1633532085324 0.7859305184152351 178
1633532122108 0.7804809522870836 179
1633532161887 0.7813531191290896 180
1633532198757 0.7871014420414116 181
1633532236175 0.7892081346974253 182
1633532273205 0.7761197539062663 183
1633532310235 0.7809607599648247 184
1633532346975 0.7872909853347354 185
1633532384079 0.7863271194536325 186
1633532421146 0.791503435191861 187
1633532458317 0.7873746252486706 188
1633532495561 0.7881704025384103 189
1633532532485 0.788125273917783 190
1633532569421 0.7890338167065276 191
1633532606357 0.7881858790438168 192
1633532643466 0.7838694928359329 193
1633532680530 0.7756960916174956 194
1633532717393 0.7734115783424338 195
1633532754224 0.7872141127128122 196
1633532791073 0.7870483823071727 197
1633532828233 0.7957384088532453 198
1633532865323 0.7850337773897564 199
1633532904966 0.7882044229074836 200
1633532942022 0.7922251346229146 201
1633532979086 0.796491348728218 202
1633533017674 0.7911201621712322 203
1633533054945 0.7912195990547664 204
1633533092355 0.7941992461935302 205
1633533129492 0.7881581654562928 206
1633533166504 0.7961769428460913 207
1633533203517 0.7942564368584402 208
1633533240875 0.7960823738247573 209
1633533277818 0.7910656612563353 210
1633533315018 0.7887722945196705 211
1633533352172 0.7916956286380089 212
1633533389365 0.7878854107330847 213
1633533426385 0.7958855679451448 214
1633533463829 0.7947770537975379 215
1633533501087 0.7908481957858461 216
1633533538259 0.7887393279780794 217
1633533575299 0.783622393875114 218
1633533612527 0.7823144213263615 219
1633533652153 0.781129225958898 220
1633533689143 0.7921538478424007 221
1633533726477 0.7943914030261267 222
1633533763930 0.7930610496082031 223
1633533801210 0.7893548109165127 224
1633533838663 0.786008944039899 225
1633533875803 0.7871701201588697 226
1633533913433 0.7834174136485781 227
1633533950841 0.7872822658824935 228
1633533988161 0.7937657529814023 229
1633534025454 0.7858485532013956 230
1633534062996 0.7890216823448161 231
1633534100604 0.792899858121462 232
1633534138007 0.7887403319010967 233
1633534175333 0.7905039795909176 234
1633534212628 0.7838779446654425 235
1633534250260 0.7886946454788292 236
