1633525627310 0.5826964823177327 1
1633525663757 0.7873569262164437 2
1633525700113 0.8246081646811037 3
1633525736466 0.7680484470746337 4
1633525772535 0.8355300413133644 5
1633525881097 0.795611591901904 8
1633525917337 0.7978478216844007 9
1633525989595 0.8423460372149026 11
1633526170049 0.8527766100315679 16
1633526206185 0.8331985866661071 17
1633526388360 0.8277213430438293 22
1633526424428 0.867327654306375 23
1633526496117 0.8465081840397093 25
1633526532229 0.8408273252175174 26
1633526568306 0.8546817281907884 27
1633527214230 0.8256266029596233 45
1633527323302 0.8444288284707199 48
1633527395426 0.832356403984028 50
1633527610776 0.8662984742054882 56
1633527828903 0.8517840316513224 62
1633528084666 0.8360179268404975 69
1633528230193 0.8684916251532051 73
1633528374624 0.8624855872859422 77
1633528884219 0.8731879587569653 91
1633532979781 0.8777049439663589 202
