1633525627238 0.6756493005245799 1
1633525663618 0.7765664939817538 2
1633525699961 0.8124592381444209 3
1633525736318 0.8124900359033193 4
1633525772388 0.8400778308160334 5
1633525808844 0.8373731595475521 6
1633525845085 0.8214877289618961 7
1633525880953 0.8359605530595926 8
1633525917186 0.8389010981837942 9
1633525953374 0.8275918406057999 10
1633525989457 0.8551634553803866 11
1633526025598 0.8506585598138968 12
1633526061552 0.839389484536292 13
1633526097841 0.8551596665702289 14
1633526134133 0.8387710119457908 15
1633526169910 0.8605308246932506 16
1633526206050 0.8629933854648569 17
1633526242241 0.8492352804124921 18
1633526278055 0.8501034350095823 19
1633526316903 0.8611693386832465 20
1633526352326 0.8656783975652081 21
1633526388159 0.8549733422858244 22
1633526424228 0.8672168656606584 23
1633526460460 0.8627080221771113 24
1633526495921 0.8657838145319321 25
1633526532014 0.8677401051300864 26
1633526568103 0.8694377743536675 27
1633526603872 0.8530997738867043 28
1633526639495 0.8545190023421182 29
1633526675200 0.8493949523735775 30
1633526711176 0.8558541804178852 31
1633526746817 0.8647813039106664 32
1633526782460 0.8674341596489862 33
1633526818360 0.8682884893899396 34
1633526854043 0.844067036902288 35
1633526889838 0.8630420674864647 36
1633526925249 0.8658721392866268 37
1633526960740 0.8669303246911555 38
1633526996564 0.8612917102274579 39
1633527035080 0.8671903368082283 40
1633527070950 0.8707666772001345 41
1633527106554 0.859503013044232 42
1633527142250 0.8581435338188891 43
1633527178213 0.8697369958112687 44
1633527213982 0.8747751032591804 45
1633527250334 0.8668383676674549 46
1633527287123 0.8619758195407573 47
1633527323055 0.8744445937863247 48
1633527359239 0.8651315851171527 49
1633527395174 0.8729263800911478 50
1633527431184 0.8691291104252259 51
1633527466876 0.8680235347898114 52
1633527502686 0.8594956292792957 53
1633527538614 0.8683541178206489 54
1633527574456 0.87193610864372 55
1633527610518 0.8811809093264561 56
1633527646626 0.8727485391820609 57
1633527682202 0.8721120027144346 58
1633527718279 0.8681402046192583 59
1633527756667 0.8580573536198101 60
1633527792570 0.8727420517769502 61
1633527828590 0.8796640339140563 62
1633527865143 0.8723197366184379 63
1633527900883 0.8745275126204166 64
1633527936939 0.8688184495681351 65
1633527972965 0.8742364087320484 66
1633528008798 0.8708226050844357 67
1633528048422 0.8766295473501351 68
1633528084358 0.8756090013251454 69
1633528120843 0.874104384282291 70
1633528156906 0.871848187173402 71
1633528193166 0.8761703228754006 72
1633528229889 0.8854757582693364 73
1633528266414 0.8779253369241168 74
1633528302465 0.8801058070335908 75
1633528338404 0.8829884792871593 76
1633528374305 0.8803476595483795 77
1633528410665 0.8786886865932371 78
1633528446730 0.8779760618852932 79
1633528485476 0.8724858143186854 80
1633528521727 0.8811275601582397 81
1633528557966 0.8823921781849137 82
1633528594251 0.8791256169792103 83
1633528630354 0.8803927743627953 84
1633528666485 0.878906145135617 85
1633528702961 0.8746303897884722 86
1633528739077 0.8661349704963424 87
1633528775367 0.8839845811935327 88
1633528811686 0.8789666751082857 89
1633528847661 0.8805156636117152 90
1633528883859 0.8916760715522292 91
1633528920496 0.8841593258056042 92
1633528956777 0.8827093741035745 93
1633528992844 0.8780362012648885 94
1633529028894 0.8821893166559581 95
1633529065129 0.8768536860717077 96
1633529101383 0.8821079428545279 97
1633529137281 0.8784202802765634 98
1633529173682 0.8782910350712718 99
1633529212915 0.8708359731427671 100
1633529249054 0.8818696220619632 101
1633529285474 0.8742733087378051 102
1633529321962 0.8818371780358271 103
1633529358068 0.8791509329877494 104
1633529394124 0.8786013973263288 105
1633529430384 0.880995634790048 106
1633529466886 0.8843303255530063 107
1633529503041 0.8792556152476306 108
1633529539042 0.8792885417576713 109
1633529575122 0.8771503015976349 110
1633529611479 0.8841505667093078 111
1633529647942 0.8795488416800658 112
1633529684018 0.8778023732962795 113
1633529720281 0.876659743499843 114
1633529756358 0.874340484076499 115
1633529792722 0.8765833543784165 116
1633529829028 0.8764329960113245 117
1633529865289 0.8782831736115323 118
1633529901401 0.8750783956716846 119
1633529940545 0.8807568974753527 120
1633529978006 0.8786034198454977 121
1633530014606 0.8769802919534602 122
1633530051085 0.8834082216897501 123
1633530093718 0.8744692326624325 124
1633530130358 0.8904824339386999 125
1633530166993 0.8760774992635044 126
1633530203661 0.8792312023498976 127
1633530239952 0.87883535794637 128
1633530276373 0.8785865493445058 129
1633530313093 0.875258426367398 130
1633530349629 0.8757906643884222 131
1633530386035 0.8824874503963946 132
1633530422466 0.8797349724462867 133
1633530458868 0.8802075290829887 134
1633530495280 0.8827572954978171 135
1633530531612 0.8774080558041829 136
1633530568150 0.8678732294785119 137
1633530604606 0.8764006094064912 138
1633530640957 0.8712095807894208 139
1633530680396 0.8750978341450935 140
1633530716886 0.8742813081768772 141
1633530753504 0.8808156055625094 142
1633530789920 0.8756730125331184 143
1633530826682 0.8807794502074373 144
1633530863746 0.8809575940910866 145
1633530900598 0.8791555396474803 146
1633530937298 0.8774795537938506 147
1633530974242 0.8865575954357817 148
1633531010982 0.881538690605675 149
1633531047808 0.8761438319745584 150
1633531084457 0.8832058688367298 151
1633531120976 0.8712080092062933 152
1633531157863 0.8794350475917607 153
1633531194733 0.8826809656627497 154
1633531231492 0.8834561601505744 155
1633531268206 0.879848724045235 156
1633531304998 0.8770675506838241 157
1633531341735 0.8800369672564204 158
1633531378495 0.8810321147339376 159
1633531417976 0.8751799857000164 160
1633531454765 0.873670157824 161
1633531491765 0.8781722693071448 162
1633531531429 0.8796956590482039 163
1633531568036 0.8735917761230032 164
1633531604941 0.8761431717016032 165
1633531641502 0.8824682168011763 166
1633531678241 0.8841287358749604 167
1633531717505 0.8757464434049701 168
1633531754465 0.8780290347587664 169
1633531790957 0.8809369159790774 170
1633531827566 0.8861712539553455 171
1633531864191 0.8864773022375125 172
1633531900796 0.8847508735338535 173
1633531937534 0.8848914983686114 174
1633531974560 0.8776464614218202 175
1633532011563 0.883027000735712 176
1633532048508 0.8815712508219661 177
1633532085325 0.8787065092381505 178
1633532122109 0.8775769144239725 179
1633532161889 0.8819318483636424 180
1633532198758 0.8848608207234779 181
1633532236177 0.8849531820138414 182
1633532273207 0.8713865719622622 183
1633532310236 0.8797285806840331 184
1633532346977 0.8806515450539077 185
1633532384081 0.8789642711161062 186
1633532421148 0.8854594919984483 187
1633532458319 0.879432734249774 188
1633532495563 0.8812442143021954 189
1633532532486 0.878570091302696 190
1633532569422 0.8821554717191855 191
1633532606359 0.8790339357535768 192
1633532643468 0.8786169161708431 193
1633532680531 0.8738804432881029 194
1633532717395 0.8742863431126913 195
1633532754226 0.8867307617187895 196
1633532791075 0.8798579795252675 197
1633532828234 0.886827892516525 198
1633532865325 0.8779373467310344 199
1633532904968 0.8799306883809962 200
1633532942024 0.8847554354698106 201
1633532979087 0.8869822122001823 202
1633533017676 0.8874373559789666 203
1633533054946 0.8870438821778477 204
1633533092356 0.8859827860241528 205
1633533129493 0.8840717883851842 206
1633533166505 0.8881305975208763 207
1633533203518 0.8862228810448847 208
1633533240877 0.8869764282548166 209
1633533277819 0.8828031166327863 210
1633533315020 0.886824822775632 211
1633533352173 0.877679718781714 212
1633533389366 0.8767535082747677 213
1633533426387 0.8872334934061751 214
1633533463831 0.8849869897837976 215
1633533501088 0.884661983532777 216
1633533538261 0.8817552976168481 217
1633533575300 0.8787775555397559 218
1633533612528 0.8748482916216426 219
1633533652155 0.8786562440655238 220
1633533689145 0.8832690080951678 221
1633533726478 0.8843906000760724 222
1633533763932 0.8842634709208077 223
1633533801212 0.8823836717189358 224
1633533838665 0.8785702039709791 225
1633533875805 0.880322107115779 226
1633533913434 0.8800856429433283 227
1633533950842 0.8796141016569425 228
1633533988162 0.8837792958485898 229
1633534025455 0.8781669861643281 230
1633534062998 0.8804550298539648 231
1633534100606 0.884861839015227 232
1633534138008 0.8789460689171135 233
1633534175334 0.8849615092708812 234
1633534212629 0.8761467810932079 235
1633534250261 0.8798253688161749 236
