1633525627234 0.5826964823177327 1
1633525663615 0.7873569262164437 2
1633525699958 0.8246081646811037 3
1633525736314 0.7680484470746337 4
1633525772384 0.8355300413133644 5
1633525808840 0.8211268191135239 6
1633525845082 0.7532671796692842 7
1633525880950 0.795611591901904 8
1633525917183 0.7978478216844007 9
1633525953370 0.7268442880379682 10
1633525989453 0.8423460372149026 11
1633526025594 0.8212910173667892 12
1633526061548 0.7736331167316154 13
1633526097838 0.8096025333262887 14
1633526134130 0.7728119289629455 15
1633526169906 0.8527766100315679 16
1633526206046 0.8331985866661071 17
1633526242237 0.7902114072435283 18
1633526278052 0.8110026289602567 19
1633526316899 0.8254206804567688 20
1633526352322 0.855448151071073 21
1633526388156 0.8277213430438293 22
1633526424225 0.867327654306375 23
1633526460457 0.8286384000098178 24
1633526495917 0.8465081840397093 25
1633526532010 0.8408273252175174 26
1633526568099 0.8546817281907884 27
1633526603868 0.7800805189028841 28
1633526639491 0.7800970713258462 29
1633526675197 0.7846341425308804 30
1633526711173 0.7890882192549346 31
1633526746813 0.826885232392483 32
1633526782456 0.8341253743712493 33
1633526818356 0.8402492407104711 34
1633526854040 0.7745748554875695 35
1633526889834 0.8353334862470475 36
1633526925245 0.8204363913144203 37
1633526960736 0.8321596725359349 38
1633526996561 0.8138848731704879 39
1633527035077 0.833551734532064 40
1633527070947 0.8321885863613211 41
1633527106550 0.782295585903649 42
1633527142246 0.8051972884610438 43
1633527178210 0.8428403831372805 44
1633527213978 0.8256266029596233 45
1633527250330 0.8131826655785078 46
1633527287119 0.8123638322457744 47
1633527323051 0.8444288284707199 48
1633527359235 0.8197470295133698 49
1633527395170 0.832356403984028 50
1633527431180 0.8221198105942383 51
1633527466872 0.8303900773976639 52
1633527502682 0.7873534130403488 53
1633527538610 0.8238750810541521 54
1633527574452 0.8340203626939926 55
1633527610515 0.8662984742054882 56
1633527646622 0.8462767253964784 57
1633527682199 0.8370537251876939 58
1633527718275 0.7986408793003755 59
1633527756663 0.7994282488419365 60
1633527792567 0.8396787819941711 61
1633527828586 0.8517840316513224 62
1633527865139 0.8330454172358127 63
1633527900879 0.8456060476928268 64
1633527936935 0.8296453216739829 65
1633527972961 0.8458163317591743 66
1633528008794 0.8629764867870993 67
1633528048418 0.8452605297993382 68
1633528084354 0.8360179268404975 69
1633528120839 0.840903842267198 70
1633528156903 0.8443905313879927 71
1633528193162 0.8543183303885719 72
1633528229885 0.8684916251532051 73
1633528266411 0.8419074441130888 74
1633528302461 0.8572964562778073 75
1633528338400 0.8530073259850931 76
1633528374302 0.8624855872859422 77
1633528410661 0.8448294746132187 78
1633528446726 0.8653496197113599 79
1633528485472 0.8314633999339875 80
1633528521723 0.8418993601016589 81
1633528557962 0.8500364339936514 82
1633528594247 0.8586132610701643 83
1633528630350 0.8489495551742595 84
1633528666482 0.8491951001376039 85
1633528702958 0.8592345072914027 86
1633528739073 0.8264501422257109 87
1633528775364 0.8753847842095013 88
1633528811682 0.8644952692274218 89
1633528847657 0.868847794569967 90
1633528883855 0.8731879587569653 91
1633528920492 0.8583354777572433 92
1633528956773 0.8573392435242734 93
1633528992841 0.8411545995976781 94
1633529028891 0.8755281918256104 95
1633529065126 0.8682684795260704 96
1633529101379 0.8611408172035622 97
1633529137277 0.8536553870602284 98
1633529173679 0.8576321288292041 99
1633529212911 0.8450731490196084 100
1633529249050 0.86319349857391 101
1633529285470 0.8447462844088311 102
1633529321959 0.8614509331804981 103
1633529358064 0.8655047057927222 104
1633529394121 0.8567375712174994 105
1633529430380 0.8494644945838733 106
1633529466882 0.8708367993146986 107
1633529503038 0.8757870901768161 108
1633529539038 0.8568368411487894 109
1633529575119 0.8582734692275833 110
1633529611475 0.874472909328636 111
1633529647939 0.8639992140449355 112
1633529684014 0.8598680070934464 113
1633529720278 0.8616135665636506 114
1633529756355 0.8731520166107537 115
1633529792718 0.8746646845126399 116
1633529829025 0.8594977958873028 117
1633529865286 0.8695823256153963 118
1633529901397 0.861238011092154 119
1633529940541 0.8689253337943335 120
1633529978002 0.882362211105723 121
1633530014603 0.8748688152755918 122
1633530051081 0.8612261668861361 123
1633530093714 0.85523197248351 124
1633530130354 0.887163977282312 125
1633530166989 0.8603096413046832 126
1633530203658 0.8701143471505682 127
1633530239948 0.8768123957593889 128
1633530276370 0.8728573479996559 129
1633530313090 0.8517083653635716 130
1633530349626 0.8734786699412551 131
1633530386032 0.8732946652506852 132
1633530422462 0.8731591532564402 133
1633530458864 0.8602044022655726 134
1633530495277 0.8699780057805421 135
1633530531609 0.866481400196639 136
1633530568146 0.8329492404083246 137
1633530604602 0.8438643584559722 138
1633530640954 0.8368448938760983 139
1633530680393 0.8593617193634174 140
1633530716882 0.8509656672325538 141
1633530753501 0.8852421069370661 142
1633530789917 0.8650713573184723 143
1633530826678 0.8742123044233753 144
1633530863743 0.8759376637242986 145
1633530900595 0.8705185901986401 146
1633530937294 0.8614443248703698 147
1633530974238 0.8882593370597709 148
1633531010978 0.8795150087991669 149
1633531047804 0.8724293208189068 150
1633531084453 0.8729036703443926 151
1633531120972 0.8556673655574648 152
1633531157860 0.8590401502185175 153
1633531194729 0.8628589549909096 154
1633531231488 0.88035405822431 155
1633531268203 0.8688112894173351 156
1633531304994 0.8619240220218997 157
1633531341731 0.8566416660969824 158
1633531378491 0.8732588757243344 159
1633531417973 0.8534680787358327 160
1633531454761 0.8603557901519071 161
1633531491761 0.8804301297902073 162
1633531531425 0.8578905912790974 163
1633531568032 0.8602429890732973 164
1633531604937 0.8624000661629937 165
1633531641498 0.8824790350491526 166
1633531678238 0.8851164125132006 167
1633531717501 0.8675953799293689 168
1633531754462 0.8472340709832318 169
1633531790953 0.8690752425613102 170
1633531827563 0.8833171836753052 171
1633531864187 0.8853036523548338 172
1633531900792 0.868548073360664 173
1633531937530 0.8800028378195911 174
1633531974556 0.8700260082543364 175
1633532011560 0.8673730797190332 176
1633532048504 0.8711655744490032 177
1633532085321 0.8629770422730583 178
1633532122105 0.8749723106897709 179
1633532161885 0.8827567601604894 180
1633532198754 0.8761621231862058 181
1633532236173 0.8797786127568841 182
1633532273203 0.8638990386095738 183
1633532310233 0.8755578991008892 184
1633532346973 0.8551285984742453 185
1633532384077 0.8671627197038448 186
1633532421144 0.8865372111087427 187
1633532458315 0.8684853244708597 188
1633532495559 0.8768544191463518 189
1633532532483 0.8679529926530131 190
1633532569419 0.8591843001493491 191
1633532606356 0.8663357207381257 192
1633532643464 0.8615859857934076 193
1633532680527 0.846117055065693 194
1633532717391 0.86833227054731 195
1633532754222 0.8665968280463138 196
1633532791071 0.8703366672252638 197
1633532828231 0.8791282323203784 198
1633532865321 0.8737689782029475 199
1633532904964 0.8690501825142471 200
1633532942020 0.8773023609380393 201
1633532979083 0.8777049439663589 202
1633533017672 0.8666627719929467 203
1633533054943 0.8803757904721543 204
1633533092353 0.875205227943223 205
1633533129489 0.8727001352440047 206
1633533166502 0.8789549908173465 207
1633533203514 0.8747837949461356 208
1633533240873 0.8801604090734458 209
1633533277815 0.8655215413485932 210
1633533315016 0.8861418026317586 211
1633533352170 0.8680483602029428 212
1633533389362 0.8718059889954032 213
1633533426383 0.8771401259639807 214
1633533463827 0.876370713833957 215
1633533501084 0.8879884838018468 216
1633533538257 0.8616189423112476 217
1633533575296 0.8774994075545131 218
1633533612524 0.859735210598867 219
1633533652151 0.8761184499142154 220
1633533689141 0.8722710495264547 221
1633533726475 0.8725827283746497 222
1633533763928 0.8723914612025321 223
1633533801208 0.87661628828083 224
1633533838661 0.8604646342637621 225
1633533875801 0.871639973650693 226
1633533913430 0.8657660970226475 227
1633533950838 0.8675451603516581 228
1633533988159 0.878690487141417 229
1633534025452 0.8616618098776924 230
1633534062994 0.8634310759256152 231
1633534100602 0.8713617739840814 232
1633534138004 0.8671145209853424 233
1633534175330 0.8758246591910358 234
1633534212625 0.8660043638825129 235
1633534250258 0.8709451461062333 236
