1633525627313 0.6756493005245799 1
1633525663760 0.7765664939817538 2
1633525700117 0.8124592381444209 3
1633525736470 0.8124900359033193 4
1633525772539 0.8400778308160334 5
1633525881100 0.8359605530595926 8
1633525917340 0.8389010981837942 9
1633525989599 0.8551634553803866 11
1633526170052 0.8605308246932506 16
1633526206189 0.8629933854648569 17
1633526388363 0.8549733422858244 22
1633526424432 0.8672168656606584 23
1633526496120 0.8657838145319321 25
1633526532232 0.8677401051300864 26
1633526568310 0.8694377743536675 27
1633527214234 0.8747751032591804 45
1633527323305 0.8744445937863247 48
1633527395429 0.8729263800911478 50
1633527610780 0.8811809093264561 56
1633527828906 0.8796640339140563 62
1633528084669 0.8756090013251454 69
1633528230197 0.8854757582693364 73
1633528374627 0.8803476595483795 77
1633528884223 0.8916760715522292 91
1633532979785 0.8869822122001823 202
