1633525627235 0.7142338134117553 1
1633525663615 0.7139965069884227 2
1633525699959 0.7628956515909825 3
1633525736315 0.8317047613378143 4
1633525772385 0.8117584312008029 5
1633525808841 0.8231935643437075 6
1633525845082 0.8679165936749215 7
1633525880950 0.8529871793421241 8
1633525917183 0.8580006168135751 9
1633525953371 0.912609944045253 10
1633525989454 0.8423095632222887 11
1633526025595 0.8514102917158985 12
1633526061549 0.8809985826235183 13
1633526097838 0.8789071358940046 14
1633526134130 0.8858336872696454 15
1633526169907 0.8418800958228725 16
1633526206047 0.8697878741148674 17
1633526242238 0.8885603945812998 18
1633526278052 0.8693396928587663 19
1633526316900 0.8735795621635329 20
1633526352323 0.8480585526896305 21
1633526388156 0.8582295319181077 22
1633526424225 0.8388136012386364 23
1633526460457 0.8702294670081198 24
1633526495918 0.8588341695913337 25
1633526532011 0.874009944800874 26
1633526568100 0.8607885360510533 27
1633526603869 0.9107797471128724 28
1633526639492 0.9139521826863491 29
1633526675197 0.8935986613454435 30
1633526711173 0.9064636981316905 31
1633526746814 0.8809746032427094 32
1633526782457 0.8789335798831823 33
1633526818357 0.8745134636518865 34
1633526854041 0.8950990103889526 35
1633526889835 0.867286549008224 36
1633526925246 0.8933651440330955 37
1633526960737 0.8787021647904214 38
1633526996561 0.8831804865072949 39
1633527035077 0.8783687455147039 40
1633527070947 0.8871328609314545 41
1633527106551 0.9235153082025155 42
1633527142247 0.8914655522833596 43
1633527178210 0.8711355712130422 44
1633527213979 0.907667755209001 45
1633527250330 0.9032312230223042 46
1633527287120 0.890173644359699 47
1633527323052 0.882902069340243 48
1633527359236 0.8909856215700619 49
1633527395171 0.8966452740245276 50
1633527431181 0.8943672260719069 51
1633527466873 0.8841760068101909 52
1633527502683 0.917221859326535 53
1633527538611 0.8932702895856863 54
1633527574453 0.8917105570806574 55
1633527610515 0.8739175608418158 56
1633527646623 0.8797506881218259 57
1633527682199 0.8892323910390042 58
1633527718276 0.9208938468873753 59
1633527756664 0.8997377881160717 60
1633527792567 0.8826484406875239 61
1633527828587 0.8866190723853649 62
1633527865140 0.8941962740536948 63
1633527900880 0.8789464795752654 64
1633527936936 0.8887159191730574 65
1633527972962 0.8839799708532388 66
1633528008795 0.8567242509116841 67
1633528048419 0.8868942802355435 68
1633528084355 0.8992687969104258 69
1633528120840 0.8869000552781597 70
1633528156903 0.8775621421648627 71
1633528193163 0.8776945511861947 72
1633528229886 0.8823407532399917 73
1633528266411 0.8968037037690784 74
1633528302462 0.8823769078713072 75
1633528338401 0.8942025425155578 76
1633528374302 0.8801691252837127 77
1633528410662 0.8952649990143329 78
1633528446727 0.8704131855108065 79
1633528485473 0.8952757618558952 80
1633528521723 0.9032855380665714 81
1633528557963 0.8959182765004806 82
1633528594248 0.8792986089739355 83
1633528630351 0.8939278265868508 84
1633528666482 0.8915195594353519 85
1633528702958 0.8685957019897703 86
1633528739074 0.8846817557183808 87
1633528775365 0.869447753483384 88
1633528811683 0.8729634720850694 89
1633528847658 0.8723511620797009 90
1633528883856 0.8930857473011764 91
1633528920493 0.8905644357176804 92
1633528956774 0.8897792258589303 93
1633528992841 0.900460914133804 94
1633529028891 0.8698162445106665 95
1633529065126 0.859664695941314 96
1633529101380 0.8869426978162985 97
1633529137278 0.8843355174424002 98
1633529173679 0.8782985659153442 99
1633529212912 0.8749519034665401 100
1633529249051 0.8821982678815093 101
1633529285471 0.8852707150355138 102
1633529321959 0.8805528211688259 103
1633529358065 0.8715658990961234 104
1633529394121 0.8820009943650825 105
1633529430381 0.8943044095069523 106
1633529466883 0.8794209502079668 107
1633529503038 0.8617264145070355 108
1633529539039 0.8840607898157387 109
1633529575119 0.8780789973902325 110
1633529611476 0.8736547809344237 111
1633529647939 0.8746831778867383 112
1633529684015 0.8768865897741602 113
1633529720278 0.871427786211245 114
1633529756356 0.8551004328307241 115
1633529792719 0.856627031218778 116
1633529829026 0.8744762439870388 117
1633529865286 0.8670167206313996 118
1633529901398 0.868730879624532 119
1633529940542 0.873533850022847 120
1633529978003 0.8515317319960725 121
1633530014604 0.8566904576480323 122
1633530051082 0.8884505571097283 123
1633530093715 0.87418822566798 124
1633530130355 0.8719285944257245 125
1633530166990 0.8725272264026751 126
1633530203658 0.8664855034393928 127
1633530239949 0.8591028841038277 128
1633530276370 0.8632279996198112 129
1633530313090 0.8792989985398735 130
1633530349627 0.8549484332634935 131
1633530386033 0.8714251838785111 132
1633530422463 0.8664136822426476 133
1633530458865 0.8805563559850033 134
1633530495277 0.8751554503457036 135
1633530531609 0.8671594203284698 136
1633530568147 0.8857323576301612 137
1633530604603 0.8924962492624422 138
1633530640955 0.8890291442693243 139
1633530680394 0.8687832794067857 140
1633530716883 0.8790007915823865 141
1633530753501 0.8533121742415357 142
1633530789917 0.866681172431484 143
1633530826679 0.8655097836640735 144
1633530863743 0.8657490208401041 145
1633530900595 0.8668849351908261 146
1633530937295 0.872441170835235 147
1633530974239 0.8642236287640128 148
1633531010979 0.8611179715089194 149
1633531047805 0.856964369677371 150
1633531084454 0.8735617265927001 151
1633531120973 0.8695426802498699 152
1633531157860 0.8813742908396778 153
1633531194730 0.8837220054577112 154
1633531231489 0.8662363902150493 155
1633531268204 0.8709249253907708 156
1633531304995 0.8741402129593351 157
1633531341732 0.8874506362172646 158
1633531378492 0.8691253068556318 159
1633531417974 0.8793265502658208 160
1633531454762 0.8671316132697132 161
1633531491762 0.8552790384827887 162
1633531531426 0.8839715767761857 163
1633531568033 0.867664324117066 164
1633531604938 0.8712780422234946 165
1633531641499 0.8620948647866226 166
1633531678238 0.8624769287757685 167
1633531717502 0.8658682198337708 168
1633531754462 0.8927855748481942 169
1633531790954 0.8722858611388209 170
1633531827564 0.8679675756963313 171
1633531864188 0.8679085512033584 172
1633531900793 0.8845722907365648 173
1633531937531 0.8693707250403878 174
1633531974557 0.8643231516889337 175
1633532011560 0.8798978910828458 176
1633532048505 0.8719686032907991 177
1633532085322 0.8746220925926862 178
1633532122106 0.8599639273945697 179
1633532161886 0.8569643207628047 180
1633532198755 0.8729362606719183 181
1633532236174 0.8707900302128407 182
1633532273204 0.8568978158286258 183
1633532310234 0.8629230434026544 184
1633532346974 0.8887893687429097 185
1633532384078 0.8716559654535692 186
1633532421145 0.8638624862106277 187
1633532458316 0.8713453793042352 188
1633532495560 0.866110814099875 189
1633532532483 0.87007844108244 190
1633532569420 0.8874393519623429 191
1633532606356 0.872902020059793 192
1633532643465 0.8773151745978118 193
1633532680528 0.8845732390457272 194
1633532717392 0.8582242960636408 195
1633532754223 0.8879670393543304 196
1633532791072 0.8699045309356276 197
1633532828231 0.8770496684208618 198
1633532865322 0.8618644307495833 199
1633532904964 0.871753249141777 200
1633532942021 0.8727532953321357 201
1633532979084 0.8782231522848978 202
1633533017673 0.8907475117583669 203
1633533054943 0.8729985051572894 204
1633533092353 0.879625710475253 205
1633533129490 0.8742197199682624 206
1633533166502 0.8777872477150439 207
1633533203515 0.8783555840752172 208
1633533240874 0.8734247912061344 209
1633533277816 0.8830734159956732 210
1633533315017 0.8647278298924473 211
1633533352170 0.8686327803775208 212
1633533389363 0.8631895500509378 213
1633533426384 0.8799011454006522 214
1633533463828 0.8757252518763032 215
1633533501085 0.862023771522547 216
1633533538258 0.8858753919664943 217
1633533575297 0.8582545709744837 218
1633533612525 0.8706024262101875 219
1633533652152 0.858851826454193 220
1633533689142 0.875443060774694 221
1633533726476 0.8777767449437012 222
1633533763929 0.8775074501153696 223
1633533801209 0.8679739056645709 224
1633533838662 0.8798188797738761 225
1633533875802 0.8699546039522291 226
1633533913431 0.8733978992475319 227
1633533950839 0.8733836990407148 228
1633533988159 0.8710257388442662 229
1633534025452 0.8771584135527983 230
1633534062995 0.8790567670478299 231
1633534100603 0.879694981776287 232
1633534138005 0.8725658382642244 233
1633534175331 0.875400349259132 234
1633534212626 0.8663422593832943 235
1633534250258 0.8698000989181804 236
