1633525627310 0.7142338134117553 1
1633525663757 0.7139965069884227 2
1633525700114 0.7628956515909825 3
1633525736467 0.8317047613378143 4
1633525772536 0.8117584312008029 5
1633525881097 0.8529871793421241 8
1633525917337 0.8580006168135751 9
1633525989596 0.8423095632222887 11
1633526170049 0.8418800958228725 16
1633526206186 0.8697878741148674 17
1633526388360 0.8582295319181077 22
1633526424429 0.8388136012386364 23
1633526496117 0.8588341695913337 25
1633526532230 0.874009944800874 26
1633526568307 0.8607885360510533 27
1633527214231 0.907667755209001 45
1633527323302 0.882902069340243 48
1633527395426 0.8966452740245276 50
1633527610777 0.8739175608418158 56
1633527828904 0.8866190723853649 62
1633528084666 0.8992687969104258 69
1633528230194 0.8823407532399917 73
1633528374624 0.8801691252837127 77
1633528884220 0.8930857473011764 91
1633532979782 0.8782231522848978 202
