1633525627237 0.8240738166928856 1
1633525663618 0.8456020979771931 2
1633525699961 0.8704895975404623 3
1633525736317 0.9016338926886469 4
1633525772388 0.8956000379229886 5
1633525808843 0.8983111951824927 6
1633525845085 0.9157100175766942 7
1633525880953 0.9129122778830205 8
1633525917186 0.9141642249622548 9
1633525953373 0.9350264507422265 10
1633525989456 0.9111532298280232 11
1633526025598 0.9166635403039131 12
1633526061552 0.9254157645095881 13
1633526097841 0.9266990313516901 14
1633526134133 0.9253149870168038 15
1633526169909 0.9119128851972191 16
1633526206049 0.9240240425091213 17
1633526242240 0.9289433287315287 18
1633526278055 0.9209471321591765 19
1633526316903 0.9263344424828565 20
1633526352326 0.9145580169501896 21
1633526388158 0.9190034501440923 22
1633526424228 0.9118561555811225 23
1633526460460 0.9242963343322491 24
1633526495921 0.9199828356215332 25
1633526532014 0.9244851709903232 26
1633526568102 0.9209700913426004 27
1633526603871 0.9386573065703563 28
1633526639494 0.9399997877041361 29
1633526675200 0.9318108497765311 30
1633526711176 0.9352725022086273 31
1633526746816 0.9303099851414801 32
1633526782460 0.9289339732314661 33
1633526818359 0.9261737628531315 34
1633526854043 0.9309966930730357 35
1633526889837 0.9231947122260409 36
1633526925248 0.9328134458064247 37
1633526960740 0.9286754842710692 38
1633526996564 0.9304097099287721 39
1633527035080 0.928156726568149 40
1633527070950 0.9330831694352231 41
1633527106553 0.9443415974077511 42
1633527142249 0.9338195810759731 43
1633527178213 0.9261706888292167 44
1633527213982 0.9414517881350638 45
1633527250333 0.9369807346789366 46
1633527287122 0.9316179482156948 47
1633527323055 0.9304082344477238 48
1633527359239 0.9324691625537791 49
1633527395173 0.9352111224252225 50
1633527431183 0.9359979563204317 51
1633527466875 0.9313701641124031 52
1633527502685 0.940744267244623 53
1633527538614 0.9342655271697686 54
1633527574455 0.9340301971279571 55
1633527610518 0.9272706756615985 56
1633527646625 0.9293437441296958 57
1633527682202 0.932878364850237 58
1633527718278 0.9459567196193941 59
1633527756666 0.9345687632891728 60
1633527792570 0.9303394067462192 61
1633527828590 0.9325966494980779 62
1633527865142 0.9336276208161153 63
1633527900883 0.9304152698283457 64
1633527936938 0.9314663075417693 65
1633527972965 0.9313610206532309 66
1633528008798 0.9185037046186474 67
1633528048421 0.93094589126774 68
1633528084358 0.9359025159088404 69
1633528120842 0.9330665063817578 70
1633528156906 0.9288376329554352 71
1633528193165 0.9284148531432155 72
1633528229889 0.9301247189365174 73
1633528266414 0.9354285928450723 74
1633528302465 0.9305471074778174 75
1633528338403 0.934899546745761 76
1633528374305 0.9290003443207522 77
1633528410665 0.9348094512442562 78
1633528446729 0.9253993933145046 79
1633528485475 0.9331163502521652 80
1633528521726 0.9384206404171037 81
1633528557965 0.9374051222716403 82
1633528594250 0.9297459286007093 83
1633528630354 0.9352717940625024 84
1633528666485 0.9314716696594197 85
1633528702961 0.9251071799875866 86
1633528739076 0.9309325170225817 87
1633528775367 0.9257553747040627 88
1633528811685 0.9266253937552847 89
1633528847661 0.925566382699084 90
1633528883858 0.9339333984595006 91
1633528920495 0.933564589348036 92
1633528956777 0.9340485404845539 93
1633528992844 0.9348805315195842 94
1633529028894 0.9256181400927915 95
1633529065129 0.9210822966940986 96
1633529101382 0.9300709299176046 97
1633529137280 0.9316642419009535 98
1633529173682 0.9274396955275345 99
1633529212914 0.9264366499572116 100
1633529249053 0.9292475835165038 101
1633529285474 0.9304150951768363 102
1633529321962 0.9306762957491542 103
1633529358067 0.9256410401442896 104
1633529394124 0.9279269466657991 105
1633529430383 0.9357623699986678 106
1633529466886 0.9293260689875671 107
1633529503041 0.9203294359327627 108
1633529539042 0.9295629839904944 109
1633529575122 0.9272936490733734 110
1633529611478 0.9269840233253913 111
1633529647942 0.9267251748585698 112
1633529684018 0.9273724822299566 113
1633529720281 0.9247550509676359 114
1633529756358 0.9164096094562351 115
1633529792721 0.9188411877274512 116
1633529829028 0.9263449725804699 117
1633529865289 0.921195130736864 118
1633529901401 0.9241471792870173 119
1633529940544 0.9253421384670996 120
1633529978005 0.9166116783328563 121
1633530014606 0.9190233321524194 122
1633530051084 0.9320915517277372 123
1633530093717 0.9237900489043402 124
1633530130358 0.9271041920203263 125
1633530166992 0.9236578137962015 126
1633530203661 0.9229435353849033 127
1633530239952 0.9196530900889197 128
1633530276373 0.9207160246106257 129
1633530313093 0.9271604181914914 130
1633530349629 0.9193775735623559 131
1633530386035 0.9251393491011535 132
1633530422466 0.9225246303430774 133
1633530458867 0.9289203635410795 134
1633530495280 0.9260944580073713 135
1633530531612 0.923668639459529 136
1633530568149 0.9270331095657429 137
1633530604605 0.93226262113213 138
1633530640957 0.9315140962910914 139
1633530680396 0.9246300914545187 140
1633530716886 0.9273038791481009 141
1633530753504 0.9177307957506523 142
1633530789920 0.9233083389998987 143
1633530826681 0.923851586706471 144
1633530863746 0.9227771225755841 145
1633530900598 0.9228520407439769 146
1633530937298 0.9260459690344283 147
1633530974241 0.9221282552499461 148
1633531010981 0.9196345194889599 149
1633531047808 0.9192501289791423 150
1633531084457 0.9262489057147983 151
1633531120975 0.922182397436643 152
1633531157863 0.9283473442570485 153
1633531194732 0.9302774733596941 154
1633531231492 0.9229467862089286 155
1633531268206 0.9254568557725396 156
1633531304997 0.9255780440683539 157
1633531341734 0.9306775163941798 158
1633531378494 0.9236287536614948 159
1633531417976 0.9269916407536036 160
1633531454764 0.9203294320126001 161
1633531491764 0.9174709286395845 162
1633531531428 0.9307524591319682 163
1633531568035 0.9231086595872936 164
1633531604940 0.9242092624396493 165
1633531641501 0.921437574127517 166
1633531678240 0.9227497250700694 167
1633531717505 0.9216432228800089 168
1633531754465 0.9321141821324407 169
1633531790956 0.926722196512521 170
1633531827566 0.9249307645631235 171
1633531864190 0.9243192640259598 172
1633531900795 0.9294282478732898 173
1633531937533 0.9250014905766989 174
1633531974559 0.9219917407980752 175
1633532011562 0.9292913140409647 176
1633532048508 0.9246548022887363 177
1633532085325 0.927127101065125 178
1633532122109 0.9201704358824703 179
1633532161888 0.9200062052158166 180
1633532198758 0.926146485681803 181
1633532236176 0.9242689920434503 182
1633532273206 0.9182109090994088 183
1633532310236 0.9213167246742116 184
1633532346976 0.9323909207779579 185
1633532384080 0.9255621335319232 186
1633532421147 0.922154664595486 187
1633532458318 0.9254107262298737 188
1633532495562 0.9226311573556113 189
1633532532486 0.92502731629977 190
1633532569422 0.933610172873801 191
1633532606358 0.9272319233132061 192
1633532643468 0.9272127353403131 193
1633532680531 0.9288899005097787 194
1633532717394 0.9199556316009617 195
1633532754225 0.9332002834648649 196
1633532791074 0.9243145237779445 197
1633532828234 0.927027095291067 198
1633532865324 0.9206604752655632 199
1633532904967 0.925361018034282 200
1633532942023 0.9264349615457331 201
1633532979087 0.9291355849726624 202
1633533017675 0.933790798288643 203
1633533054946 0.9271950849254011 204
1633533092356 0.9272323062490709 205
1633533129492 0.9275048241779047 206
1633533166505 0.9286725190846626 207
1633533203518 0.9290013087004705 208
1633533240876 0.9275087970680523 209
1633533277818 0.9299210381177266 210
1633533315019 0.9232171037452819 211
1633533352173 0.9239394981840799 212
1633533389366 0.9211811760424078 213
1633533426386 0.9284170072050607 214
1633533463830 0.9261128256181373 215
1633533501088 0.9211443250556937 216
1633533538260 0.9298134055975881 217
1633533575300 0.9195895791827666 218
1633533612528 0.9245549910809463 219
1633533652154 0.919805382273241 220
1633533689144 0.9268057113726565 221
1633533726478 0.9280423917499317 222
1633533763931 0.9283473365357507 223
1633533801211 0.923339474471763 224
1633533838664 0.9272158011138109 225
1633533875804 0.923356445323837 226
1633533913434 0.9270654622952913 227
1633533950842 0.9259351694165117 228
1633533988162 0.9237443183502598 229
1633534025455 0.927108410010176 230
1633534062997 0.9277095303822519 231
1633534100605 0.9295512732826577 232
1633534138008 0.9244538085370694 233
1633534175334 0.9264179179979996 234
1633534212629 0.9231731483418711 235
1633534250261 0.9238866175445776 236
