1633525627313 0.8240738166928856 1
1633525663760 0.8456020979771931 2
1633525700116 0.8704895975404623 3
1633525736469 0.9016338926886469 4
1633525772538 0.8956000379229886 5
1633525881100 0.9129122778830205 8
1633525917340 0.9141642249622548 9
1633525989598 0.9111532298280232 11
1633526170052 0.9119128851972191 16
1633526206188 0.9240240425091213 17
1633526388362 0.9190034501440923 22
1633526424432 0.9118561555811225 23
1633526496120 0.9199828356215332 25
1633526532232 0.9244851709903232 26
1633526568309 0.9209700913426004 27
1633527214233 0.9414517881350638 45
1633527323305 0.9304082344477238 48
1633527395428 0.9352111224252225 50
1633527610779 0.9272706756615985 56
1633527828906 0.9325966494980779 62
1633528084669 0.9359025159088404 69
1633528230196 0.9301247189365174 73
1633528374627 0.9290003443207522 77
1633528884222 0.9339333984595006 91
1633532979784 0.9291355849726624 202
