1633525627311 0.9338716056507472 1
1633525663758 0.9771827206959399 2
1633525700114 0.9780633296067411 3
1633525736467 0.9715576852737866 4
1633525772536 0.9794277731400055 5
1633525881098 0.9728263543267875 8
1633525917338 0.9703143215290552 9
1633525989596 0.9799919891114541 11
1633526170050 0.981918630814179 16
1633526206186 0.9782461627182469 17
1633526388361 0.9797486806884372 22
1633526424429 0.9848876491307427 23
1633526496118 0.9811175194642328 25
1633526532230 0.9749525465437311 26
1633526568307 0.9811303530537606 27
1633527214231 0.9752229678220148 45
1633527323303 0.9778965373230158 48
1633527395427 0.9737675455921024 50
1633527610777 0.9806149822102447 56
1633527828904 0.9785661522383802 62
1633528084667 0.9725363582052647 69
1633528230194 0.9778940069689814 73
1633528374625 0.9778120409191178 77
1633528884220 0.974770433906123 91
1633532979782 0.9800312563947946 202
