1633525627236 0.9338716056507472 1
1633525663616 0.9771827206959399 2
1633525699959 0.9780633296067411 3
1633525736316 0.9715576852737866 4
1633525772385 0.9794277731400055 5
1633525808841 0.9734275738413147 6
1633525845083 0.9635025521744329 7
1633525880951 0.9728263543267875 8
1633525917184 0.9703143215290552 9
1633525953371 0.9574388757430541 10
1633525989454 0.9799919891114541 11
1633526025596 0.9818925461473166 12
1633526061550 0.9698250742305503 13
1633526097839 0.9744887995173177 14
1633526134131 0.9647980230902647 15
1633526169907 0.981918630814179 16
1633526206047 0.9782461627182469 17
1633526242238 0.9693230081153391 18
1633526278053 0.9725446156405345 19
1633526316901 0.9790787516058126 20
1633526352324 0.9810347538132785 21
1633526388157 0.9797486806884372 22
1633526424226 0.9848876491307427 23
1633526460458 0.9783507270560087 24
1633526495919 0.9811175194642328 25
1633526532012 0.9749525465437311 26
1633526568100 0.9811303530537606 27
1633526603869 0.9665386521365338 28
1633526639492 0.9660521720084617 29
1633526675198 0.9699987619271485 30
1633526711174 0.9640879833823904 31
1633526746814 0.9796291756468558 32
1633526782458 0.9789118434750145 33
1633526818357 0.9778236259333903 34
1633526854041 0.9668911796440867 35
1633526889836 0.9790899907656427 36
1633526925246 0.9722525520472755 37
1633526960737 0.9786293265197675 38
1633526996562 0.9776144253889907 39
1633527035078 0.9779305595146132 40
1633527070948 0.9790188916461786 41
1633527106551 0.9651728775150947 42
1633527142248 0.9761459601961874 43
1633527178211 0.9811783837812861 44
1633527213980 0.9752229678220148 45
1633527250331 0.9707104350327354 46
1633527287120 0.9730419227402619 47
1633527323053 0.9778965373230158 48
1633527359237 0.9739433301849397 49
1633527395171 0.9737675455921024 50
1633527431181 0.9776070990967415 51
1633527466873 0.9785482210225612 52
1633527502684 0.9642688034333954 53
1633527538612 0.9752409000425282 54
1633527574453 0.9763297060988919 55
1633527610516 0.9806149822102447 56
1633527646624 0.9789159354340815 57
1633527682200 0.9765164287402012 58
1633527718276 0.9710039462800882 59
1633527756664 0.969386837898091 60
1633527792568 0.9779982011400566 61
1633527828588 0.9785661522383802 62
1633527865140 0.9730580787598571 63
1633527900881 0.9818605101292265 64
1633527936936 0.9742085187815924 65
1633527972963 0.9787266781416346 66
1633528008796 0.9802665358831483 67
1633528048419 0.9749897843076258 68
1633528084356 0.9725363582052647 69
1633528120841 0.9792120992674089 70
1633528156904 0.9800904566919931 71
1633528193163 0.9791178208951197 72
1633528229887 0.9778940069689814 73
1633528266412 0.9740384620981155 74
1633528302463 0.978695184733002 75
1633528338401 0.9755803037370919 76
1633528374303 0.9778120409191178 77
1633528410662 0.9743456156387001 78
1633528446727 0.9803690027840416 79
1633528485473 0.9709543755344517 80
1633528521724 0.9735373870714131 81
1633528557964 0.9788648749192401 82
1633528594248 0.9801738826241424 83
1633528630352 0.976600731998055 84
1633528666483 0.9714180332678898 85
1633528702959 0.9816015771207741 86
1633528739074 0.9771650548001816 87
1633528775365 0.9820406446276106 88
1633528811683 0.9802649922497799 89
1633528847659 0.9787674785111609 90
1633528883857 0.974770433906123 91
1633528920493 0.976546494709117 92
1633528956775 0.9782983114495205 93
1633528992841 0.9692924936098141 94
1633529028892 0.9813998707980875 95
1633529065127 0.9824686826350056 96
1633529101380 0.9731836404079411 97
1633529137278 0.9789691544156436 98
1633529173680 0.9765593914466612 99
1633529212912 0.9779062404749652 100
1633529249051 0.9762770552616712 101
1633529285472 0.9755476064645172 102
1633529321960 0.9807790505133698 103
1633529358065 0.9796907003467957 104
1633529394122 0.9738395869836995 105
1633529430381 0.9771918797502318 106
1633529466884 0.9792075099704821 107
1633529503039 0.9789113171547912 108
1633529539040 0.9750491144938528 109
1633529575120 0.976500037543639 110
1633529611476 0.9802917939127678 111
1633529647940 0.9787442004679187 112
1633529684016 0.9778378549291642 113
1633529720279 0.9780738184823072 114
1633529756356 0.9777088213014441 115
1633529792719 0.981031692795964 116
1633529829026 0.9781991629344485 117
1633529865287 0.975363255047451 118
1633529901399 0.9795426193785699 119
1633529940542 0.9771331154715358 120
1633529978003 0.9816711797296566 121
1633530014604 0.9813303694571586 122
1633530051082 0.9757204559368944 123
1633530093716 0.973379650513058 124
1633530130356 0.98226297499479 125
1633530166990 0.9747864631943903 126
1633530203659 0.9793810113363219 127
1633530239950 0.9801911037278447 128
1633530276371 0.9781868929273676 129
1633530313091 0.9750122429159255 130
1633530349627 0.9837765739281933 131
1633530386033 0.9788369296879438 132
1633530422464 0.9786121350667146 133
1633530458865 0.9772720583396803 134
1633530495278 0.9770160484136649 135
1633530531610 0.9801622151092533 136
1633530568148 0.9683230523438882 137
1633530604604 0.972015421695683 138
1633530640955 0.9739860332188907 139
1633530680394 0.9804609838024486 140
1633530716884 0.9755839772953471 141
1633530753502 0.9821291528056088 142
1633530789918 0.9799169556147893 143
1633530826680 0.9821731108625001 144
1633530863744 0.9797836960473421 145
1633530900596 0.978800308044455 146
1633530937296 0.9796344939729281 147
1633530974240 0.9800120847907606 148
1633531010979 0.9781336753111762 149
1633531047806 0.981517512394286 150
1633531084455 0.9789163920462679 151
1633531120973 0.9748153525493277 152
1633531157861 0.9753116112884715 153
1633531194730 0.9768185204479519 154
1633531231490 0.9796409677267984 155
1633531268204 0.9799689911713217 156
1633531304995 0.9770031922019076 157
1633531341732 0.9738988491695213 158
1633531378493 0.9781169287283568 159
1633531417974 0.9746516773492039 160
1633531454762 0.9735140035430215 161
1633531491762 0.9796468714767952 162
1633531531426 0.9775188475298449 163
1633531568033 0.9785420234399274 164
1633531604938 0.9771300375579389 165
1633531641500 0.9807676781127678 166
1633531678238 0.9830025975169647 167
1633531717503 0.9774118927164935 168
1633531754463 0.9714403904372685 169
1633531790954 0.9811372029579746 170
1633531827564 0.9818768289744426 171
1633531864188 0.9807149583699657 172
1633531900793 0.9742810998717907 173
1633531937531 0.9806155290520487 174
1633531974557 0.9796466203792571 175
1633532011560 0.9786693024710075 176
1633532048506 0.977325825650303 177
1633532085323 0.9796168661221163 178
1633532122107 0.9803614595750851 179
1633532161886 0.9830323018812028 180
1633532198756 0.9793360863958928 181
1633532236174 0.9777452559279709 182
1633532273204 0.9795149407997564 183
1633532310234 0.9796934286372928 184
1633532346974 0.9759765679380811 185
1633532384078 0.9794613146726808 186
1633532421145 0.9804371391906639 187
1633532458316 0.9794616399049859 188
1633532495560 0.9791363679364583 189
1633532532484 0.9799569453536718 190
1633532569420 0.9797703075151729 191
1633532606357 0.9815467340603747 192
1633532643465 0.9771053256191798 193
1633532680529 0.9731909727990034 194
1633532717392 0.9816875525772353 195
1633532754223 0.9784253587096632 196
1633532791072 0.9787170151941915 197
1633532828232 0.9769994226101435 198
1633532865322 0.9794515008496448 199
1633532904965 0.9789547315722082 200
1633532942021 0.9801045427909371 201
1633532979085 0.9800312563947946 202
1633533017673 0.9768228940277873 203
1633533054944 0.9813691179015273 204
1633533092354 0.9748421249110751 205
1633533129490 0.9807729717766195 206
1633533166503 0.979548516098687 207
1633533203515 0.9796296596303353 208
1633533240874 0.9815703560506078 209
1633533277817 0.9767634984758695 210
1633533315017 0.9816938166694977 211
1633533352171 0.9792341631437486 212
1633533389364 0.9791616014563038 213
1633533426384 0.9769393202934092 214
1633533463829 0.9764953063990713 215
1633533501086 0.9802593843566824 216
1633533538258 0.9737543163626913 217
1633533575298 0.9809096336234693 218
1633533612526 0.9784945751505976 219
1633533652153 0.9807529425744066 220
1633533689142 0.9781642659518638 221
1633533726476 0.978303781564387 222
1633533763929 0.9791835989426493 223
1633533801209 0.9786968804512216 224
1633533838662 0.9746116133374899 225
1633533875802 0.9767495660636951 226
1633533913432 0.9807103564157782 227
1633533950840 0.9784686979879597 228
1633533988160 0.9764597315364159 229
1633534025453 0.9770460752758402 230
1633534062996 0.976350162491182 231
1633534100604 0.9793945922036384 232
1633534138005 0.9763368608292495 233
1633534175332 0.9774248937577623 234
1633534212627 0.9799860626182709 235
1633534250259 0.9779587951574368 236
