1633525623612 0.6754184842109681 0
1633525660324 0.6296493759522072 0
1633525696660 0.6139439105987549 0
1633525733044 0.5990141749382019 0
1633525769180 0.5865960056965168 0
1633525805652 0.5722709270624015 0
1633525841894 0.5629011855675624 0
1633525877766 0.551551467180252 0
1633525913975 0.5413559537667495 0
1633525950202 0.5307356385084299 0
1633525986246 0.5214498836260576 0
1633526022398 0.5124905567902786 0
1633526058304 0.5047647618330442 0
1633526094603 0.4955926734667558 0
1633526130914 0.4886843360387362 0
1633526166699 0.47937012039698085 0
1633526202866 0.47283707811282233 0
1633526238942 0.46389791231888994 0
1633526274871 0.45705426656282866 0
1633526311028 0.45036364793777467 0
1633526349008 0.4457044683969938 0
1633526384827 0.435337790617576 0
1633526420960 0.43005198056881244 0
1633526457112 0.4212979596394759 0
1633526492654 0.41632343714053816 0
1633526528739 0.4114009962632106 0
1633526564771 0.40359027752509485 0
1633526600554 0.39550415002382716 0
1633526636275 0.39061410335394053 0
1633526671968 0.38507636235310483 0
1633526707855 0.38072579548909113 0
1633526743563 0.3719380429157844 0
1633526779204 0.3664785719834841 0
1633526815118 0.359421896476012 0
1633526850798 0.354861091191952 0
1633526886579 0.34877680310836207 0
1633526922026 0.3428328133546389 0
1633526957491 0.33770278027424444 0
1633526993322 0.3322192907333374 0
1633527029039 0.3274997754738881 0
1633527067552 0.3218427667251 0
1633527103273 0.3181297609439263 0
1633527138930 0.31150772823737216 0
1633527174870 0.3052004424425272 0
1633527210660 0.30205798561756425 0
1633527247008 0.2943501405991041 0
1633527283804 0.2894209277171355 0
1633527319655 0.28662536167181457 0
1633527355938 0.2801360183037244 0
1633527391834 0.27697880955842824 0
1633527427900 0.26946011575368733 0
1633527463572 0.2686507470332659 0
1633527499192 0.2605578578435458 0
1633527535304 0.25703752980782435 0
1633527571070 0.25544754358438343 0
1633527607190 0.24841071665287018 0
1633527643289 0.24387143254280091 0
1633527678919 0.23881777272774624 0
1633527714990 0.23149040845724253 0
1633527750665 0.22987779012093176 0
1633527789189 0.22882282137870788 0
1633527825224 0.2247659669472621 0
1633527861771 0.21846216229292062 0
1633527897507 0.2127448687186608 0
1633527933504 0.20727795981443844 0
1633527969585 0.20225606354383321 0
1633528005432 0.19864844977855683 0
1633528041234 0.196077377979572 0
1633528081011 0.19051978037907527 0
1633528117502 0.18928518776710218 0
1633528153532 0.1845552295446396 0
1633528189755 0.18149644342752602 0
1633528226528 0.17570497141434596 0
1633528263079 0.16896083561273723 0
1633528299088 0.16652178718493535 0
1633528335044 0.16080454393075064 0
1633528370944 0.1578033290230311 0
1633528407284 0.16132488686304827 0
1633528443384 0.15232561746468912 0
1633528479408 0.15127237198444513 0
1633528518302 0.15188114287761542 0
1633528554544 0.1466873789062867 0
1633528590824 0.14562806028586167 0
1633528626935 0.14197877977903073 0
1633528663076 0.1399564558496842 0
1633528699459 0.13617159781547694 0
1633528735656 0.1352800537760441 0
1633528771948 0.12825956550928264 0
1633528808195 0.12629324323855914 0
1633528844237 0.12285859355559715 0
1633528880436 0.12079465354864415 0
1633528917050 0.1201077558673345 0
1633528953333 0.11702003307067431 0
1633528989347 0.11572494289049735 0
1633529025411 0.11887714656499716 0
1633529061696 0.11642753332853317 0
1633529097944 0.11222890604000825 0
1633529133859 0.10949887300913151 0
1633529169974 0.11210501881746146 0
1633529206768 0.10847345888614654 0
1633529245584 0.10613385920341198 0
1633529281936 0.1039653378037306 0
1633529318472 0.1039978760939378 0
1633529354602 0.09982454432890965 0
1633529390655 0.09666585074021267 0
1633529426923 0.09999032381635446 0
1633529463398 0.09706232020488152 0
1633529499509 0.09067426576064183 0
1633529535566 0.08920628869762788 0
1633529571661 0.08952158907285103 0
1633529607968 0.09120912838440676 0
1633529644384 0.08735866970740831 0
1633529680511 0.09040577159478114 0
1633529716810 0.09010918724995393 0
1633529752893 0.09183318024644485 0
1633529789261 0.08851528253692847 0
1633529825580 0.08647840596162355 0
1633529861789 0.08507186856407385 0
1633529897937 0.08398425527490103 0
1633529934314 0.07983673340999163 0
1633529974442 0.08037691557636628 0
1633530010980 0.0792275182902813 0
1633530047548 0.0758052894129203 0
1633530084161 0.08165336681100038 0
1633530126778 0.08046130652611072 0
1633530163242 0.07959991206343357 0
1633530200122 0.07799678387550207 0
1633530236374 0.07372252138761373 0
1633530272833 0.07587171615316318 0
1633530309500 0.07637341303321031 0
1633530346090 0.0790736722258421 0
1633530382495 0.07982996673538134 0
1633530418903 0.07911630742824995 0
1633530455313 0.07412117410164613 0
1633530491693 0.07132278938706105 0
1633530528059 0.06880133874141253 0
1633530564589 0.07199750943825795 0
1633530601075 0.07543289094017103 0
1633530637421 0.0762959082539265 0
1633530673993 0.07293716812363038 0
1633530713270 0.07139638874393243 0
1633530749898 0.07271514328626486 0
1633530786328 0.0703515190917712 0
1633530823076 0.06787457070671594 0
1633530860071 0.06711665518008746 0
1633530897004 0.06747549428389622 0
1633530933682 0.0686544302564401 0
1633530970585 0.06555457648176413 0
1633531007389 0.0654786551801058 0
1633531044199 0.06985251806103267 0
1633531080850 0.06531761890420547 0
1633531117307 0.06860352055384562 0
1633531154181 0.06513428223820833 0
1633531191064 0.06246437613780682 0
1633531227855 0.06306037685045829 0
1633531264608 0.06562806923802082 0
1633531301324 0.06343723478225562 0
1633531338129 0.06279031256070504 0
1633531374831 0.062252383965712324 0
1633531411610 0.06276188189020523 0
1633531451068 0.06171948336637937 0
1633531488062 0.06252799658821179 0
1633531525036 0.06389921416456883 0
1633531564383 0.06362962229893758 0
1633531601215 0.06466957915287752 0
1633531637818 0.06211003987835004 0
1633531674601 0.05979249225212978 0
1633531711626 0.057968811862743816 0
1633531750756 0.06111830215041454 0
1633531787302 0.06040770933032036 0
1633531823933 0.05877951435171641 0
1633531860530 0.061009416901148285 0
1633531897131 0.05917025288710227 0
1633531933882 0.057129259006335184 0
1633531970900 0.058497183941877806 0
1633532007907 0.06024229686993819 0
1633532044824 0.06410647705197334 0
1633532081596 0.059266946120904045 0
1633532118334 0.0644975901223146 0
1633532155453 0.06159604128736716 0
1633532194987 0.06027889177203179 0
1633532232374 0.05783245208171698 0
1633532269492 0.05885747980612975 0
1633532306506 0.06259358083972565 0
1633532343295 0.0578919829084323 0
1633532380336 0.05763059636721244 0
1633532417419 0.0579132042825222 0
1633532454586 0.056806065142154694 0
1633532491856 0.056415968789504126 0
1633532528637 0.05459776474879338 0
1633532565726 0.05981526162761908 0
1633532602668 0.05808281457194915 0
1633532639751 0.05770323419800172 0
1633532676761 0.06144146059568112 0
1633532713683 0.060781527711794923 0
1633532750529 0.062324773634855564 0
1633532787349 0.058355662398613416 0
1633532824506 0.05672363163186954 0
1633532861528 0.06083373318497951 0
1633532898568 0.05522033107968477 0
1633532938256 0.057743734350571264 0
1633532975340 0.056139529954928616 0
1633533013871 0.05399386424284715 0
1633533051164 0.05359987209622676 0
1633533088571 0.05370840241129582 0
1633533125708 0.05379708678676532 0
1633533162679 0.05553438204985398 0
1633533199756 0.053733860815946874 0
1633533237124 0.06190876284470925 0
1633533274049 0.055772491831045885 0
1633533311206 0.05481318235397339 0
1633533348413 0.05450295582413674 0
1633533385598 0.05512289095383424 0
1633533422644 0.053605584800243376 0
1633533459965 0.053637402447370384 0
1633533497318 0.05258229031012608 0
1633533534504 0.05575106665492058 0
1633533571522 0.053959577358686006 0
1633533608731 0.0538639899629813 0
1633533645675 0.056243194410434134 0
1633533685350 0.055248551701123895 0
1633533722675 0.05345026701688767 0
1633533760079 0.05946931724364941 0
1633533797388 0.05370728900799385 0
1633533834844 0.05207682160230783 0
1633533871980 0.05064497756270262 0
1633533909590 0.05311654582619667 0
1633533947036 0.04922288507223129 0
1633533984347 0.048936303704977036 0
1633534021619 0.04999883455725817 0
1633534059114 0.0500887777369756 0
1633534096728 0.049390037013934206 0
1633534134214 0.05184368605797107 0
1633534171526 0.05315193642790501 0
1633534208800 0.05417544045127355 0
1633534246233 0.050805342483979006 0
1633534283727 0.050260833708139566 0
