1633541337356 0.7613770456025095 1
1633541370232 0.821919296727036 2
1633541405203 0.7117693351976799 3
1633541438575 0.8359747221975615 4
1633541474113 0.8342067834102747 5
1633541507493 0.7708444306344697 6
1633541540652 0.8781049323804451 7
1633541576328 0.8870162963867188 8
1633541612274 0.8580696799538352 9
1633541645920 0.8954756765654592 10
1633541681412 0.8912103826349432 11
1633541716586 0.8494059244791666 12
1633541749767 0.8897057735558712 13
1633541783107 0.9146132035688921 14
1633541817221 0.9034409956498579 15
1633541849973 0.938344550855232 16
1633541883914 0.9280744610410748 17
1633541916777 0.9273004242868135 18
1633541949457 0.9365527991092566 19
1633541986132 0.9378830880829783 20
1633542018624 0.9565455118815104 21
1633542052312 0.949991630785393 22
1633542084622 0.9475088408499053 23
1633542116809 0.953765869140625 24
1633542149281 0.9396101055723248 25
1633542181666 0.9465845281427557 26
1633542213928 0.9545923868815104 27
1633542246204 0.9579111735026041 28
1633542280110 0.9547831217447916 29
1633542312431 0.9500304713393702 30
1633542344953 0.9558627966678503 31
1633542377927 0.946420380563447 32
1633542411901 0.9576485373757102 33
1633542444866 0.9599528457179214 34
1633542477979 0.9571126302083334 35
1633542512483 0.9591110691879735 36
1633542545805 0.9583841959635416 37
1633542578662 0.9610248912464489 38
1633542613236 0.9561818440755209 39
1633542649122 0.9544002648555872 40
1633542682412 0.9585356278852983 41
1633542721146 0.9647445678710938 42
1633542756024 0.9580737027254972 43
1633542789149 0.9530544858990293 44
1633542823519 0.9540433016690341 45
1633542856934 0.9604956886985085 46
1633542890207 0.9556117202296401 47
1633542924310 0.961842392430161 48
1633542960124 0.9552119861949574 49
1633542993198 0.962677695534446 50
1633543028251 0.9607731212269176 51
1633543061605 0.9593283913352273 52
1633543095637 0.9578519878965436 53
1633543129950 0.9650280114376184 54
1633543165423 0.9578674778793798 55
1633543198775 0.9583883574514678 56
1633543232040 0.9614269372188684 57
1633543264864 0.9583576086795691 58
1633543297542 0.9557328657670454 59
1633543333063 0.9624841863458807 60
1633543366370 0.954667987245502 61
1633543400009 0.96281826134884 62
1633543437897 0.9606293186996923 63
1633543471666 0.9619304772579309 64
1633543505372 0.9598980527935606 65
1633543539014 0.9643274943033854 66
1633543574737 0.9644560380415483 67
1633543607854 0.9576233372543798 68
1633543641149 0.9646738225763495 69
1633543674718 0.9628362944631865 70
1633543708640 0.9609860506924716 71
1633543741913 0.9627810391512784 72
1633543775437 0.9632841168027936 73
1633543808850 0.9626346934925426 74
1633543842165 0.9625577059659091 75
1633543875324 0.958903457179214 76
1633543909014 0.9632378780480587 77
1633543961616 0.9636699792110559 78
1633543994166 0.962746591279001 79
1633544029773 0.9612318096738873 80
1633544062665 0.963153954708215 81
1633544096126 0.9646620316938921 82
1633544129705 0.9649505615234375 83
1633544163259 0.9653969967004025 84
1633544199149 0.9629250728722775 85
1633544232764 0.965242559259588 86
1633544268699 0.9658852779504025 87
1633544304177 0.9656242601799242 88
1633544337797 0.9669369784268466 89
1633544371178 0.9608778520063921 90
1633544404507 0.9646703546697443 91
1633544438116 0.965789101340554 92
1633544471469 0.9630855213512074 93
1633544505208 0.9645008896336411 94
1633544538812 0.9653983838630446 95
1633544572333 0.9647963552763967 96
1633544605734 0.9652240637576941 97
1633544641618 0.9639964248194839 98
1633544675077 0.9619510535037878 99
1633544711392 0.9623746004971591 100
1633544744427 0.962332754424124 101
1633544778049 0.9627394242720171 102
1633544811693 0.9650058168353457 103
1633544845151 0.9647736982865767 104
1633544878747 0.9659851536606298 105
1633544914724 0.9646985603101326 106
1633544948357 0.9667624271277225 107
1633544982077 0.966520136052912 108
1633545015600 0.965789101340554 109
1633545062653 0.9628890066435842 110
1633545095821 0.9665353948419745 111
1633545131663 0.9674932306463068 112
1633545166363 0.9659174138849432 113
1633545201642 0.9672130237926136 114
1633545236281 0.9648499922318892 115
1633545270706 0.9642865730054451 116
1633545306753 0.9658674760298296 117
1633545342599 0.9633037682735559 118
1633545377868 0.9666597770922112 119
1633545415502 0.9657324588660038 120
1633545450638 0.9654432354551373 121
1633545485217 0.9653135357481061 122
1633545519533 0.9661548498905066 123
1633545553990 0.9655014962861033 124
1633545588099 0.9647838708126184 125
1633545623541 0.965390985662287 126
1633545658504 0.9657454057173296 127
1633545697068 0.9664764404296875 128
1633545730710 0.9652441776160038 129
1633545777039 0.9642548994584517 130
1633545810909 0.9642257690429688 131
1633545845675 0.9666181622129498 132
1633545879187 0.9656404437440814 133
1633545913115 0.9658908266009707 134
1633545948719 0.964924667820786 135
1633545983257 0.964691162109375 136
1633546018811 0.9651364413174716 137
1633546053889 0.9651392156427557 138
1633546088392 0.9650125214547822 139
1633546125278 0.9650340224757339 140
1633546158837 0.9656755851976799 141
1633546192293 0.9650698575106534 142
1633546225721 0.9649752992572207 143
1633546261419 0.964263222434304 144
1633546295698 0.9661088423295454 145
1633546330573 0.967886260061553 146
1633546364876 0.9680813876065341 147
1633546400908 0.96918857458866 148
1633546434935 0.966005498712713 149
1633546469513 0.9644130359996449 150
1633546503515 0.9637911247484612 151
1633546538153 0.9653216275301847 152
1633546572456 0.968458233457623 153
1633546606524 0.9660276933149858 154
1633546640579 0.9643022941820549 155
1633546674774 0.9657676003196023 156
1633546708705 0.9673415675307765 157
1633546742722 0.9669596354166666 158
1633546776983 0.9672336000384707 159
1633546814060 0.96747959021366 160
1633546848284 0.9679489135742188 161
1633546882230 0.9668532862807765 162
1633546916393 0.9664609504468513 163
1633546950822 0.9686831849994082 164
1633546985605 0.9681123675722064 165
1633547019097 0.9671235518022017 166
1633547053706 0.9654039325136127 167
1633547088161 0.9654175729462595 168
1633547122216 0.9671908291903409 169
1633547156414 0.9669124718868372 170
1633547190750 0.967926718971946 171
1633547225422 0.9686725500858191 172
1633547259335 0.9636103312174479 173
1633547293950 0.9640512177438447 174
1633547327913 0.9671039003314394 175
1633547362041 0.9667455499822443 176
1633547395677 0.967234756007339 177
1633547429799 0.9672722093986742 178
1633547464008 0.9659597223455255 179
1633547501997 0.9668833414713541 180
1633547536578 0.966949462890625 181
1633547571453 0.9624425714666193 182
1633547606098 0.9649718313506155 183
1633547641006 0.9635086059570312 184
1633547675135 0.964955185398911 185
1633547709632 0.9635636300751658 186
1633547744027 0.9661832867246686 187
1633547778133 0.965322089917732 188
1633547812552 0.9674072265625 189
1633547846850 0.9658746430368135 190
1633547881471 0.9669575546727036 191
1633547916104 0.9661719582297585 192
1633547950604 0.9659014615145597 193
1633547985092 0.9651445330995502 194
1633548020551 0.966341192072088 195
1633548054494 0.9677255803888495 196
1633548088513 0.9667598839962122 197
1633548122682 0.9670553496389678 198
1633548161584 0.9663832693388967 199
1633548198321 0.9657800847833807 200
1633548232462 0.966909697561553 201
1633548266753 0.9665168993400804 202
1633548300802 0.9661076863606771 203
1633548334962 0.9634343927556818 204
1633548369317 0.9650018865411932 205
1633548403609 0.9653361927379261 206
1633548437632 0.9665987419359612 207
1633548471317 0.9656314271869082 208
1633548505174 0.9659042358398438 209
1633548539501 0.9653449781013258 210
1633548573534 0.9656524658203125 211
1633548607529 0.9651484633937026 212
1633548641378 0.9654799952651515 213
1633548675558 0.9653946847626658 214
1633548709604 0.9675517226710464 215
