1633541337802 0.7613770456025095 1
1633541371151 0.821919296727036 2
1633541439527 0.8359747221975615 4
1633541541655 0.8781049323804451 7
1633541577331 0.8870162963867188 8
1633541646774 0.8954756765654592 10
1633541682371 0.8912103826349432 11
1633541784084 0.9146132035688921 14
1633541850923 0.938344550855232 16
1633541950411 0.9365527991092566 19
1633542019574 0.9565455118815104 21
1633542247204 0.9579111735026041 28
1633542479046 0.9571126302083334 35
1633542579626 0.9610248912464489 38
1633542683391 0.9585356278852983 41
1633542722167 0.9647445678710938 42
1633542925372 0.961842392430161 48
1633542994340 0.962677695534446 50
1633543131118 0.9650280114376184 54
1633543540296 0.9643274943033854 66
1633544164601 0.9653969967004025 84
1633544234163 0.965242559259588 86
1633544270011 0.9658852779504025 87
1633544607094 0.9652240637576941 97
1633544880151 0.9659851536606298 105
1633545016962 0.965789101340554 109
1633545097168 0.9665353948419745 111
1633545732118 0.9652441776160038 129
1633546366200 0.9680813876065341 147
