1633541337360 0.4839624867598595 1
1633541370237 0.5403438937666073 2
1633541405207 0.4790309259829114 3
1633541438579 0.5774888529200013 4
1633541474117 0.5750403750938212 5
1633541507496 0.5549149969932957 6
1633541540655 0.6451362746080331 7
1633541576332 0.6634732800241706 8
1633541612278 0.6334116074070415 9
1633541645924 0.669932584061863 10
1633541681416 0.6730930747123283 11
1633541716590 0.6068226050811346 12
1633541749771 0.651377114049008 13
1633541783111 0.6946524702620831 14
1633541817225 0.6648895806257288 15
1633541849976 0.7412337290801442 16
1633541883918 0.71098916486478 17
1633541916781 0.7160691886004119 18
1633541949461 0.743532816500565 19
1633541986136 0.7329837073554122 20
1633542018628 0.802023726197467 21
1633542052316 0.7753117022307184 22
1633542084626 0.7736881185769917 23
1633542116813 0.7854885838635483 24
1633542149284 0.7546123481105759 25
1633542181670 0.7738769130144629 26
1633542213932 0.7944095280483188 27
1633542246207 0.8116547961017271 28
1633542280114 0.7963615959149453 29
1633542312435 0.7805507465420959 30
1633542344957 0.8052439473046751 31
1633542377931 0.7752712168998812 32
1633542411905 0.7967531458859178 33
1633542444870 0.804662115665757 34
1633542477983 0.8174021661317185 35
1633542512487 0.8116222043332523 36
1633542545809 0.8072061805849315 37
1633542578666 0.8195219427786449 38
1633542613240 0.8111630130097164 39
1633542649126 0.7840050734083476 40
1633542682415 0.8203943741136032 41
1633542721151 0.8259319848384048 42
1633542756028 0.8096385415542179 43
1633542789153 0.8021636601891597 44
1633542823523 0.7990881067109635 45
1633542856937 0.825644301084342 46
1633542890211 0.8116326264397593 47
1633542924314 0.827009249998311 48
1633542960129 0.8132281439217949 49
1633542993202 0.8315984148782585 50
1633543028255 0.8297538138463991 51
1633543061609 0.8243009241416812 52
1633543095641 0.8279900414095877 53
1633543129953 0.8388846642592906 54
1633543165427 0.8085115433045286 55
1633543198779 0.8155649924278947 56
1633543232043 0.8290739273911507 57
1633543264868 0.8131647573896902 58
1633543297545 0.8128453583641296 59
1633543333068 0.8262440001872123 60
1633543366374 0.8113348293676408 61
1633543400013 0.8325043797953104 62
1633543437900 0.8273649246223668 63
1633543471670 0.8264888310851148 64
1633543505377 0.8225605552870531 65
1633543539018 0.8429837315286292 66
1633543574741 0.8419766871462648 67
1633543607858 0.826003521616269 68
1633543641153 0.83526069923825 69
1633543674722 0.832434886189754 70
1633543708643 0.8182162059807025 71
1633543741917 0.8295563594869959 72
1633543775441 0.8309498205517291 73
1633543808854 0.8326277332455824 74
1633543842169 0.8370055712524848 75
1633543875328 0.8274381547275659 76
1633543909018 0.8372478020079868 77
1633543961619 0.842411894489035 78
1633543994170 0.8282515283723267 79
1633544029777 0.8236154401446019 80
1633544062668 0.8271279920073902 81
1633544096130 0.8327735794624486 82
1633544129709 0.8411601861100556 83
1633544163263 0.8462215279004209 84
1633544199153 0.8328791161419804 85
1633544232768 0.8465185476706911 86
1633544268703 0.8474024194199313 87
1633544304181 0.846655901388091 88
1633544337801 0.8464917038371861 89
1633544371182 0.8357050369911524 90
1633544404511 0.8430949527627741 91
1633544438120 0.8418903371177737 92
1633544471472 0.821794008189251 93
1633544505212 0.8369328477781777 94
1633544538816 0.8447777609037452 95
1633544572336 0.8462861172046406 96
1633544605738 0.8484617143020865 97
1633544641622 0.8470980641878764 98
1633544675081 0.8363149228231668 99
1633544711396 0.8375232388195555 100
1633544744431 0.8402974644585957 101
1633544778053 0.8366354930994536 102
1633544811697 0.8476333636119459 103
1633544845155 0.8479053788252663 104
1633544878750 0.8530877759358076 105
1633544914728 0.8433708016701812 106
1633544948361 0.8504238146686612 107
1633544982081 0.8470568409637492 108
1633545015604 0.8531544450677208 109
1633545062656 0.8466671866092133 110
1633545095825 0.8585484068301285 111
1633545131667 0.8550333108624681 112
1633545166367 0.8417224009532098 113
1633545201646 0.8546389935506731 114
1633545236285 0.8433970472836809 115
1633545270710 0.8501491507742874 116
1633545306756 0.85274332481354 117
1633545342604 0.8458537516458443 118
1633545377872 0.8534127082066194 119
1633545415506 0.8511396661047609 120
1633545450642 0.8572466753517758 121
1633545485221 0.8524482997451442 122
1633545519537 0.8567188409602684 123
1633545553993 0.8551601185631859 124
1633545588102 0.8508985088352663 125
1633545623545 0.8544122328115314 126
1633545658507 0.8503157914683039 127
1633545697072 0.8582904734340389 128
1633545730714 0.8591816986267555 129
1633545777042 0.8452292614418453 130
1633545810913 0.8496280252933766 131
1633545845679 0.8503066857425323 132
1633545879191 0.8585458573770982 133
1633545913119 0.8531051991837538 134
1633545948723 0.8562103176595391 135
1633545983261 0.8516262740740389 136
1633546018815 0.8547069806494697 137
1633546053893 0.85387575218654 138
1633546088396 0.8568089129674307 139
1633546125282 0.8539646711009913 140
1633546158840 0.8548874902979411 141
1633546192297 0.8551384203607079 142
1633546225725 0.8481057278579478 143
1633546261423 0.840307178830793 144
1633546295702 0.8466388680561254 145
1633546330576 0.8547673053407057 146
1633546364879 0.8655456679928821 147
1633546400912 0.8624949766270552 148
1633546434939 0.8542218759527488 149
1633546469517 0.8424247910708553 150
1633546503519 0.8491887643197323 151
1633546538157 0.8509005989876788 152
1633546572460 0.854754941864886 153
1633546606529 0.8611261846473649 154
1633546640583 0.8512932462826381 155
1633546674778 0.852659317156073 156
1633546708708 0.8602435884873448 157
1633546742725 0.8568542903404159 158
1633546776986 0.8576235989263166 159
1633546814064 0.8626589782970598 160
1633546848288 0.8612212824701857 161
1633546882234 0.8571738726455378 162
1633546916397 0.8607013361963642 163
1633546950827 0.8545828363144808 164
1633546985609 0.8599425101703687 165
1633547019102 0.8573078406647954 166
1633547053710 0.8616128775783947 167
1633547088165 0.8486685111662446 168
1633547122221 0.8579488505638402 169
1633547156418 0.8572189322430355 170
1633547190754 0.8634495963104807 171
1633547225426 0.8580965190670375 172
1633547259339 0.8521916974467508 173
1633547293954 0.8567028552183145 174
1633547327917 0.8633432378057676 175
1633547362045 0.8647848921035644 176
1633547395681 0.8622157183989371 177
1633547429802 0.8603848631032421 178
1633547464012 0.8548971754895375 179
1633547502001 0.8592066863370595 180
1633547536582 0.8552207190311839 181
1633547571457 0.849013107168917 182
1633547606102 0.8588264981055475 183
1633547641010 0.8585408314309616 184
1633547675139 0.8598902897017089 185
1633547709635 0.852424661552109 186
1633547744030 0.8610912754490494 187
1633547778136 0.8569868561720394 188
1633547812556 0.8540871649783168 189
1633547846854 0.8557034438872967 190
1633547881476 0.857123695990673 191
1633547916108 0.8547968354244473 192
1633547950607 0.8620289345928659 193
1633547985096 0.859834489094877 194
1633548020555 0.8581556026258405 195
1633548054498 0.8647365434790539 196
1633548088517 0.8607862906720865 197
1633548122686 0.8599250056586508 198
1633548161588 0.8618784767707416 199
1633548198325 0.8575939544871404 200
1633548232466 0.849784543554324 201
1633548266757 0.8553904321843996 202
1633548300805 0.8507465377944019 203
1633548334966 0.8435336992820227 204
1633548369321 0.8558196383129908 205
1633548403613 0.8541818462537468 206
1633548437636 0.8553873340246623 207
1633548471321 0.8543800912985541 208
1633548505178 0.8523255212937506 209
1633548539505 0.8558198223417163 210
1633548573538 0.8494118633352018 211
1633548607533 0.8570476576805675 212
1633548641382 0.8544844140715226 213
1633548675562 0.8585522446747026 214
1633548709608 0.8558117391321806 215
