1633541337806 0.4839624867598595 1
1633541371154 0.5403438937666073 2
1633541439530 0.5774888529200013 4
1633541541658 0.6451362746080331 7
1633541577334 0.6634732800241706 8
1633541646777 0.669932584061863 10
1633541682374 0.6730930747123283 11
1633541784087 0.6946524702620831 14
1633541850926 0.7412337290801442 16
1633541950414 0.743532816500565 19
1633542019577 0.802023726197467 21
1633542247208 0.8116547961017271 28
1633542479050 0.8174021661317185 35
1633542579629 0.8195219427786449 38
1633542683394 0.8203943741136032 41
1633542722170 0.8259319848384048 42
1633542925375 0.827009249998311 48
1633542994343 0.8315984148782585 50
1633543131121 0.8388846642592906 54
1633543540299 0.8429837315286292 66
1633544164604 0.8462215279004209 84
1633544234166 0.8465185476706911 86
1633544270014 0.8474024194199313 87
1633544607097 0.8484617143020865 97
1633544880155 0.8530877759358076 105
1633545016965 0.8531544450677208 109
1633545097171 0.8585484068301285 111
1633545732121 0.8591816986267555 129
1633546366203 0.8655456679928821 147
