1633541337359 0.4839624867598595 1
1633541370236 0.5423984332866323 2
1633541405206 0.4790309259829114 3
1633541438578 0.5774888529200012 4
1633541474116 0.5750403750938213 5
1633541507495 0.5549149969932957 6
1633541540654 0.6525516340862866 7
1633541576331 0.6659959921155174 8
1633541612277 0.6481421099048796 9
1633541645923 0.680239239201276 10
1633541681415 0.6834483527848256 11
1633541716589 0.6068226050811346 12
1633541749770 0.651377114049008 13
1633541783110 0.6999551608747708 14
1633541817224 0.6648895806257288 15
1633541849975 0.746892001821214 16
1633541883917 0.7109891648647799 17
1633541916780 0.7160691886004119 18
1633541949460 0.7463599374758523 19
1633541986135 0.747133971976173 20
1633542018627 0.8303304459456129 21
1633542052315 0.7933422069337585 22
1633542084625 0.7825810854571871 23
1633542116812 0.7945171882757728 24
1633542149283 0.754612348110576 25
1633542181669 0.7827720499456636 26
1633542213931 0.8004737229189166 27
1633542246206 0.8241417929648306 28
1633542280113 0.8024406920669678 29
1633542312434 0.7805507465420959 30
1633542344956 0.8113908476657794 31
1633542377930 0.7811893177922468 32
1633542411904 0.8121344807485804 33
1633542444869 0.8265789826294156 34
1633542477982 0.8331821307288559 35
1633542512486 0.8147082203193102 36
1633542545808 0.8259784173427205 37
1633542578665 0.8353428297048736 38
1633542613239 0.8268225306353866 39
1633542649125 0.7991403064857289 40
1633542682414 0.8427397461711722 41
1633542721149 0.851742359364605 42
1633542756027 0.8316909531918814 43
1633542789152 0.8082870469081609 44
1633542823522 0.8176715510530791 45
1633542856936 0.8448453313421173 46
1633542890210 0.820961737088492 47
1633542924313 0.8462420232540857 48
1633542960128 0.8257393461359763 49
1633542993201 0.854248955361324 50
1633543028254 0.8457722272411173 51
1633543061608 0.8434707130752087 52
1633543095640 0.8439744051433635 53
1633543129952 0.8617336628967032 54
1633543165426 0.8209501824322906 55
1633543198778 0.8281121461575546 56
1633543232042 0.8483547164002472 57
1633543264867 0.8256749844264546 58
1633543297544 0.8382467758130085 59
1633543333066 0.8421946565614827 60
1633543366373 0.8238169036656044 61
1633543400012 0.8551795963656107 62
1633543437899 0.8466059693810264 63
1633543471669 0.8359887027067828 64
1633543505375 0.8416898705262871 65
1633543539017 0.8727360985237572 66
1633543574740 0.8649099043058907 67
1633543607857 0.8452129058399032 68
1633543641152 0.8613625960894453 69
1633543674721 0.8551082099381131 70
1633543708642 0.8308041476111749 71
1633543741916 0.8390914900558121 72
1633543775440 0.8535826950414649 73
1633543808853 0.8553063096374854 74
1633543842168 0.8498825800409844 75
1633543875327 0.8434118642782911 76
1633543909017 0.8534108869888359 77
1633543961618 0.8653569655451566 78
1633543994169 0.8508109085225458 79
1633544029776 0.8526842203849996 80
1633544062667 0.8699672903982111 81
1633544096129 0.85879775382065 82
1633544129708 0.864071163941847 83
1633544163262 0.8625578508328615 84
1633544199152 0.862274849652874 85
1633544232766 0.8729722522854003 86
1633544268702 0.8738837450268042 87
1633544304180 0.8731138983064689 88
1633544337800 0.8729445695820981 89
1633544371181 0.8551400378514119 90
1633544404510 0.8560656443437399 91
1633544438119 0.8648212023310984 92
1633544471471 0.8441775025757287 93
1633544505211 0.8597286840989841 94
1633544538815 0.8644237553433671 95
1633544572335 0.8626236870348462 96
1633544605737 0.8784074218656894 97
1633544641621 0.8667980191689897 98
1633544675080 0.8557641070748683 99
1633544711395 0.8536916411133694 100
1633544744430 0.8598392659576327 101
1633544778052 0.8661638046206109 102
1633544811697 0.8673457674168747 103
1633544845154 0.8609500769610396 104
1633544878749 0.8831967562629538 105
1633544914727 0.8596520912777137 106
1633544948360 0.8702011126842115 107
1633544982080 0.863409289631003 108
1633545015603 0.8662798980687626 109
1633545062655 0.8697281605635497 110
1633545095824 0.8819329937865911 111
1633545131666 0.8852109571282023 112
1633545166366 0.8646486920297564 113
1633545201645 0.8779170984333761 114
1633545236284 0.8630109321042316 115
1633545270709 0.8767163117359841 116
1633545306755 0.8725745649254829 117
1633545342603 0.8588668862865496 118
1633545377871 0.8835331567315589 119
1633545415505 0.8743224585667583 120
1633545450641 0.8805958065870381 121
1633545485220 0.862246556064054 122
1633545519536 0.8834913047402768 123
1633545553993 0.8784524175123777 124
1633545588101 0.8774890872363682 125
1633545623544 0.8675570363932472 126
1633545658506 0.870090577316404 127
1633545697071 0.8851120507288525 128
1633545730713 0.8825835347761224 129
1633545777041 0.8682510701192497 130
1633545810912 0.8796148967743194 131
1633545845678 0.88031750994521 132
1633545879190 0.8785120401067982 133
1633545913118 0.8763415275661908 134
1633545948722 0.8795312212533786 135
1633545983260 0.8680669357357 136
1633546018814 0.8779869373208561 137
1633546053892 0.8840125434401825 138
1633546088395 0.8835841914976629 139
1633546125281 0.8738243146149679 140
1633546158840 0.8816027243697516 141
1633546192296 0.8750253603690965 142
1633546225724 0.8678291168779002 143
1633546261422 0.8768422735625666 144
1633546295701 0.8696990706880043 145
1633546330575 0.88493556317626 146
1633546364878 0.8822550438228607 147
1633546400911 0.8894479446466508 148
1633546434938 0.8774886196557419 149
1633546469516 0.8755911214279757 150
1633546503518 0.8689373402341446 151
1633546538156 0.8673272514777882 152
1633546572459 0.8814660337981636 153
1633546606528 0.8743742797957859 154
1633546640582 0.8710907636380484 155
1633546674777 0.8827531754086404 156
1633546708707 0.8836743477068445 157
1633546742725 0.8767811343018209 158
1633546776986 0.8708178081405675 159
1633546814063 0.8827208150016426 160
1633546848287 0.8778471759541662 161
1633546882233 0.8874270681506745 162
1633546916396 0.8807176463404657 163
1633546950826 0.8847445834785214 164
1633546985608 0.8833650688131415 165
1633547019101 0.8772452323081626 166
1633547053709 0.8816503863592876 167
1633547088164 0.8684049881701108 168
1633547122219 0.8779011494141621 169
1633547156417 0.8805673078294218 170
1633547190753 0.8835298194804919 171
1633547225425 0.88146879779649 172
1633547259338 0.8720101090152801 173
1633547293953 0.876626177432694 174
1633547327916 0.8868584232712944 175
1633547362044 0.8814795811403127 176
1633547395680 0.8891599595989038 177
1633547429801 0.8907513876833566 178
1633547464011 0.8781823125651279 179
1633547502000 0.8826092030855398 180
1633547536581 0.8717307715221334 181
1633547571456 0.8654033215930275 182
1633547606101 0.8822186595325467 183
1633547641008 0.8751149787558835 184
1633547675138 0.8764904883445992 185
1633547709634 0.868880736099447 186
1633547744029 0.8845451234184788 187
1633547778135 0.8769167830597613 188
1633547812555 0.8807773888838892 189
1633547846852 0.8722228153909125 190
1633547881475 0.8804694775935317 191
1633547916107 0.8746758315971089 192
1633547950606 0.885508321916407 193
1633547985095 0.8832541055293678 194
1633548020554 0.8815294906351046 195
1633548054497 0.8814302991446727 196
1633548088516 0.884231831663155 197
1633548122685 0.8799232616042006 198
1633548161587 0.8819221622770378 199
1633548198324 0.8843937655648635 200
1633548232465 0.8628581519166982 201
1633548266756 0.8821213831901621 202
1633548300804 0.873918622481409 203
1633548334965 0.8698941273845859 204
1633548369320 0.8860250373122729 205
1633548403612 0.8843294408274085 206
1633548437635 0.8821181882129331 207
1633548471320 0.8776511443689428 208
1633548505177 0.882407598515883 209
1633548539504 0.8791300898763154 210
1633548573537 0.8725475950213747 211
1633548607532 0.8803913682010497 212
1633548641381 0.8846426875093412 213
1633548675561 0.8819369361638968 214
1633548709607 0.8791217865015396 215
