1633541337805 0.4839624867598595 1
1633541371153 0.5423984332866323 2
1633541439529 0.5774888529200012 4
1633541541657 0.6525516340862866 7
1633541577333 0.6659959921155174 8
1633541646776 0.680239239201276 10
1633541682373 0.6834483527848256 11
1633541784086 0.6999551608747708 14
1633541850925 0.746892001821214 16
1633541950413 0.7463599374758523 19
1633542019576 0.8303304459456129 21
1633542247207 0.8241417929648306 28
1633542479049 0.8331821307288559 35
1633542579628 0.8353428297048736 38
1633542683393 0.8427397461711722 41
1633542722169 0.851742359364605 42
1633542925374 0.8462420232540857 48
1633542994342 0.854248955361324 50
1633543131120 0.8617336628967032 54
1633543540298 0.8727360985237572 66
1633544164603 0.8625578508328615 84
1633544234165 0.8729722522854003 86
1633544270013 0.8738837450268042 87
1633544607096 0.8784074218656894 97
1633544880154 0.8831967562629538 105
1633545016964 0.8662798980687626 109
1633545097170 0.8819329937865911 111
1633545732120 0.8825835347761224 129
1633546366202 0.8822550438228607 147
