1633541337362 7.932338887408278 1
1633541370238 6.460342847639047 2
1633541405208 7.085181808739758 3
1633541438580 6.054896748674574 4
1633541474119 6.1965413690730715 5
1633541507498 6.350061627149555 6
1633541540657 5.413133738593109 7
1633541576333 5.31539503602265 8
1633541612280 5.508209269373982 9
1633541645926 5.19226004170754 10
1633541681418 5.258891587548241 11
1633541716591 5.980896907338158 12
1633541749772 5.417586687413231 13
1633541783112 4.944611217844279 14
1633541817226 5.313689950385555 15
1633541849978 4.56463774030642 16
1633541883920 4.9860442467504456 17
1633541916782 4.815126293090175 18
1633541949462 4.5726360589937585 19
1633541986138 4.535017037000312 20
1633542018630 3.827814149101723 21
1633542052317 4.095459387745285 22
1633542084628 4.260809965153947 23
1633542116815 4.1120349277592965 24
1633542149286 4.269519089946786 25
1633542181672 4.261353354174341 26
1633542213934 4.076627057964407 27
1633542246209 3.8744265034363874 28
1633542280116 3.978387216423917 29
1633542312437 4.199490447229078 30
1633542344959 3.992198991944713 31
1633542377933 4.200594309594274 32
1633542411907 3.980225919534713 33
1633542444871 3.8861889265530785 34
1633542477985 3.904651215281851 35
1633542512488 3.940346040091455 36
1633542545810 3.9152627821672374 37
1633542578668 3.7578439675120348 38
1633542613242 3.8780902512675706 39
1633542649128 4.2507970680780005 40
1633542682417 3.804277432353648 41
1633542721152 3.7345267026567557 42
1633542756029 3.89348166665035 43
1633542789154 3.9910322537285996 44
1633542823525 3.9561997483240163 45
1633542856939 3.793354876104883 46
1633542890212 3.9907262841258913 47
1633542924315 3.731142082870814 48
1633542960130 3.8651455463204183 49
1633542993204 3.6843257676487267 50
1633543028257 3.742735005847943 51
1633543061611 3.774700082887188 52
1633543095642 3.8014712729590583 53
1633543129955 3.6580060738197466 54
1633543165429 3.946048838046722 55
1633543198781 3.880462869722061 56
1633543232045 3.74604124189638 57
1633543264870 3.88470817883827 58
1633543297547 3.8930526636802445 59
1633543333069 3.7385645390876356 60
1633543366376 4.045380024389806 61
1633543400015 3.7095789655426983 62
1633543437902 3.832907159343661 63
1633543471672 3.7497362129567353 64
1633543505378 3.800691689759723 65
1633543539019 3.5767339549079593 66
1633543574743 3.617047840396356 67
1633543607860 3.7866656904150955 68
1633543641155 3.7260086311802283 69
1633543674724 3.7130116914632287 70
1633543708645 3.7784011013440555 71
1633543741919 3.737076795834595 72
1633543775442 3.735510581580266 73
1633543808855 3.684520007638673 74
1633543842171 3.7527417017207654 75
1633543875330 3.8161720217466746 76
1633543909019 3.709570255169266 77
1633543961621 3.6659704504802586 78
1633543994171 3.774410677961571 79
1633544029778 3.7760522823243234 80
1633544062670 3.666466145085761 81
1633544096132 3.723908121955695 82
1633544129710 3.66071941337928 83
1633544163265 3.652383312686172 84
1633544199155 3.7184004274070013 85
1633544232769 3.6376381501100292 86
1633544268704 3.622887842151253 87
1633544304183 3.6422204816776786 88
1633544337802 3.6093305161992872 89
1633544371184 3.788518716667218 90
1633544404513 3.7256347927354185 91
1633544438122 3.653563973522834 92
1633544471474 3.878338256236818 93
1633544505213 3.7177326303426903 94
1633544538817 3.6218996539798853 95
1633544572338 3.5952709012066446 96
1633544605739 3.6052552326438048 97
1633544641623 3.6239165486050893 98
1633544675083 3.7210410402843004 99
1633544711397 3.757620329957337 100
1633544744432 3.725762756482122 101
1633544778055 3.621205930286202 102
1633544811699 3.580490188977045 103
1633544845156 3.6356778025016 104
1633544878752 3.5694665345653687 105
1633544914729 3.7029755887042253 106
1633544948363 3.5744134899631317 107
1633544982083 3.599121946194056 108
1633545015606 3.6087614100223453 109
1633545062658 3.686409295124145 110
1633545095827 3.569969289649013 111
1633545131668 3.5336846034404346 112
1633545166368 3.648672346592073 113
1633545201647 3.5863782172520127 114
1633545236286 3.578306754015605 115
1633545270712 3.606724394820276 116
1633545306758 3.5977529013029477 117
1633545342605 3.651344066424251 118
1633545377873 3.5486345813005227 119
1633545415507 3.6069565514771655 120
1633545450644 3.5941801093717896 121
1633545485222 3.6340224682814335 122
1633545519538 3.5778706949437518 123
1633545553995 3.5589712671515454 124
1633545588104 3.58978109058456 125
1633545623547 3.6459109675997046 126
1633545658509 3.620394919735911 127
1633545697073 3.5883672255894563 128
1633545730715 3.5607667793311983 129
1633545777044 3.618664280545027 130
1633545810914 3.58847559806236 131
1633545845680 3.5514777363510004 132
1633545879193 3.536892407896608 133
1633545913121 3.605642206977579 134
1633545948725 3.537950074648941 135
1633545983262 3.642684856288762 136
1633546018817 3.558818890114322 137
1633546053895 3.545060878061429 138
1633546088398 3.5426066409354307 139
1633546125284 3.5893355624743246 140
1633546158842 3.538844801975059 141
1633546192298 3.5712449972935545 142
1633546225726 3.5808702297233013 143
1633546261425 3.5990959846563086 144
1633546295704 3.585728714832218 145
1633546330578 3.5353633796692607 146
1633546364881 3.484189607453985 147
1633546400913 3.507905590551785 148
1633546434941 3.5743537887743497 149
1633546469519 3.6175940291708035 150
1633546503521 3.596746586032303 151
1633546538159 3.7123212986800835 152
1633546572462 3.508106567291234 153
1633546606530 3.5415347736714065 154
1633546640584 3.650935782018721 155
1633546674779 3.591242997271389 156
1633546708710 3.54024732366366 157
1633546742727 3.5387229611093765 158
1633546776988 3.572303595553325 159
1633546814065 3.531898767945986 160
1633546848289 3.5440299532139456 161
1633546882235 3.5435509721365586 162
1633546916398 3.572086436867779 163
1633546950828 3.530006968438123 164
1633546985611 3.5427863018492296 165
1633547019103 3.561971898665142 166
1633547053712 3.5647572928291527 167
1633547088166 3.5926990428987007 168
1633547122222 3.5811447155661327 169
1633547156419 3.5936416099394104 170
1633547190756 3.5032770349777786 171
1633547225428 3.5557850287648307 172
1633547259341 3.6010189593966757 173
1633547293956 3.5618259635092344 174
1633547327918 3.5547460278518304 175
1633547362046 3.5559006484808444 176
1633547395682 3.563643603805394 177
1633547429804 3.5527110682206957 178
1633547464013 3.591304143619367 179
1633547502002 3.5748154559902483 180
1633547536584 3.539576521553786 181
1633547571459 3.665442699822756 182
1633547606103 3.5820177727753375 183
1633547641011 3.579854243387771 184
1633547675141 3.551976151908028 185
1633547709637 3.5677025096943487 186
1633547744032 3.5301297977641926 187
1633547778138 3.5731392922107323 188
1633547812558 3.5091243826896483 189
1633547846855 3.5675857284920833 190
1633547881477 3.5203515160647387 191
1633547916109 3.562395945600867 192
1633547950609 3.53494060466743 193
1633547985097 3.5753039904506876 194
1633548020557 3.5792299738807682 195
1633548054499 3.560669457698168 196
1633548088518 3.5343656300578696 197
1633548122687 3.5121538399860013 198
1633548161589 3.5582265209595922 199
1633548198326 3.524323175905188 200
1633548232468 3.6192920135217763 201
1633548266758 3.5598365687169378 202
1633548300807 3.5866947023948956 203
1633548334968 3.6564458512010223 204
1633548369322 3.605569284948661 205
1633548403614 3.604352997417127 206
1633548437638 3.5979104023373 207
1633548471323 3.654271850340947 208
1633548505179 3.543293888873312 209
1633548539506 3.559819406994856 210
1633548573539 3.63814578504971 211
1633548607534 3.5346786481414223 212
1633548641383 3.552466797406741 213
1633548675564 3.570035417804795 214
1633548709609 3.5939741429754313 215
