1633541337807 7.932338887408278 1
1633541371156 6.460342847639047 2
1633541439531 6.054896748674574 4
1633541541659 5.413133738593109 7
1633541577336 5.31539503602265 8
1633541646779 5.19226004170754 10
1633541682376 5.258891587548241 11
1633541784088 4.944611217844279 14
1633541850927 4.56463774030642 16
1633541950416 4.5726360589937585 19
1633542019579 3.827814149101723 21
1633542247209 3.8744265034363874 28
1633542479051 3.904651215281851 35
1633542579631 3.7578439675120348 38
1633542683396 3.804277432353648 41
1633542722172 3.7345267026567557 42
1633542925377 3.731142082870814 48
1633542994344 3.6843257676487267 50
1633543131123 3.6580060738197466 54
1633543540301 3.5767339549079593 66
1633544164606 3.652383312686172 84
1633544234168 3.6376381501100292 86
1633544270015 3.622887842151253 87
1633544607099 3.6052552326438048 97
1633544880156 3.5694665345653687 105
1633545016967 3.6087614100223453 109
1633545097172 3.569969289649013 111
1633545732123 3.5607667793311983 129
1633546366205 3.484189607453985 147
