1633541337360 0.3730834982634869 1
1633541370236 0.4314701551779132 2
1633541405206 0.3780276872193966 3
1633541438578 0.47714964620274863 4
1633541474117 0.46330742486858534 5
1633541507496 0.4638798967716375 6
1633541540655 0.5417372776411147 7
1633541576331 0.5695438588274497 8
1633541612278 0.5516377397584569 9
1633541645924 0.5760968136161203 10
1633541681416 0.589361231129458 11
1633541716589 0.5145021895248513 12
1633541749770 0.5526166781059756 13
1633541783110 0.5943658926208777 14
1633541817224 0.5714039332634908 15
1633541849976 0.6526596449103966 16
1633541883917 0.6097427556547744 17
1633541916780 0.6144543845666331 18
1633541949460 0.6479836091360333 19
1633541986136 0.638303244050955 20
1633542018628 0.7172170426251087 21
1633542052315 0.6890954133968092 22
1633542084626 0.6818238100764089 23
1633542116813 0.6937932749642373 24
1633542149284 0.654539432167601 25
1633542181670 0.6824684074486135 26
1633542213932 0.710533884989163 27
1633542246207 0.7282973032848171 28
1633542280114 0.7085990638880515 29
1633542312435 0.6870014630290101 30
1633542344956 0.7243577063612979 31
1633542377931 0.6811639823969707 32
1633542411905 0.708680321090089 33
1633542444869 0.7241680919747903 34
1633542477982 0.7339567994982535 35
1633542512486 0.7262815527270321 36
1633542545808 0.7251545511081702 37
1633542578665 0.7362958754179225 38
1633542613240 0.7318953339738388 39
1633542649125 0.6977660394112645 40
1633542682415 0.742766437421521 41
1633542721150 0.7493087163903125 42
1633542756027 0.7306124706421625 43
1633542789152 0.7162413749486776 44
1633542823522 0.7144502757248679 45
1633542856937 0.7442272797296953 46
1633542890210 0.7287191570902208 47
1633542924313 0.749143226222222 48
1633542960128 0.7333518914247481 49
1633542993201 0.755392307226203 50
1633543028255 0.7513859644964535 51
1633543061608 0.7467201004675825 52
1633543095640 0.7444762195262148 53
1633543129953 0.7630762568845895 54
1633543165427 0.7258320661787999 55
1633543198779 0.7389977817535529 56
1633543232043 0.7552770097166467 57
1633543264868 0.7349102549350114 58
1633543297545 0.7385328735188619 59
1633543333067 0.7510766851825418 60
1633543366374 0.7277144498918969 61
1633543400013 0.7584443564941931 62
1633543437900 0.7469192298899896 63
1633543471670 0.7496289658155122 64
1633543505376 0.7429254100589502 65
1633543539017 0.7715632265108441 66
1633543574741 0.7703184191370714 67
1633543607858 0.7477998011736829 68
1633543641153 0.7620584328718415 69
1633543674721 0.7601608969090641 70
1633543708643 0.7436291625863106 71
1633543741917 0.7524198730509067 72
1633543775440 0.7567441874967389 73
1633543808853 0.7627076693271477 74
1633543842169 0.761735382056154 75
1633543875328 0.7501603561324927 76
1633543909017 0.7622751677161362 77
1633543961619 0.7717454331680577 78
1633543994169 0.7547147849230593 79
1633544029776 0.7528685393569273 80
1633544062668 0.7560797423380442 81
1633544096130 0.7600308658185936 82
1633544129708 0.7704473728843548 83
1633544163262 0.7754008182586178 84
1633544199153 0.7616024109238538 85
1633544232767 0.7747949492019841 86
1633544268702 0.7777574108741206 87
1633544304181 0.7766396219601284 88
1633544337800 0.7760743021554919 89
1633544371182 0.7629525467901482 90
1633544404511 0.7705464278371167 91
1633544438120 0.7701101624849394 92
1633544471472 0.74532556366306 93
1633544505212 0.7641632734159383 94
1633544538815 0.7738527102096533 95
1633544572336 0.7744892961556392 96
1633544605737 0.7798502414400291 97
1633544641621 0.7775360340631481 98
1633544675081 0.7668989001386369 99
1633544711395 0.7624748733044441 100
1633544744430 0.7651104270105923 101
1633544778053 0.7674100984755623 102
1633544811697 0.7798004164775459 103
1633544845154 0.7762499131081659 104
1633544878750 0.7840937382449438 105
1633544914727 0.7676663429137808 106
1633544948361 0.7824660644330718 107
1633544982081 0.7780596539518675 108
1633545015604 0.7840839693496282 109
1633545062656 0.7797613456581841 110
1633545095825 0.7920219744585622 111
1633545131666 0.7896908154838561 112
1633545166366 0.7723880937748802 113
1633545201645 0.7848860371636028 114
1633545236284 0.7737599843480948 115
1633545270710 0.7820929763337741 116
1633545306756 0.7848951716795742 117
1633545342603 0.7756244466788623 118
1633545377871 0.7851842430212453 119
1633545415505 0.7829092082446564 120
1633545450642 0.7906006763745057 121
1633545485220 0.7817048478282065 122
1633545519537 0.7916359421548019 123
1633545553993 0.7883681809822615 124
1633545588102 0.7835704827589169 125
1633545623545 0.7863541481895264 126
1633545658507 0.7808405320558572 127
1633545697071 0.7923225258730748 128
1633545730713 0.791726569977693 129
1633545777042 0.7767135816423826 130
1633545810912 0.7838246356812645 131
1633545845678 0.7849442564997151 132
1633545879191 0.7931574655036447 133
1633545913118 0.7873143150148637 134
1633545948723 0.7903137512687046 135
1633545983260 0.7836875491067493 136
1633546018815 0.7840525130331853 137
1633546053893 0.7863139752734085 138
1633546088396 0.7892794021590309 139
1633546125281 0.7864253783974059 140
1633546158840 0.7883134119625208 141
1633546192296 0.788985044576276 142
1633546225724 0.7801009340674309 143
1633546261423 0.7750740071114086 144
1633546295702 0.7792624899449976 145
1633546330576 0.7877827076704935 146
1633546364879 0.8000012645194068 147
1633546400911 0.7964098941349045 148
1633546434939 0.7863267325425909 149
1633546469516 0.7722685799561821 150
1633546503519 0.7796554402085766 151
1633546538156 0.7789714261878206 152
1633546572460 0.7905536808452613 153
1633546606528 0.7925718265839663 154
1633546640582 0.7826031289302549 155
1633546674777 0.7844965324308766 156
1633546708708 0.7931498430567261 157
1633546742725 0.7895241022356293 158
1633546776986 0.7889649737671482 159
1633546814063 0.7970056682008787 160
1633546848287 0.7949004948223011 161
1633546882233 0.7907324306697292 162
1633546916396 0.7922406952120448 163
1633546950826 0.7901492984093408 164
1633546985609 0.7958861254263061 165
1633547019101 0.7889503089384433 166
1633547053710 0.7944893231572051 167
1633547088164 0.7794123076850393 168
1633547122220 0.7903500612441917 169
1633547156417 0.7901615817427391 170
1633547190754 0.796648592166111 171
1633547225426 0.791173212296595 172
1633547259339 0.7805180422332082 173
1633547293954 0.7885002190735035 174
1633547327917 0.7983766477690606 175
1633547362044 0.8003009048773039 176
1633547395680 0.7970652770718566 177
1633547429802 0.7951276118468126 178
1633547464011 0.787074632893046 179
1633547502000 0.7917384661208294 180
1633547536582 0.7860038723457218 181
1633547571457 0.7757814506728671 182
1633547606101 0.7917767812158021 183
1633547641009 0.792813860799885 184
1633547675139 0.7934125177447929 185
1633547709635 0.784424795354543 186
1633547744030 0.794875585632902 187
1633547778136 0.7899187155107261 188
1633547812556 0.789206153335669 189
1633547846853 0.7872478647707222 190
1633547881475 0.7926707594216393 191
1633547916107 0.7892088670067032 192
1633547950607 0.7946876360062507 193
1633547985095 0.7902376009870969 194
1633548020554 0.7896012932761061 195
1633548054497 0.7967563878314607 196
1633548088516 0.7931365207585094 197
1633548122685 0.793692509261589 198
1633548161587 0.7945462969928507 199
1633548198324 0.7943895611509436 200
1633548232466 0.7785162088317926 201
1633548266757 0.7886997945945781 202
1633548300805 0.78210542476616 203
1633548334966 0.77248728398291 204
1633548369320 0.7891088171484149 205
1633548403612 0.787651933684045 206
1633548437636 0.7898478832416479 207
1633548471321 0.7845689809614341 208
1633548505177 0.785402636673352 209
1633548539504 0.7876102377807556 210
1633548573537 0.7780622495875674 211
1633548607532 0.7882808384288118 212
1633548641381 0.7877740363188969 213
1633548675562 0.7909652139925818 214
1633548709607 0.7887529729223388 215
