1633541337805 0.3730834982634869 1
1633541371154 0.4314701551779132 2
1633541439529 0.47714964620274863 4
1633541541657 0.5417372776411147 7
1633541577334 0.5695438588274497 8
1633541646777 0.5760968136161203 10
1633541682374 0.589361231129458 11
1633541784086 0.5943658926208777 14
1633541850925 0.6526596449103966 16
1633541950414 0.6479836091360333 19
1633542019577 0.7172170426251087 21
1633542247207 0.7282973032848171 28
1633542479049 0.7339567994982535 35
1633542579629 0.7362958754179225 38
1633542683394 0.742766437421521 41
1633542722170 0.7493087163903125 42
1633542925375 0.749143226222222 48
1633542994342 0.755392307226203 50
1633543131121 0.7630762568845895 54
1633543540299 0.7715632265108441 66
1633544164604 0.7754008182586178 84
1633544234165 0.7747949492019841 86
1633544270013 0.7777574108741206 87
1633544607097 0.7798502414400291 97
1633544880154 0.7840937382449438 105
1633545016964 0.7840839693496282 109
1633545097170 0.7920219744585622 111
1633545732121 0.791726569977693 129
1633546366203 0.8000012645194068 147
