1633541337803 0.379076290411151 1
1633541371152 0.44094778658537975 2
1633541439527 0.48739022886059863 4
1633541541656 0.5543926522358594 7
1633541577331 0.5861702073523272 8
1633541646775 0.6012358425332144 10
1633541682372 0.6101338933646635 11
1633541784084 0.6095946912213472 14
1633541850923 0.6880683011419693 16
1633541950412 0.6765299619557349 19
1633542019575 0.7925314978367279 21
1633542247205 0.7813051158288805 28
1633542479047 0.7845575791934221 35
1633542579627 0.7871824956679988 38
1633542683392 0.7983994041590052 41
1633542722168 0.8253754388563109 42
1633542925373 0.8077019628667956 48
1633542994340 0.8046242005112952 50
1633543131119 0.8353263889646633 54
1633543540296 0.8457194457339713 66
1633544164601 0.8499724783952889 84
1633544234163 0.8470520035002727 86
1633544270011 0.8435442981413375 87
1633544607095 0.8539069412570743 97
1633544880152 0.8785520940480579 105
1633545016962 0.864508607798995 109
1633545097168 0.859915773401193 111
1633545732119 0.8760589005615039 129
1633546366201 0.8775797686408047 147
