1633541337807 0.6733971430781347 1
1633541371156 0.7003754009945042 2
1633541439531 0.7320452303740806 4
1633541541659 0.754451049057209 7
1633541577335 0.7699430171071838 8
1633541646778 0.7731820363807133 10
1633541682375 0.7764819765887644 11
1633541784088 0.7816986573963319 14
1633541850927 0.8116626332524661 16
1633541950415 0.8170763264984953 19
1633542019578 0.8468036760316874 21
1633542247209 0.8490963693934027 28
1633542479051 0.8559624139765425 35
1633542579630 0.8546692149379582 38
1633542683395 0.852788771149603 41
1633542722171 0.8685266389568976 42
1633542925376 0.8624551839314837 48
1633542994344 0.8605947707844678 50
1633543131122 0.8736788852779693 54
1633543540300 0.8746544984598674 66
1633544164605 0.8716921538753161 84
1633544234167 0.8727174081392802 86
1633544270015 0.8728026478737178 87
1633544607098 0.8740828174133362 97
1633544880156 0.8820948207804378 105
1633545016966 0.8809607822452263 109
1633545097172 0.8803858882776844 111
1633545732122 0.882783457833601 129
1633546366204 0.8902190157645111 147
