1633541337357 0.379076290411151 1
1633541370234 0.44094778658537975 2
1633541405204 0.3838237231866812 3
1633541438576 0.48739022886059863 4
1633541474114 0.46888853795097585 5
1633541507494 0.471311991970069 6
1633541540652 0.5543926522358594 7
1633541576329 0.5861702073523272 8
1633541612276 0.574463049421088 9
1633541645921 0.6012358425332144 10
1633541681413 0.6101338933646635 11
1633541716587 0.5232063264594405 12
1633541749768 0.5623726279423346 13
1633541783108 0.6095946912213472 14
1633541817222 0.5862828768776912 15
1633541849974 0.6880683011419693 16
1633541883915 0.6282944830338228 17
1633541916778 0.6312194361875784 18
1633541949458 0.6765299619557349 19
1633541986134 0.6587136078753881 20
1633542018626 0.7925314978367279 21
1633542052313 0.7343821153944818 22
1633542084624 0.7154851834832974 23
1633542116811 0.7333429532672787 24
1633542149282 0.6771332109491613 25
1633542181668 0.7181514878565792 26
1633542213929 0.7553579840017353 27
1633542246205 0.7813051158288805 28
1633542280111 0.7497749380160343 29
1633542312433 0.7179084875452498 30
1633542344954 0.7620044937975948 31
1633542377929 0.7127775631925175 32
1633542411902 0.7570581900498732 33
1633542444867 0.783680142100558 34
1633542477980 0.7845575791934221 35
1633542512484 0.7822725275167778 36
1633542545806 0.7700062114563887 37
1633542578663 0.7871824956679988 38
1633542613238 0.7901684475111962 39
1633542649123 0.7263894671013038 40
1633542682412 0.7983994041590052 41
1633542721148 0.8253754388563109 42
1633542756025 0.7941173260011831 43
1633542789150 0.7499201228316315 44
1633542823520 0.7574455816523925 45
1633542856935 0.7961118217595963 46
1633542890208 0.7656456435619864 47
1633542924311 0.8077019628667956 48
1633542960126 0.7690966336415188 49
1633542993199 0.8046242005112952 50
1633543028253 0.8048149986455043 51
1633543061606 0.7945837483148305 52
1633543095638 0.7896116322536657 53
1633543129950 0.8353263889646633 54
1633543165425 0.7549292615052193 55
1633543198776 0.780689898407688 56
1633543232041 0.8053539840980555 57
1633543264865 0.7766647719695895 58
1633543297543 0.7819265535490363 59
1633543333065 0.8090772302618054 60
1633543366372 0.7746308612825377 61
1633543400011 0.8260133789253157 62
1633543437898 0.7925004134067879 63
1633543471667 0.8094910505703194 64
1633543505374 0.8008599770645193 65
1633543539015 0.8457194457339713 66
1633543574738 0.8464574752491572 67
1633543607855 0.7885297347371127 68
1633543641150 0.8190601261667935 69
1633543674719 0.8162377195695867 70
1633543708641 0.7944690954592997 71
1633543741915 0.8041333476113662 72
1633543775438 0.8170325728464111 73
1633543808851 0.8384523967408829 74
1633543842167 0.8105782645364775 75
1633543875326 0.8154228749164347 76
1633543909015 0.8337421632919905 77
1633543961617 0.851119689646932 78
1633543994167 0.8148876760827598 79
1633544029774 0.8084666423417904 80
1633544062665 0.8587962760573891 81
1633544096128 0.821877075957836 82
1633544129706 0.8321764696174815 83
1633544163260 0.8499724783952889 84
1633544199151 0.8353013531176887 85
1633544232765 0.8470520035002727 86
1633544268700 0.8435442981413375 87
1633544304179 0.8484946423216508 88
1633544337798 0.8406692369426291 89
1633544371180 0.8239528202040979 90
1633544404508 0.832899901385867 91
1633544438117 0.8487892058421318 92
1633544471470 0.8189407518576558 93
1633544505209 0.833550435929043 94
1633544538813 0.8437198880560615 95
1633544572334 0.8367591588527118 96
1633544605735 0.8539069412570743 97
1633544641619 0.8459535681828174 98
1633544675078 0.8348078848827021 99
1633544711393 0.833197206965778 100
1633544744428 0.8282998743857249 101
1633544778050 0.8391217892150924 102
1633544811695 0.8679343208715254 103
1633544845152 0.8397296434990535 104
1633544878748 0.8785520940480579 105
1633544914725 0.8532664462972356 106
1633544948359 0.868594390136832 107
1633544982078 0.8543263277998466 108
1633545015601 0.864508607798995 109
1633545062654 0.8433196398978842 110
1633545095822 0.859915773401193 111
1633545131664 0.8715828702134174 112
1633545166364 0.8557975465650427 113
1633545201643 0.8769596775123458 114
1633545236282 0.8615108932535165 115
1633545270708 0.8763427009158259 116
1633545306754 0.8554806810541389 117
1633545342601 0.8500281626188454 118
1633545377869 0.8848901215446305 119
1633545415503 0.8569141144917231 120
1633545450640 0.8841333457137447 121
1633545485218 0.8756257327435847 122
1633545519534 0.8797341246409826 123
1633545553991 0.8723907767309249 124
1633545588100 0.8721783944196649 125
1633545623542 0.8732005294882019 126
1633545658505 0.859733464081163 127
1633545697069 0.8867521869894144 128
1633545730711 0.8760589005615039 129
1633545777040 0.8673896724078162 130
1633545810910 0.8616612614278257 131
1633545845676 0.8667056025729958 132
1633545879189 0.8608355304137025 133
1633545913116 0.8566529353323457 134
1633545948721 0.8619047493868663 135
1633545983258 0.8632287769419834 136
1633546018812 0.8778268360623949 137
1633546053890 0.8791165302118295 138
1633546088393 0.8670862725643643 139
1633546125279 0.8784482208832013 140
1633546158838 0.8781754556764395 141
1633546192294 0.859727597142701 142
1633546225722 0.864981768639119 143
1633546261420 0.8589480468701339 144
1633546295699 0.8763119665951169 145
1633546330574 0.8753301725601006 146
1633546364877 0.8775797686408047 147
1633546400909 0.8857633550796751 148
1633546434937 0.8546826245416433 149
1633546469514 0.860245291555136 150
1633546503517 0.8597075865548062 151
1633546538154 0.8352678356982243 152
1633546572458 0.8876830918827018 153
1633546606526 0.8527782376811981 154
1633546640580 0.8515649267852725 155
1633546674775 0.8664611735003394 156
1633546708706 0.8752120597246946 157
1633546742723 0.8678427145753442 158
1633546776984 0.8763329350628124 159
1633546814061 0.8855026568528571 160
1633546848285 0.8726990171090605 161
1633546882231 0.8664555412570163 162
1633546916394 0.8817373212097057 163
1633546950824 0.881162052237316 164
1633546985606 0.8753644972154222 165
1633547019099 0.8779461643168815 166
1633547053708 0.8629059912342155 167
1633547088162 0.8687841393283562 168
1633547122217 0.8707274979814271 169
1633547156415 0.8811184873131874 170
1633547190752 0.8718693615380451 171
1633547225423 0.8719134605344948 172
1633547259336 0.8464125943889804 173
1633547293952 0.8678595447330079 174
1633547327914 0.8724703573255752 175
1633547362042 0.8781059542193996 176
1633547395678 0.8791432795873725 177
1633547429800 0.8830104234288947 178
1633547464009 0.8601720144315399 179
1633547501998 0.8728562300196618 180
1633547536579 0.8782991550211859 181
1633547571454 0.834365153067175 182
1633547606099 0.859757187655764 183
1633547641007 0.8593569237539543 184
1633547675137 0.8796548433823568 185
1633547709633 0.8671041772131789 186
1633547744028 0.8705631885090657 187
1633547778134 0.865569700576517 188
1633547812554 0.8826173548018087 189
1633547846851 0.8717452768667256 190
1633547881473 0.8777439571079276 191
1633547916105 0.8752838495088611 192
1633547950605 0.8763472783853439 193
1633547985093 0.8815723972568876 194
1633548020552 0.8641250571825926 195
1633548054495 0.8701492800273226 196
1633548088514 0.8838151950768259 197
1633548122683 0.87564227646823 198
1633548161585 0.8696826718958817 199
1633548198322 0.8739124684591922 200
1633548232463 0.8621005004154751 201
1633548266754 0.8645299703500371 202
1633548300803 0.8635144573501611 203
1633548334963 0.8603540794520228 204
1633548369318 0.878028539943271 205
1633548403610 0.8811378241793911 206
1633548437634 0.8743720172830206 207
1633548471318 0.8483845018042493 208
1633548505175 0.888031017565717 209
1633548539502 0.881931069260759 210
1633548573535 0.8632266194660081 211
1633548607530 0.8879526797036096 212
1633548641379 0.8740488399541099 213
1633548675560 0.8729155588813755 214
1633548709605 0.865987461642377 215
