1633541337361 0.6733971430781347 1
1633541370238 0.7003754009945042 2
1633541405208 0.68377016722943 3
1633541438580 0.7320452303740806 4
1633541474118 0.7266261008006871 5
1633541507497 0.7216547288608245 6
1633541540656 0.754451049057209 7
1633541576333 0.7699430171071838 8
1633541612279 0.7482922912372476 9
1633541645925 0.7731820363807133 10
1633541681417 0.7764819765887644 11
1633541716591 0.7507463007487006 12
1633541749772 0.7705122133922425 13
1633541783112 0.7816986573963319 14
1633541817226 0.7768173756107175 15
1633541849977 0.8116626332524661 16
1633541883919 0.7966622406624844 17
1633541916782 0.7958635113147388 18
1633541949462 0.8170763264984953 19
1633541986137 0.8035115784932758 20
1633542018630 0.8468036760316874 21
1633542052317 0.8286640486506089 22
1633542084627 0.8300064166499462 23
1633542116814 0.8328754436669583 24
1633542149285 0.8177846656525917 25
1633542181671 0.8302903648445227 26
1633542213933 0.8426196023353167 27
1633542246209 0.8490963693934027 28
1633542280115 0.8429486758005131 29
1633542312436 0.8346322795277753 30
1633542344958 0.8501339804328472 31
1633542377932 0.8313321519523532 32
1633542411906 0.8457447476132169 33
1633542444871 0.8507467523748031 34
1633542477984 0.8559624139765425 35
1633542512488 0.856639415974381 36
1633542545810 0.8482913792615082 37
1633542578667 0.8546692149379582 38
1633542613241 0.8492151743544261 39
1633542649127 0.8365331900675994 40
1633542682417 0.852788771149603 41
1633542721152 0.8685266389568976 42
1633542756029 0.8516909342068604 43
1633542789154 0.8462479757934009 44
1633542823524 0.8422912654593102 45
1633542856938 0.8598159715222966 46
1633542890212 0.8541823338704689 47
1633542924315 0.8624551839314837 48
1633542960130 0.8472634523372252 49
1633542993203 0.8605947707844678 50
1633543028256 0.8603027783524748 51
1633543061610 0.8564891640948432 52
1633543095642 0.8593283726985675 53
1633543129954 0.8736788852779693 54
1633543165428 0.8495169826664298 55
1633543198780 0.8550621618223629 56
1633543232044 0.8592844043613515 57
1633543264869 0.852044639633923 58
1633543297547 0.8461262206863418 59
1633543333069 0.8630932177523443 60
1633543366375 0.8520169848546648 61
1633543400014 0.8650301879012783 62
1633543437901 0.858547044941042 63
1633543471671 0.8636787414523018 64
1633543505378 0.8582346115963622 65
1633543539019 0.8746544984598674 66
1633543574742 0.870545389974005 67
1633543607859 0.8592050821618928 68
1633543641154 0.8654651000882122 69
1633543674723 0.8643899143207393 70
1633543708644 0.8549162220221528 71
1633543741918 0.8596375705059617 72
1633543775442 0.8635758506327484 73
1633543808855 0.8677616059592885 74
1633543842170 0.8643877793648371 75
1633543875329 0.860838081508625 76
1633543909019 0.8707383724408306 77
1633543961620 0.872117656154266 78
1633543994171 0.8595514334555512 79
1633544029778 0.8526532763637678 80
1633544062669 0.8636444277072747 81
1633544096132 0.8622593166636192 82
1633544129710 0.8691547906553126 83
1633544163264 0.8716921538753161 84
1633544199154 0.8633492597571846 85
1633544232768 0.8727174081392802 86
1633544268704 0.8728026478737178 87
1633544304182 0.8753431600669259 88
1633544337802 0.8742310246951148 89
1633544371183 0.8665053031805732 90
1633544404512 0.8719790165292932 91
1633544438121 0.870754972366433 92
1633544471473 0.857978336402947 93
1633544505213 0.8721604626104756 94
1633544538817 0.8762052868440823 95
1633544572337 0.8718855132763071 96
1633544605739 0.8740828174133362 97
1633544641623 0.8727953958316411 98
1633544675082 0.8685377027965516 99
1633544711397 0.8689576686666569 100
1633544744432 0.8661265992114705 101
1633544778054 0.8635791798541599 102
1633544811698 0.8776463113859292 103
1633544845156 0.8724727391948387 104
1633544878751 0.8820948207804378 105
1633544914729 0.8704883112532382 106
1633544948362 0.8783259197841091 107
1633544982082 0.8759890345968486 108
1633545015605 0.8809607822452263 109
1633545062657 0.8718496130286311 110
1633545095826 0.8803858882776844 111
1633545131668 0.8794498338338312 112
1633545166368 0.8712131435599667 113
1633545201647 0.878536010302777 114
1633545236286 0.8709506178634419 115
1633545270712 0.8795998537979851 116
1633545306757 0.8786145218122049 117
1633545342605 0.8708582288330201 118
1633545377873 0.8830147000145068 119
1633545415507 0.8808234221691319 120
1633545450644 0.8883840350058897 121
1633545485222 0.8792949785386488 122
1633545519538 0.8884700536795148 123
1633545553995 0.8818176126676579 124
1633545588104 0.8756986354945976 125
1633545623547 0.883365266968718 126
1633545658508 0.8756952264682512 127
1633545697073 0.8872521555551929 128
1633545730715 0.882783457833601 129
1633545777044 0.8735018373267956 130
1633545810914 0.8777831077348561 131
1633545845680 0.8766920284210903 132
1633545879192 0.8805198277661092 133
1633545913120 0.8778935332968237 134
1633545948724 0.8793400558610139 135
1633545983262 0.8766219762145983 136
1633546018816 0.8812017753619587 137
1633546053894 0.8773963765036495 138
1633546088397 0.8801693632732458 139
1633546125283 0.8812232812494962 140
1633546158842 0.8813940107307595 141
1633546192298 0.8785969045260187 142
1633546225726 0.8782866513014884 143
1633546261424 0.8709319419812009 144
1633546295703 0.8803727107298994 145
1633546330577 0.8833232590580111 146
1633546364880 0.8902190157645111 147
1633546400913 0.8906586912127845 148
1633546434940 0.8775033283873714 149
1633546469518 0.8707016909491809 150
1633546503520 0.8753644710463327 151
1633546538158 0.8749762381634634 152
1633546572461 0.8873376713960573 153
1633546606530 0.8816696840015705 154
1633546640584 0.8810207863036134 155
1633546674779 0.8783917855026476 156
1633546708709 0.8828254556946521 157
1633546742726 0.8803928308362388 158
1633546776988 0.8830137143042927 159
1633546814065 0.8897890436545095 160
1633546848289 0.8839688811131696 161
1633546882235 0.8779123014643557 162
1633546916398 0.8829223551163228 163
1633546950828 0.8857972972783503 164
1633546985610 0.8831222417698428 165
1633547019103 0.8832273548084507 166
1633547053711 0.8820721527693686 167
1633547088166 0.8783042566837691 168
1633547122222 0.8850480120000862 169
1633547156419 0.886219494678674 170
1633547190755 0.8885428450498335 171
1633547225427 0.8827891722559289 172
1633547259340 0.8747958313184878 173
1633547293955 0.8807343649860175 174
1633547327918 0.8870988040921344 175
1633547362046 0.8875205489540003 176
1633547395682 0.8822121099835923 177
1633547429803 0.8836092687647191 178
1633547464013 0.8808604479507892 179
1633547502002 0.8815093897701152 180
1633547536583 0.8818738330388156 181
1633547571458 0.8803945429049493 182
1633547606103 0.8809177419217444 183
1633547641011 0.880369250092923 184
1633547675140 0.8811574320497813 185
1633547709636 0.878451556829118 186
1633547744031 0.8838207914100751 187
1633547778137 0.8798979764762139 188
1633547812557 0.880905267655881 189
1633547846855 0.8825037866820021 190
1633547881477 0.8818683835959924 191
1633547916109 0.8822357229687441 192
1633547950609 0.8831501520231424 193
1633547985097 0.8843806060023461 194
1633548020556 0.8850444824134093 195
1633548054499 0.8857599281984144 196
1633548088518 0.8840232042735914 197
1633548122687 0.8810532947017714 198
1633548161589 0.8824929953140134 199
1633548198326 0.8818844385045402 200
1633548232467 0.8783070352707515 201
1633548266758 0.8801723867544613 202
1633548300806 0.8783749515136182 203
1633548334967 0.8713535650999106 204
1633548369322 0.8809165695860985 205
1633548403614 0.8811098655316024 206
1633548437637 0.8829214444668094 207
1633548471322 0.8772989171315968 208
1633548505179 0.8839691512080375 209
1633548539506 0.8834037780668224 210
1633548573539 0.8780027863986521 211
1633548607534 0.8862157543712471 212
1633548641383 0.8771921670119929 213
1633548675563 0.8837604599449163 214
1633548709609 0.8801686868502125 215
