1633541337358 0.9620670582529935 1
1633541370235 0.9534919703135828 2
1633541405205 0.9792011826277852 3
1633541438577 0.9706004912005378 4
1633541474115 0.9808150643078137 5
1633541507494 0.9673229647357415 6
1633541540653 0.9476829272636862 7
1633541576329 0.9451666819414769 8
1633541612276 0.9111160794632067 9
1633541645922 0.9349259953667735 10
1633541681414 0.9329577869532991 11
1633541716588 0.9730461020099945 12
1633541749769 0.9737382836884128 13
1633541783109 0.9467495525617512 14
1633541817223 0.9600270629558685 15
1633541849974 0.9240404983636786 16
1633541883916 0.9573281704113101 17
1633541916779 0.9531393793293722 18
1633541949458 0.9471598967053404 19
1633541986134 0.9394923449304838 20
1633542018626 0.8803607901482918 21
1633542052314 0.907971753170814 22
1633542084624 0.9340081666069369 23
1633542116811 0.9197802056597035 24
1633542149282 0.9510910666577278 25
1633542181668 0.9306116585105882 26
1633542213930 0.9162167123313705 27
1633542246205 0.9034034690785999 28
1633542280112 0.9229022808174946 29
1633542312433 0.9410123542428424 30
1633542344955 0.9270149301154018 31
1633542377929 0.9375924123576503 32
1633542411903 0.9183414338937417 33
1633542444868 0.8993685268235979 34
1633542477981 0.9132231579601068 35
1633542512485 0.9163488501229539 36
1633542545807 0.9124133269548779 37
1633542578664 0.9076645435724727 38
1633542613238 0.8926285202458637 39
1633542649124 0.9358299603232192 40
1633542682413 0.8906521310639998 41
1633542721148 0.8919843199526644 42
1633542756026 0.8915390906045361 43
1633542789151 0.932302285577358 44
1633542823521 0.9131188819574387 45
1633542856935 0.9090326304502228 46
1633542890209 0.9320822410222368 47
1633542924312 0.9010050185295787 48
1633542960127 0.9147022504215706 49
1633542993200 0.9020886142597143 50
1633543028253 0.9015761537520225 51
1633543061607 0.9055920281221047 52
1633543095638 0.9163075151404616 53
1633543129951 0.8952062106609503 54
1633543165425 0.9340562719646323 55
1633543198777 0.9174485382534696 56
1633543232041 0.8991672310291334 57
1633543264866 0.9152834753974483 58
1633543297543 0.8976257221815449 59
1633543333065 0.9010602650049041 60
1633543366372 0.9151670972611764 61
1633543400011 0.8862210513192187 62
1633543437898 0.9120453577595645 63
1633543471668 0.9009286879953723 64
1633543505374 0.8982302288303962 65
1633543539016 0.8858080484230803 66
1633543574739 0.8759710437663522 67
1633543607856 0.9172697560816219 68
1633543641151 0.8971727192519972 69
1633543674720 0.8970393314178021 70
1633543708641 0.9005685151277176 71
1633543741915 0.9014640775718097 72
1633543775439 0.8944525933199594 73
1633543808852 0.8782015736083648 74
1633543842167 0.9049293923379944 75
1633543875326 0.8907433086354504 76
1633543909016 0.8894844869806323 77
1633543961617 0.8742280641653245 78
1633543994168 0.8880335923930823 79
1633544029775 0.8820161611770472 80
1633544062666 0.8446450031502476 81
1633544096128 0.8845097327613853 82
1633544129707 0.8903182822928982 83
1633544163261 0.8763065987006148 84
1633544199151 0.8722390031660314 85
1633544232765 0.8801076152809747 86
1633544268701 0.8856658710081646 87
1633544304179 0.8850821976815711 88
1633544337799 0.8903103684254161 89
1633544371180 0.8928146509504843 90
1633544404509 0.8949933140272215 91
1633544438118 0.8729937640462937 92
1633544471470 0.8780028463931391 93
1633544505210 0.8916824935954711 94
1633544538814 0.8907189756603886 95
1633544572334 0.8910046162864156 96
1633544605736 0.8769406748363708 97
1633544641620 0.8812502160215208 98
1633544675079 0.8841242022167273 99
1633544711394 0.8869491771800004 100
1633544744429 0.8885271875402405 101
1633544778051 0.870300216292965 102
1633544811696 0.8665123624175278 103
1633544845153 0.889190625757183 104
1633544878748 0.8648952572836848 105
1633544914726 0.8681349536178244 106
1633544948359 0.8692524645503544 107
1633544982079 0.8795173385675614 108
1633545015602 0.8785766192404119 109
1633545062654 0.8844136524024466 110
1633545095823 0.8828191163220349 111
1633545131665 0.8678869817094945 112
1633545166364 0.8677870823082581 113
1633545201643 0.859586968372526 114
1633545236283 0.8583592448963387 115
1633545270708 0.8608165261376054 116
1633545306754 0.8848038427459218 117
1633545342602 0.873407202506769 118
1633545377870 0.8593731151601142 119
1633545415504 0.8866753570247676 120
1633545450640 0.8734125643977223 121
1633545485219 0.8624351958174061 122
1633545519535 0.8768213827454261 123
1633545553992 0.8731537613032768 124
1633545588100 0.8589549517857313 125
1633545623543 0.8751498911209241 126
1633545658505 0.8711492409707511 127
1633545697070 0.8664048918989533 128
1633545730712 0.87050971876808 129
1633545777040 0.8598753830243978 130
1633545810911 0.8760331752314039 131
1633545845677 0.8669760836083465 132
1633545879189 0.8843443667246813 133
1633545913117 0.8820918646761344 134
1633545948721 0.8792735361774574 135
1633545983258 0.8714714192951545 136
1633546018813 0.8613498717965715 137
1633546053891 0.854812231773109 138
1633546088394 0.8743967134035707 139
1633546125280 0.8645689740681061 140
1633546158838 0.8655921305020778 141
1633546192295 0.8806800184337372 142
1633546225723 0.8712538366399093 143
1633546261421 0.8630902432594257 144
1633546295700 0.8616354071899784 145
1633546330574 0.8709230078598598 146
1633546364877 0.8858461353268087 147
1633546400910 0.8759908705685413 148
1633546434937 0.8833281553480226 149
1633546469515 0.8569368301486904 150
1633546503517 0.8727462088519758 151
1633546538155 0.900594762288547 152
1633546572458 0.8668265183686705 153
1633546606527 0.8960989737515525 154
1633546640581 0.8937941305153355 155
1633546674776 0.8708275820728227 156
1633546708706 0.8729016863580283 157
1633546742724 0.874473591471794 158
1633546776984 0.8714312203814192 159
1633546814062 0.8759605878758473 160
1633546848286 0.8791725514713784 161
1633546882232 0.8728231626974109 162
1633546916395 0.8646492303104583 163
1633546950825 0.8694891146493432 164
1633546985607 0.8742540617354752 165
1633547019100 0.8663370878517409 166
1633547053708 0.8847803806180825 167
1633547088163 0.8647674698138117 168
1633547122218 0.8803339063953071 169
1633547156416 0.8706840407671842 170
1633547190752 0.8865039229547761 171
1633547225424 0.875490489822102 172
1633547259337 0.8862404805878848 173
1633547293952 0.8746148080725156 174
1633547327915 0.8844539471840528 175
1633547362043 0.8799727128472153 176
1633547395679 0.8666656043124624 177
1633547429800 0.8639793120177074 178
1633547464010 0.8829293360704387 179
1633547501999 0.871579901086535 180
1633547536580 0.865303421077569 181
1633547571455 0.9114600186970553 182
1633547606100 0.8872075592872305 183
1633547641007 0.886184836369849 184
1633547675137 0.8625795814879188 185
1633547709633 0.8693234248639451 186
1633547744028 0.879102704384776 187
1633547778134 0.8775367562765715 188
1633547812554 0.8605294604275838 189
1633547846851 0.8744067318110292 190
1633547881473 0.8669797962034109 191
1633547916106 0.8713461492180267 192
1633547950605 0.8711578851363184 193
1633547985094 0.8651493210610185 194
1633548020553 0.8889671991154667 195
1633548054496 0.8841058806776335 196
1633548088514 0.8640925448799773 197
1633548122684 0.8684257734399203 198
1633548161586 0.8772964033106779 199
1633548198323 0.8724032987018757 200
1633548232464 0.8743183387125931 201
1633548266755 0.8778867348611077 202
1633548300803 0.8740622511550761 203
1633548334964 0.8590562131906446 204
1633548369319 0.8630399754464736 205
1633548403611 0.8595851581206689 206
1633548437634 0.871556547407502 207
1633548471319 0.8905764949137955 208
1633548505176 0.8564153699716 209
1633548539503 0.8660545193755346 210
1633548573536 0.8720437428656336 211
1633548607531 0.8619296792499486 212
1633548641380 0.8610804720601795 213
1633548675560 0.8760477560350335 214
1633548709606 0.8767219458083472 215
