1633541337803 0.9620670582529935 1
1633541371152 0.9534919703135828 2
1633541439528 0.9706004912005378 4
1633541541656 0.9476829272636862 7
1633541577332 0.9451666819414769 8
1633541646775 0.9349259953667735 10
1633541682372 0.9329577869532991 11
1633541784085 0.9467495525617512 14
1633541850924 0.9240404983636786 16
1633541950412 0.9471598967053404 19
1633542019575 0.8803607901482918 21
1633542247206 0.9034034690785999 28
1633542479048 0.9132231579601068 35
1633542579627 0.9076645435724727 38
1633542683392 0.8906521310639998 41
1633542722168 0.8919843199526644 42
1633542925373 0.9010050185295787 48
1633542994341 0.9020886142597143 50
1633543131119 0.8952062106609503 54
1633543540297 0.8858080484230803 66
1633544164602 0.8763065987006148 84
1633544234164 0.8801076152809747 86
1633544270012 0.8856658710081646 87
1633544607095 0.8769406748363708 97
1633544880153 0.8648952572836848 105
1633545016963 0.8785766192404119 109
1633545097169 0.8828191163220349 111
1633545732119 0.87050971876808 129
1633546366201 0.8858461353268087 147
