1633541337806 0.8387342434630942 1
1633541371155 0.8726452603562819 2
1633541439530 0.8921703965571736 4
1633541541658 0.9007863674264179 7
1633541577335 0.9093027495175986 8
1633541646778 0.9092014992979638 10
1633541682375 0.9093363666493564 11
1633541784087 0.9236804035351635 14
1633541850926 0.9299191405794425 16
1633541950415 0.940049114668109 19
1633542019578 0.9206500226367087 21
1633542247208 0.9307434793550666 28
1633542479050 0.9352002381237698 35
1633542579630 0.9354937111391368 38
1633542683395 0.9290874863989591 41
1633542722171 0.9329382254445813 42
1633542925376 0.9336382925387204 48
1633542994343 0.9354576394063793 50
1633543131122 0.9322148458540955 54
1633543540300 0.9284592261614371 66
1633544164605 0.9260132192708905 84
1633544234167 0.9281553066762084 86
1633544270014 0.929985833642485 87
1633544607098 0.9262896981894239 97
1633544880155 0.9222283343276823 105
1633545016965 0.928780488450376 109
1633545097171 0.9310391863781416 111
1633545732122 0.9245771237444415 129
1633546366204 0.9318305041227497 147
