1633541337361 0.8387342434630942 1
1633541370237 0.8726452603562819 2
1633541405207 0.8227737182171332 3
1633541438579 0.8921703965571736 4
1633541474118 0.8896327199045525 5
1633541507497 0.8520540645949115 6
1633541540656 0.9007863674264179 7
1633541576332 0.9093027495175986 8
1633541612279 0.8803323070715438 9
1633541645925 0.9092014992979638 10
1633541681417 0.9093363666493564 11
1633541716590 0.9016743646898546 12
1633541749771 0.9233995728207776 13
1633541783111 0.9236804035351635 14
1633541817225 0.9264467483951903 15
1633541849977 0.9299191405794425 16
1633541883918 0.9381594972633186 17
1633541916781 0.9343373962018111 18
1633541949461 0.940049114668109 19
1633541986137 0.9343005916339094 20
1633542018629 0.9206500226367087 21
1633542052316 0.9294899143786309 22
1633542084627 0.9389136609798882 23
1633542116814 0.9382494655670215 24
1633542149285 0.9403515770710528 25
1633542181671 0.9350045704608405 26
1633542213933 0.9375105190265234 27
1633542246208 0.9307434793550666 28
1633542280115 0.9397953789178554 29
1633542312436 0.9441413182257659 30
1633542344958 0.9419132355733303 31
1633542377932 0.9390332832894935 32
1633542411906 0.9384367544776571 33
1633542444870 0.9337289400029944 34
1633542477984 0.9352002381237698 35
1633542512487 0.941025276338131 36
1633542545809 0.9358993175444619 37
1633542578666 0.9354937111391368 38
1633542613241 0.9260896435234967 39
1633542649126 0.9450547458205327 40
1633542682416 0.9290874863989591 41
1633542721151 0.9329382254445813 42
1633542756028 0.928995804855796 43
1633542789153 0.9412590306868478 44
1633542823523 0.9337754681313039 45
1633542856938 0.9357584958704751 46
1633542890211 0.9425145924349773 47
1633542924314 0.9336382925387204 48
1633542960129 0.933938158604379 49
1633542993203 0.9354576394063793 50
1633543028256 0.9336718667027789 51
1633543061610 0.931800233063399 52
1633543095641 0.9373930579109501 53
1633543129954 0.9322148458540955 54
1633543165428 0.9447624563299961 55
1633543198780 0.9393138878967933 56
1633543232044 0.9326955397599695 57
1633543264869 0.9375905866897281 58
1633543297546 0.9278887421711994 59
1633543333068 0.935328522057955 60
1633543366375 0.935888241248469 61
1633543400014 0.9300725327521933 62
1633543437901 0.9366686975465454 63
1633543471671 0.9358306245118384 64
1633543505377 0.9328075099772369 65
1633543539018 0.9284592261614371 66
1633543574742 0.9260619613282141 67
1633543607859 0.9388422954059934 68
1633543641154 0.9343037424425038 69
1633543674722 0.934554083059707 70
1633543708644 0.9341930399412188 71
1633543741918 0.9340046669017225 72
1633543775441 0.9324125877351646 73
1633543808854 0.9257038776044365 74
1633543842170 0.9356845990589815 75
1633543875329 0.9261197998912266 76
1633543909018 0.9313419608249189 77
1633543961620 0.9238704388861003 78
1633543994170 0.9298455278480057 79
1633544029777 0.9250788394345316 80
1633544062669 0.9106662945021605 81
1633544096131 0.9309339565804283 82
1633544129709 0.9320230363541402 83
1633544163264 0.9260132192708905 84
1633544199154 0.9241838758118861 85
1633544232768 0.9281553066762084 86
1633544268703 0.929985833642485 87
1633544304182 0.9299915047599674 88
1633544337801 0.9336553354504246 89
1633544371183 0.9316447495358228 90
1633544404512 0.9346700225025125 91
1633544438121 0.9266030313628217 92
1633544471473 0.9266494831569688 93
1633544505212 0.9341413759791929 94
1633544538816 0.9338646340750656 95
1633544572337 0.9323240638962346 96
1633544605738 0.9262896981894239 97
1633544641622 0.9284285972404682 98
1633544675082 0.9295370195271481 99
1633544711396 0.9298464513705087 100
1633544744432 0.9285887017592228 101
1633544778054 0.9221161031834143 102
1633544811698 0.9233735810504715 103
1633544845155 0.9313649654373044 104
1633544878751 0.9222283343276823 105
1633544914728 0.9236650063436597 106
1633544948362 0.9237099351798933 107
1633544982082 0.9288520998071315 108
1633545015605 0.928780488450376 109
1633545062657 0.9283253109528996 110
1633545095826 0.9310391863781416 111
1633545131667 0.9241844693576159 112
1633545166367 0.9224707972427556 113
1633545201646 0.92086745838715 114
1633545236285 0.9206693647700366 115
1633545270711 0.9204634653437974 116
1633545306757 0.9304179450693593 117
1633545342604 0.9248213150256195 118
1633545377872 0.9205704294764627 119
1633545415506 0.9315524899801277 120
1633545450643 0.9245700865180897 121
1633545485221 0.9217724558298337 122
1633545519538 0.9276841703613122 123
1633545553994 0.9241917969685051 124
1633545588103 0.9196572845241977 125
1633545623546 0.9257794607217127 126
1633545658508 0.9264579195733436 127
1633545697072 0.9236894079831406 128
1633545730714 0.9245771237444415 129
1633545777043 0.9189426805922818 130
1633545810913 0.9247634898276981 131
1633545845679 0.923593611265952 132
1633545879192 0.9294626719777118 133
1633545913120 0.9292330795911056 134
1633545948724 0.9277605733925592 135
1633545983261 0.9244039307804557 136
1633546018816 0.9228403794533633 137
1633546053894 0.9180554352516732 138
1633546088397 0.9264800785326738 139
1633546125283 0.9213674606029318 140
1633546158841 0.9215026887237011 141
1633546192297 0.928161877889719 142
1633546225725 0.9246511743299666 143
1633546261424 0.919218643610857 144
1633546295703 0.9218565981437744 145
1633546330577 0.9265186036549764 146
1633546364880 0.9318305041227497 147
1633546400912 0.9290639023287045 148
1633546434940 0.9298769961095499 149
1633546469517 0.920945483300985 150
1633546503520 0.923931913288281 151
1633546538158 0.935630217173622 152
1633546572461 0.9240638653649828 153
1633546606529 0.9344393188074301 154
1633546640583 0.9331631436978203 155
1633546674778 0.9250178422326629 156
1633546708709 0.9257318642772174 157
1633546742726 0.9269992461199287 158
1633546776987 0.9255407697829819 159
1633546814064 0.9273905605643105 160
1633546848288 0.9277251418560581 161
1633546882234 0.9239953298064507 162
1633546916397 0.9225811068507518 163
1633546950827 0.9259590538435061 164
1633546985610 0.9255372334499103 165
1633547019102 0.9252438658502118 166
1633547053711 0.9298600322746443 167
1633547088165 0.9243434040828742 168
1633547122221 0.9299785109212838 169
1633547156418 0.9261255121617468 170
1633547190755 0.9335986699891717 171
1633547225427 0.9278057758661602 172
1633547259340 0.92871257922411 173
1633547293955 0.9256181750485747 174
1633547327917 0.9308056500865822 175
1633547362045 0.9279096604100909 176
1633547395681 0.9234589167893775 177
1633547429803 0.9229632756112912 178
1633547464012 0.9301699905025099 179
1633547502001 0.9257363368413107 180
1633547536583 0.9235790832788378 181
1633547571458 0.938152435068499 182
1633547606102 0.9296683929126379 183
1633547641010 0.9289044813239368 184
1633547675140 0.9214899387620936 185
1633547709636 0.9244173405770717 186
1633547744031 0.9286270321184439 187
1633547778137 0.9256867472714564 188
1633547812557 0.9198640938970409 189
1633547846854 0.9267908573406983 190
1633547881476 0.9238075710909223 191
1633547916108 0.9240628853461871 192
1633547950608 0.9253185146150255 193
1633547985096 0.9237522818860724 194
1633548020556 0.9314279089260977 195
1633548054498 0.9316523990484581 196
1633548088517 0.9229011693089767 197
1633548122686 0.9235954899958599 198
1633548161588 0.9281554460033774 199
1633548198325 0.924269798102555 200
1633548232467 0.9280860572048265 201
1633548266758 0.9276109861419807 202
1633548300806 0.9265809539595037 203
1633548334967 0.9209255013010856 204
1633548369321 0.9212545716990858 205
1633548403613 0.9206955873409531 206
1633548437637 0.9252967786920863 207
1633548471322 0.9323754008128471 208
1633548505178 0.919452135185791 209
1633548539505 0.9211563052081067 210
1633548573538 0.9265407392322896 211
1633548607533 0.9223621428168873 212
1633548641382 0.9201499421472447 213
1633548675563 0.9270934473880549 214
1633548709608 0.9275292439994663 215
