1633541337804 0.7154281737976962 1
1633541371153 0.7918250689633175 2
1633541439528 0.8137545865649 4
1633541541656 0.8539195637559234 7
1633541577332 0.8734623688378909 8
1633541646776 0.8835027900022248 10
1633541682373 0.8857313052467448 11
1633541784085 0.9006355910301258 14
1633541850924 0.9358170220772762 16
1633541950413 0.9329467776938001 19
1633542019576 0.9609473872399175 21
1633542247206 0.9580970458250521 28
1633542479048 0.9571920326326845 35
1633542579628 0.9633363506846492 38
1633542683393 0.9675336425542078 41
1633542722169 0.9738974829806936 42
1633542925374 0.9662862278944305 48
1633542994341 0.9688245234859407 50
1633543131120 0.9692224573692461 54
1633543540298 0.9711069911882476 66
1633544164603 0.9757158073483326 84
1633544234164 0.9761972203221257 86
1633544270012 0.9742967083897451 87
1633544607096 0.975643579739895 97
1633544880153 0.9795609449764872 105
1633545016963 0.9789782944061343 109
1633545097169 0.9792539666452731 111
1633545732120 0.9786320135955646 129
1633546366202 0.9778123034291484 147
