1633541337359 0.7154281737976962 1
1633541370235 0.7918250689633175 2
1633541405205 0.6663629418570967 3
1633541438577 0.8137545865649 4
1633541474116 0.798477898311565 5
1633541507495 0.7368090549646933 6
1633541540654 0.8539195637559234 7
1633541576330 0.8734623688378909 8
1633541612277 0.8495624662797423 9
1633541645923 0.8835027900022248 10
1633541681415 0.8857313052467448 11
1633541716588 0.8303290706094246 12
1633541749769 0.8730869894900236 13
1633541783109 0.9006355910301258 14
1633541817224 0.8928910774975779 15
1633541849975 0.9358170220772762 16
1633541883916 0.9190111819881591 17
1633541916779 0.915551660341961 18
1633541949459 0.9329467776938001 19
1633541986135 0.9291339293174342 20
1633542018627 0.9609473872399175 21
1633542052314 0.9510241146002867 22
1633542084625 0.9438379133013828 23
1633542116812 0.9567216078359927 24
1633542149283 0.9296337429207245 25
1633542181669 0.9394166892627847 26
1633542213931 0.9588085504658164 27
1633542246206 0.9580970458250521 28
1633542280113 0.9566994779152923 29
1633542312434 0.9472883899895675 30
1633542344955 0.9568208180190576 31
1633542377930 0.9404967841168546 32
1633542411904 0.9585491361560893 33
1633542444868 0.9680932417119819 34
1633542477981 0.9571920326326845 35
1633542512485 0.9657055730811422 36
1633542545807 0.9594010734353509 37
1633542578664 0.9633363506846492 38
1633542613239 0.9595512184744769 39
1633542649124 0.954293243351268 40
1633542682414 0.9675336425542078 41
1633542721149 0.9738974829806936 42
1633542756026 0.9664558484443854 43
1633542789151 0.9502362380306244 44
1633542823521 0.9544485852510726 45
1633542856936 0.9624845588215308 46
1633542890209 0.952966654557446 47
1633542924312 0.9662862278944305 48
1633542960127 0.9531833413319494 49
1633542993200 0.9688245234859407 50
1633543028254 0.9657558375127662 51
1633543061607 0.958016879617503 52
1633543095639 0.9584890964764402 53
1633543129952 0.9692224573692461 54
1633543165426 0.9554812623536545 55
1633543198778 0.961188506302272 56
1633543232042 0.9662250035620145 57
1633543264867 0.9599048600954957 58
1633543297544 0.9581525550410124 59
1633543333066 0.9696000806829079 60
1633543366373 0.9566224323745475 61
1633543400012 0.9739299887706602 62
1633543437899 0.9613021525518995 63
1633543471669 0.9707382485915161 64
1633543505375 0.9673797955084535 65
1633543539016 0.9711069911882476 66
1633543574740 0.9761460801889218 67
1633543607857 0.9604165983863188 68
1633543641152 0.9714403682885253 69
1633543674720 0.9720678187636043 70
1633543708642 0.9678235011440905 71
1633543741916 0.9665596951206243 72
1633543775440 0.9703764795232847 73
1633543808852 0.9732049409535493 74
1633543842168 0.96644444460105 75
1633543875327 0.9615063588382156 76
1633543909016 0.9732034495599873 77
1633543961618 0.9735139947578412 78
1633543994168 0.9716583482690976 79
1633544029775 0.9681346464880263 80
1633544062667 0.9766865779975226 81
1633544096129 0.9773531307040582 82
1633544129707 0.9737293421953387 83
1633544163261 0.9757158073483326 84
1633544199152 0.9761220900338298 85
1633544232766 0.9761972203221257 86
1633544268701 0.9742967083897451 87
1633544304180 0.9748995412717381 88
1633544337799 0.9769938781648266 89
1633544371181 0.9704600633473849 90
1633544404510 0.97433757958062 91
1633544438118 0.9802041976182948 92
1633544471471 0.9752963607965572 93
1633544505210 0.9766021850045467 94
1633544538814 0.9770021525116904 95
1633544572335 0.9736521825218486 96
1633544605736 0.975643579739895 97
1633544641620 0.975605275505266 98
1633544675080 0.9749422846358194 99
1633544711394 0.9727465949140869 100
1633544744429 0.9686598160000103 101
1633544778052 0.9739248329111376 102
1633544811696 0.9802200525523199 103
1633544845153 0.9735398670278474 104
1633544878749 0.9795609449764872 105
1633544914726 0.9791951287230136 106
1633544948360 0.9781716192498997 107
1633544982080 0.9781838323308093 108
1633545015603 0.9789782944061343 109
1633545062655 0.9722382250552529 110
1633545095824 0.9792539666452731 111
1633545131665 0.9804874531075162 112
1633545166365 0.9771506536303481 113
1633545201644 0.9821392128832891 114
1633545236283 0.9829531607903056 115
1633545270709 0.9800968974786483 116
1633545306755 0.9760306809728655 117
1633545342602 0.9762163470651533 118
1633545377870 0.981748451157065 119
1633545415504 0.9764204262754117 120
1633545450641 0.9757215688414016 121
1633545485219 0.9810873205945144 122
1633545519536 0.9785408389949283 123
1633545553992 0.9752211876023731 124
1633545588101 0.9803394137424591 125
1633545623544 0.9763964596424792 126
1633545658506 0.981744119681497 127
1633545697070 0.9809548682123027 128
1633545730712 0.9786320135955646 129
1633545777041 0.9779938998474799 130
1633545810911 0.9734751707252268 131
1633545845677 0.9801948480430959 132
1633545879190 0.9745675502027827 133
1633545913117 0.9763721586279441 134
1633545948722 0.9762271698414073 135
1633545983259 0.9773169381160898 136
1633546018813 0.9843056417299663 137
1633546053892 0.9812843963304805 138
1633546088395 0.9785601296181952 139
1633546125280 0.9781594039934645 140
1633546158839 0.977402298785213 141
1633546192296 0.9756274195024082 142
1633546225723 0.9780349198668858 143
1633546261422 0.97533449098212 144
1633546295700 0.9820709422941853 145
1633546330575 0.9821010355838466 146
1633546364878 0.9778123034291484 147
1633546400910 0.9821308367939763 148
1633546434938 0.9764158681315609 149
1633546469515 0.9849275469870877 150
1633546503518 0.9751070202848843 151
1633546538155 0.9706635081461534 152
1633546572459 0.981294816352624 153
1633546606527 0.972783362689673 154
1633546640581 0.97252827058221 155
1633546674776 0.9792010143689973 156
1633546708707 0.9785643523889097 157
1633546742724 0.9795155341824785 158
1633546776985 0.9796404878881821 159
1633546814062 0.9788145078766288 160
1633546848286 0.976278780311475 161
1633546882232 0.9751638695400723 162
1633546916395 0.98049171666196 163
1633546950825 0.9824175386850273 164
1633546985608 0.976813778122552 165
1633547019100 0.9841312686342542 166
1633547053709 0.9749308278174533 167
1633547088163 0.9838893671831351 168
1633547122219 0.9796173481022546 169
1633547156416 0.9815495151317356 170
1633547190753 0.9806757382725966 171
1633547225425 0.9801116941835605 172
1633547259337 0.9711879368272945 173
1633547293953 0.9766136706497496 174
1633547327915 0.9771511975108984 175
1633547362043 0.975847015234644 176
1633547395679 0.9802336735953934 177
1633547429801 0.9819329814401766 178
1633547464010 0.977405020896985 179
1633547501999 0.9798816038938882 180
1633547536581 0.9818331086588408 181
1633547571456 0.9648463667108489 182
1633547606100 0.9721341152547338 183
1633547641008 0.9716299567976586 184
1633547675138 0.9803825008156288 185
1633547709634 0.9794939408361673 186
1633547744029 0.9781447566908457 187
1633547778135 0.973834260841401 188
1633547812555 0.9791921420388408 189
1633547846852 0.9791625316186761 190
1633547881474 0.9806196662944302 191
1633547916106 0.9767725192171219 192
1633547950606 0.9794602601249376 193
1633547985094 0.9823322745764661 194
1633548020553 0.9738788070111711 195
1633548054496 0.979188515020955 196
1633548088515 0.9816941727848398 197
1633548122684 0.9787616728090838 198
1633548161586 0.9789974452151023 199
1633548198323 0.9761304842307998 200
1633548232465 0.9818364820713212 201
1633548266756 0.9773338232968938 202
1633548300804 0.9790993567188518 203
1633548334965 0.9827707017648021 204
1633548369319 0.9794656930542451 205
1633548403611 0.9817831567220159 206
1633548437635 0.9790315355279277 207
1633548471320 0.9741735627013707 208
1633548505176 0.9824771736123754 209
1633548539503 0.9762488570000353 210
1633548573536 0.9810273401678149 211
1633548607531 0.9827792895691491 212
1633548641380 0.9792192707595898 213
1633548675561 0.9781335926630751 214
1633548709606 0.9783357196321629 215
