1633541333947 0.6660178743875944 0
1633541366847 0.6034834247369033 0
1633541401807 0.585312087719257 0
1633541435181 0.5756441313486833 0
1633541470606 0.5650683723963223 0
1633541504053 0.5562975347042084 0
1633541537214 0.5475851205679086 0
1633541572635 0.5392070036668044 0
1633541608687 0.5334568459254044 0
1633541642388 0.5296068650025588 0
1633541677872 0.5227899638506083 0
1633541713127 0.5152702258183406 0
1633541746374 0.5098772530372326 0
1633541779615 0.5032498529324165 0
1633541813874 0.4982912036088797 0
1633541846608 0.49129924682470466 0
1633541880564 0.48733353752356307 0
1633541913378 0.4824248391848344 0
1633541946114 0.474956286412019 0
1633541980023 0.4711694451478811 0
1633542015148 0.46604632506003746 0
1633542048895 0.4625701881372012 0
1633542081229 0.4564146326138423 0
1633542113335 0.45194846804325395 0
1633542145872 0.4435636332401863 0
1633542178247 0.4422353125535525 0
1633542210496 0.43613277765420766 0
1633542242761 0.4301382449957041 0
1633542276691 0.4248679385735438 0
1633542309034 0.4195993872789236 0
1633542341513 0.41357494455117444 0
1633542374376 0.4109477162361145 0
1633542408268 0.40486410076801593 0
1633542441422 0.39862354076825657 0
1633542474472 0.3978997106735523 0
1633542509004 0.39236692648667554 0
1633542542280 0.3846620376293476 0
1633542575217 0.3812784227041098 0
1633542609658 0.3746569019097548 0
1633542643071 0.37267002646739666 0
1633542678856 0.3689579312617962 0
1633542717575 0.36619566266353315 0
1633542752558 0.3598090382722708 0
1633542785446 0.3593415821974094 0
1633542819908 0.35400522282490365 0
1633542853430 0.345960422204091 0
1633542886731 0.3427154683149778 0
1633542920690 0.3379999605508951 0
1633542956582 0.33335044842499956 0
1633542989625 0.33031323414582475 0
1633543024738 0.32480335281445427 0
1633543057947 0.3197523664969664 0
1633543091960 0.3174735005085285 0
1633543126250 0.31381319532027613 0
1633543161774 0.3070148552839573 0
1633543195270 0.30626582021896653 0
1633543228547 0.3018737038740745 0
1633543261359 0.29482348538362063 0
1633543293973 0.2942436234309123 0
1633543326795 0.290686506491441 0
1633543362801 0.28695148114974683 0
1633543396404 0.28636136467640216 0
1633543434338 0.28074083030223845 0
1633543468105 0.27592028998411616 0
1633543501536 0.27524780424741596 0
1633543535476 0.26801397846295283 0
1633543571179 0.26314152754270115 0
1633543604314 0.25972690673974846 0
1633543637634 0.26710064709186554 0
1633543671188 0.25684827176424174 0
1633543705089 0.25081332394709954 0
1633543738395 0.24982444987847255 0
1633543771855 0.243617071555211 0
1633543805291 0.2404744531099613 0
1633543838606 0.2349747006709759 0
1633543871762 0.2347362110247979 0
1633543905400 0.23147830825585586 0
1633543958063 0.2273667227763396 0
1633543990609 0.2255001370723431 0
1633544023532 0.22053523178283985 0
1633544059056 0.2191542224242137 0
1633544092510 0.21557586789131164 0
1633544126050 0.211285089300229 0
1633544159640 0.20848601838717093 0
1633544195552 0.20397061109542847 0
1633544229152 0.20116210854970493 0
1633544265100 0.19965617427459129 0
1633544300572 0.1946860038317167 0
1633544334183 0.18908181901161486 0
1633544367594 0.18509042583979093 0
1633544400856 0.1852386760023924 0
1633544434518 0.18362947713870267 0
1633544467851 0.17860732456812492 0
1633544501596 0.18086474847335082 0
1633544535212 0.17855826146327533 0
1633544568752 0.1743967184653649 0
1633544602105 0.17096431771150003 0
1633544638030 0.1640377198274319 0
1633544671452 0.1623805914933865 0
1633544705095 0.1662243759402862 0
1633544740804 0.16473614802727332 0
1633544774365 0.15866155555615058 0
1633544808034 0.15723752345030123 0
1633544841454 0.1516305869588485 0
1633544875078 0.15025578542397572 0
1633544911041 0.1500999418588785 0
1633544944691 0.14569775278751668 0
1633544978421 0.1455444479217896 0
1633545011962 0.14086801833831347 0
1633545058982 0.1398995966865466 0
1633545092139 0.13895195436019164 0
1633545128023 0.13516633395965283 0
1633545162495 0.13746143602407895 0
1633545197783 0.13343459367752075 0
1633545232479 0.13207280784845352 0
1633545266960 0.13389626271449603 0
1633545302854 0.13112907191881767 0
1633545338761 0.13301134040722482 0
1633545374036 0.13499055871596702 0
1633545409002 0.1262776770270788 0
1633545446575 0.12480086500828083 0
1633545481280 0.12265547697360699 0
1633545515590 0.1179505854845047 0
1633545550063 0.1165400416805194 0
1633545584091 0.11602779661233609 0
1633545619549 0.11229568135279876 0
1633545654527 0.11514778641554026 0
1633545693167 0.10885253239136476 0
1633545726815 0.11104517590541106 0
1633545773228 0.11045302095321509 0
1633545807181 0.11074114499183801 0
1633545841824 0.10638766151208144 0
1633545875356 0.10460456328896375 0
1633545909227 0.10560844196723057 0
1633545944782 0.10413116984642469 0
1633545979425 0.10557205287309793 0
1633546014695 0.10706542076972815 0
1633546049980 0.1027353143462768 0
1633546084484 0.10546539918734477 0
1633546118852 0.10054461331321643 0
1633546155059 0.0973034979059146 0
1633546188502 0.0975348364848357 0
1633546221913 0.09449919685721397 0
1633546257515 0.09867955216994652 0
1633546291690 0.10026673204623736 0
1633546326691 0.10027683067780274 0
1633546360931 0.09626844576918162 0
1633546397084 0.09526379125622603 0
1633546430859 0.09272719082924036 0
1633546465665 0.0986400289604297 0
1633546499614 0.10231698109553411 0
1633546534208 0.09644500819536356 0
1633546568459 0.09620385118401968 0
1633546602598 0.09406489947667489 0
1633546636766 0.0907534503019773 0
1633546670826 0.08809955412378678 0
1633546704868 0.08810997399000021 0
1633546738860 0.09036020206717345 0
1633546773182 0.08973648020854363 0
1633546807360 0.08283470874795547 0
1633546844433 0.0897500536762751 0
1633546878393 0.08493347752552766 0
1633546912525 0.08270752739447813 0
1633546946966 0.08446667108398218 0
1633546981533 0.0835635648897061 0
1633547015254 0.0834943569623507 0
1633547049730 0.08480504711086934 0
1633547084206 0.0834184722831616 0
1633547118320 0.08330694219240775 0
1633547152377 0.08427644486610707 0
1633547186794 0.08340470177622941 0
1633547221134 0.07956180417766938 0
1633547255419 0.08277699758227054 0
1633547289924 0.08488180241905725 0
1633547324077 0.07932808324694633 0
1633547358191 0.08115940816127337 0
1633547391792 0.0785694919526577 0
1633547425902 0.07863819432946352 0
1633547460077 0.07866900293872907 0
1633547495036 0.07747773241538268 0
1633547532605 0.07573170593151679 0
1633547567454 0.08590746963253389 0
1633547602114 0.07946820883796765 0
1633547636957 0.08046079432735076 0
1633547671143 0.07764463659662467 0
1633547705722 0.08017842804010097 0
1633547739995 0.07675305134974993 0
1633547774276 0.07554184846006907 0
1633547808628 0.07754129629868728 0
1633547842873 0.07617938633148487 0
1633547877444 0.07574326625237097 0
1633547912089 0.07230330625405679 0
1633547946644 0.0728177102139363 0
1633547981169 0.07274142245833691 0
1633548016461 0.07654270621446463 0
1633548050584 0.07417494465525333 0
1633548084644 0.0753022941832359 0
1633548118734 0.07558176328356449 0
1633548157712 0.07753921351753748 0
1633548191688 0.07325485784273882 0
1633548228532 0.07492199385395416 0
1633548262687 0.07520410619102992 0
1633548296871 0.07773774059919211 0
1633548330757 0.07980233356356621 0
1633548365384 0.08353983324307662 0
1633548399666 0.07541521890805318 0
1633548433695 0.07235319620141616 0
1633548467369 0.07935522743142569 0
1633548501208 0.0750186345898188 0
1633548535455 0.08218775678139467 0
1633548569563 0.07755870452293982 0
1633548603582 0.07392626576698744 0
1633548637440 0.0729102411522315 0
1633548671609 0.0715745050746661 0
1633548705669 0.06793216335085722 0
