1634387547347 0.8423129769258721 1
1634387588508 0.931787961028343 2
1634387629986 0.9368127157521803 3
1634387671377 0.9408225835755814 4
1634387711716 0.9493550145348837 5
1634387752437 0.9500786359920058 6
1634387792990 0.9504916878633721 7
1634387833671 0.953406613372093 8
1634387874480 0.9565142964207849 9
1634387915047 0.9567524754723837 10
1634387955330 0.955984000272529 11
1634387995998 0.9496019940043605 12
1634388036626 0.9592234057049419 13
1634388076950 0.9570871752361919 14
1634388117270 0.9607949900072674 15
1634388157940 0.9581003588299418 16
1634388197888 0.9591436341751454 17
1634388238914 0.9531951194585756 18
1634388279505 0.9554724404978198 19
1634388322070 0.9563828579215117 20
1634388362548 0.9619606195494186 21
1634388403794 0.9596089207848837 22
1634388444039 0.9617880178052326 23
1634388483968 0.9610033611918605 24
1634388524066 0.9606269304142442 25
1634388563815 0.9603563885356105 26
1634388603825 0.9603464525799419 27
1634388643472 0.9608145780341569 28
1634388683196 0.9605605014534884 29
1634388722889 0.9618447946947675 30
1634388763252 0.9624344226925872 31
1634388802814 0.9612642509992733 32
1634388842709 0.9570309661155523 33
1634388882370 0.9630839503088663 34
1634388922357 0.9636661973110465 35
1634388962514 0.961647211119186 36
1634389002172 0.9634379542151162 37
1634389042250 0.9634822401889535 38
1634389081814 0.9643736373546512 39
1634389124427 0.9639832962390988 40
1634389164338 0.9644176394440407 41
1634389204510 0.9639384424963663 42
1634389244591 0.9626882153888081 43
1634389284578 0.964501101471657 44
1634389324466 0.9637874159702035 45
1634389365033 0.9651247956031976 46
1634389405176 0.9627659997274709 47
1634389444970 0.9644153683684593 48
1634389484857 0.9640673260356105 49
1634389525033 0.9634825240734012 50
1634389564650 0.9613619072492733 51
1634389604762 0.9636380927507268 52
1634389644533 0.9624046148255814 53
1634389684668 0.9657016488008721 54
1634389724906 0.9633774868277616 55
1634389764796 0.9661839684774709 56
1634389805178 0.9652942746184593 57
1634389845285 0.9645964866460756 58
1634389885291 0.9646958462027616 59
1634389927158 0.9650634765625 60
1634389967431 0.9645695176235465 61
1634390007573 0.9655494867369186 62
1634390047954 0.9654010151707849 63
1634390087985 0.9643373001453488 64
1634390127857 0.9652159225109012 65
1634390168134 0.9623793491097383 66
1634390208142 0.9643162926962209 67
1634390248099 0.9668474064316861 68
1634390288853 0.9634538517441861 69
1634390329186 0.9669030477834303 70
1634390369016 0.9589304369549418 71
1634390409274 0.9655389830123546 72
1634390449318 0.9658117959665697 73
1634390489457 0.9649039335029069 74
1634390529731 0.9648440338844477 75
1634390569615 0.9667818291242732 76
1634390610194 0.9675244708393895 77
1634390650426 0.9647057821584303 78
1634390690535 0.9647239507630814 79
1634390732944 0.967124761537064 80
1634390773021 0.9638189271438954 81
1634390813329 0.9673737281976744 82
1634390853698 0.9675256063771802 83
1634390894107 0.9674875658611919 84
1634390934256 0.9668442837027617 85
1634390974447 0.9656306776889535 86
1634391014896 0.9662163313045058 87
1634391055007 0.9658980968386628 88
1634391095431 0.9661868073219477 89
1634391135890 0.967249386809593 90
1634391175804 0.9663230718568314 91
1634391215852 0.9663699127906977 92
1634391256150 0.9639634243277616 93
1634391296454 0.9664624591206395 94
1634391336655 0.9651727720748546 95
1634391376978 0.9660445812136628 96
1634391417367 0.9659733262172965 97
1634391457498 0.9653374250545058 98
1634391497794 0.967445550962936 99
1634391540316 0.9671383879905523 100
1634391580771 0.9664723950763081 101
1634391621154 0.9658024277797965 102
1634391661303 0.9661862395530523 103
1634391701441 0.9675531431686046 104
1634391741756 0.9672757880632268 105
1634391781944 0.9672499545784884 106
1634391822238 0.9674432798873547 107
1634391862658 0.9660366324491279 108
1634391903058 0.9678273755450582 109
1634391943390 0.9682287881540698 110
1634391983904 0.9658262740734012 111
1634392024315 0.9658254224200581 112
1634392064684 0.9677257449127907 113
1634392104737 0.9656579305959302 114
1634392145081 0.9638677552688953 115
1634392185201 0.9669229196947674 116
1634392225665 0.9673629405886628 117
1634392266109 0.9658311001090116 118
1634392306444 0.9672950922056686 119
1634392348945 0.9636119753815408 120
1634392389214 0.9656000181686046 121
1634392429817 0.9665053256722383 122
1634392470025 0.9675815316133721 123
1634392510548 0.9676505155341569 124
1634392551158 0.9655750363372093 125
1634392591802 0.9660366324491279 126
1634392632313 0.9685507131177326 127
1634392672642 0.9657933434774709 128
1634392713315 0.9672068041424419 129
1634392753629 0.9667418014171512 130
1634392794074 0.9682077807049418 131
1634392834322 0.964927495912064 132
1634392874810 0.9668122047601744 133
1634392915174 0.9680993368459302 134
1634392955746 0.9649990347928779 135
1634392996129 0.9649104628452035 136
1634393036587 0.9668442837027617 137
1634393077139 0.9673129769258721 138
1634393117484 0.9687959892805232 139
1634393160227 0.9669391011082848 140
1634393201048 0.9679897574491279 141
1634393241648 0.967649663880814 142
1634393282430 0.9683999704760174 143
1634393322979 0.9674146075581396 144
1634393363472 0.9679062954215116 145
1634393404301 0.9667727448219476 146
1634393444797 0.96575927734375 147
1634393485223 0.9659304596656977 148
1634393525686 0.9664828988008721 149
1634393566569 0.9673152480014535 150
1634393607341 0.9679775504178779 151
1634393647611 0.9672746525254361 152
1634393688045 0.9687829305959302 153
1634393728481 0.9664164698401163 154
1634393768890 0.9674674100654069 155
1634393809308 0.9684419853742733 156
1634393849917 0.9667119935501454 157
1634393890375 0.9667625249818314 158
1634393930843 0.9686108966206395 159
1634393973666 0.9658810637718023 160
1634394014330 0.9674336278161337 161
1634394054850 0.9680397211119186 162
1634394095601 0.9680757744367733 163
1634394136180 0.9692062023074128 164
1634394177916 0.9675823832667151 165
1634394218434 0.9674725199854651 166
1634394259237 0.9659713390261628 167
1634394299938 0.9685504292332849 168
1634394340823 0.968761355377907 169
1634394381229 0.9644536927688954 170
1634394421850 0.9688499273255814 171
1634394462341 0.9675125476925872 172
1634394502878 0.9663877975109012 173
1634394543459 0.9669098610101744 174
1634394584292 0.9673899096111919 175
1634394625042 0.9652431754178779 176
1634394665946 0.9682784679324128 177
1634394707561 0.9667088708212209 178
1634394748377 0.9685447515443314 179
1634394792151 0.964745242096657 180
1634394832995 0.9664871570675873 181
1634394874032 0.9652074059774709 182
1634394914791 0.9669902003088663 183
1634394955940 0.9675077216569767 184
1634394996992 0.96884765625 185
1634395038806 0.9681430550508721 186
1634395079758 0.9656462913335756 187
1634395120650 0.9685214730196221 188
1634395161465 0.9683888989825581 189
1634395202578 0.9686568859011628 190
1634395243352 0.96673583984375 191
1634395283936 0.9675690406976745 192
1634395324849 0.9670401639716569 193
1634395365443 0.9674676939498547 194
1634395406181 0.9672573355741279 195
1634395447158 0.9669941746911337 196
1634395487746 0.9686534792877907 197
1634395528660 0.9689910178960756 198
1634395569545 0.9656536723292151 199
1634395612746 0.966089718840843 200
1634395653881 0.9681294285973837 201
1634395694767 0.9681495843931686 202
1634395735763 0.9676806072856105 203
1634395776892 0.9669833870821221 204
1634395817781 0.9674058071402616 205
1634395858753 0.9682205555050872 206
1634395899700 0.9681433389353198 207
1634395940408 0.9686128838117732 208
1634395981430 0.9686137354651163 209
1634396022451 0.9698937704396803 210
1634396064265 0.9673249000726745 211
1634396105134 0.9688456690588663 212
1634396145905 0.9689674554869186 213
1634396187021 0.9688022347383721 214
1634396228082 0.9681061500726744 215
1634396268876 0.9654333779978198 216
1634396309814 0.9676025390625 217
1634396350886 0.9669708961664244 218
1634396391654 0.9679690338844477 219
1634396434931 0.968310546875 220
1634396475796 0.9674217046693314 221
1634396516891 0.9683846407158431 222
1634396558120 0.9684155841206395 223
1634396599027 0.9661808457485465 224
1634396640091 0.9668752271075581 225
1634396681341 0.9683551167332849 226
1634396722471 0.9686858421148256 227
1634396763479 0.9688235260719477 228
1634396804310 0.9682344658430233 229
1634396845100 0.969322878815407 230
1634396886135 0.9690032249273256 231
1634396926974 0.9689220339752908 232
1634396967945 0.9677947288335755 233
1634397009172 0.9681138149527616 234
1634397050322 0.9680263785428779 235
1634397091398 0.9690920807594476 236
1634397133621 0.9683616460755814 237
1634397174956 0.9683766919513082 238
1634397215793 0.9672473996184593 239
1634397259470 0.9691729878270349 240
1634397302138 0.9687153660973837 241
1634397343537 0.9686974813771803 242
1634397384482 0.9673371071039244 243
1634397425765 0.9678625772165698 244
1634397467054 0.9684147324672965 245
1634397508116 0.968665402434593 246
1634397549687 0.968921750090843 247
1634397590737 0.9687454578488373 248
1634397632260 0.9680845748546512 249
1634397673622 0.9674767782521803 250
1634397714538 0.9685932957848837 251
1634397755689 0.9678324854651162 252
1634397796630 0.9678639966388082 253
1634397837757 0.9684201262718023 254
1634397878650 0.9695309661155523 255
1634397919698 0.9682492278343023 256
1634397961050 0.9691235919331396 257
1634398002070 0.9687863372093023 258
1634398043044 0.9685728561046512 259
1634398086729 0.9683979832848837 260
1634398128117 0.96666259765625 261
1634398169202 0.9684363076853197 262
1634398210648 0.9677779796511627 263
1634398251994 0.9684084870094477 264
1634398293373 0.9683826535247093 265
1634398334438 0.9692036473473837 266
1634398376070 0.9692632630813953 267
1634398417296 0.9677901866824128 268
1634398458655 0.9681189248728198 269
1634398500268 0.9682327625363372 270
1634398541470 0.9689663199491279 271
1634398583010 0.9682622865188953 272
1634398624551 0.9676823105922965 273
1634398665597 0.9688760446947674 274
1634398706872 0.9674679778343023 275
1634398748100 0.9685748432957849 276
1634398789402 0.9665399595748546 277
1634398830925 0.9673862191133721 278
1634398872248 0.9683829374091569 279
1634398916119 0.9687062817950581 280
1634398957904 0.9679917446402616 281
1634398999329 0.9685918763626453 282
1634399040818 0.9687948537427326 283
1634399082581 0.9684641283611919 284
1634399124219 0.9687664652979651 285
1634399165739 0.9687136627906977 286
1634399207310 0.9677933094113372 287
1634399248653 0.9688456690588663 288
1634399290356 0.9682611509811047 289
1634399331800 0.9689609261446221 290
1634399373566 0.9685024527616279 291
1634399414872 0.9683434774709302 292
1634399456564 0.9680314884629361 293
1634399498141 0.9680766260901162 294
1634399539556 0.9688025186228197 295
1634399581185 0.969213015534157 296
1634399622770 0.9689387831577035 297
1634399664090 0.9687429028888082 298
1634399705793 0.9683573878088663 299
1634399749444 0.969178949400436 300
1634399791172 0.9684510696765989 301
1634399833143 0.9693149300508721 302
1634399874825 0.9682248137718024 303
1634399916478 0.9685078465661338 304
1634399958209 0.9688675281613373 305
1634399999974 0.9676065134447674 306
1634400041915 0.9678253883539244 307
1634400083688 0.9680729355922965 308
1634400125514 0.9686991846838663 309
1634400167510 0.9693066974018896 310
1634400209106 0.9696118731831396 311
1634400250969 0.9671906227289244 312
1634400292754 0.9684593023255814 313
1634400334754 0.968894781068314 314
1634400376546 0.9685802371002907 315
1634400418281 0.9679891896802325 316
1634400460195 0.968297488190407 317
1634400503649 0.9696269190588663 318
1634400545490 0.9690844158793605 319
1634400589362 0.9694827057594477 320
1634400631252 0.9695610578670059 321
1634400674986 0.969406624727471 322
1634400716909 0.9684346043786337 323
1634400758939 0.9687920148982558 324
1634400800723 0.9687877566315407 325
1634400842670 0.9689387831577035 326
1634400884587 0.9681368095930233 327
1634400926554 0.9688374364098837 328
1634400968546 0.9687429028888082 329
1634401010192 0.9685444676598837 330
1634401051828 0.9685595135356104 331
1634401093640 0.9685558230377908 332
1634401135615 0.9684113258539244 333
1634401177785 0.968833745912064 334
1634401219915 0.9687573809956396 335
1634401261873 0.9682409951853198 336
1634401303557 0.9678262400072675 337
1634401345573 0.9692056345385175 338
1634401387640 0.9680953624636628 339
1634401431526 0.9684678188590117 340
1634401473655 0.9688669603924419 341
1634401515967 0.9690350199854652 342
1634401557622 0.968002816133721 343
1634401599658 0.9686602925145349 344
1634401641442 0.9688425463299418 345
1634401683502 0.9686077738917152 346
1634401725455 0.9684192746184593 347
1634401767478 0.9690676666969477 348
1634401809849 0.9685086982194767 349
1634401851592 0.9681211959484012 350
1634401893555 0.9680740711300873 351
1634401935564 0.9693359375 352
1634401977473 0.9701220135356105 353
1634402019447 0.969386468931686 354
1634402061680 0.9697356468023256 355
1634402103876 0.9680351789607559 356
1634402145990 0.9691261468931686 357
1634402187849 0.9694154251453488 358
1634402229974 0.9688465207122093 359
1634402274196 0.9679040243459303 360
1634402316245 0.9688777480014535 361
1634402358300 0.9687233148619186 362
1634402400162 0.9685808048691861 363
1634402442150 0.9688292037609012 364
1634402484165 0.9698733307594477 365
1634402526074 0.9693356536155523 366
1634402568191 0.9697262786155523 367
1634402611832 0.9692394167877907 368
1634402653697 0.9690398460210756 369
1634402695551 0.9682018191315407 370
1634402739611 0.9688150095385174 371
1634402781866 0.968468386627907 372
1634402824083 0.969335085846657 373
1634402868033 0.969410031340843 374
1634402910301 0.9684666833212209 375
1634402952430 0.968165765806686 376
1634402994633 0.9694528978924418 377
1634403036542 0.9689438930777616 378
1634403078606 0.9688249454941861 379
1634403122657 0.9695610578670059 380
1634403166698 0.969106558866279 381
1634403208976 0.9690389943677326 382
1634403251288 0.9693569449491279 383
1634403293385 0.9695624772892442 384
1634403335707 0.9692930709484011 385
1634403378118 0.9694634016170058 386
1634403420345 0.9693844817405524 387
1634403463084 0.969508539244186 388
1634403505637 0.9692002407340117 389
1634403552022 0.9695956917696221 390
1634403595978 0.9691502770712209 391
1634403638032 0.9684357399164244 392
1634403680429 0.9699619027071221 393
1634403722551 0.9697393373001454 394
1634403764808 0.9682781840479651 395
1634403807073 0.9693038585574127 396
1634403849429 0.9702878020530523 397
1634403891452 0.970335210755814 398
1634403935905 0.9699201716933139 399
1634403980584 0.9697066905886628 400
1634404023102 0.969444097474564 401
1634404065258 0.9680374500363372 402
1634404107626 0.9690622728924418 403
1634404150172 0.9692172738008721 404
1634404192514 0.9693231626998546 405
1634404234802 0.9692706440770349 406
1634404276941 0.9697887331940407 407
1634404319418 0.9689578034156977 408
1634404361871 0.9694052053052326 409
1634404404401 0.9690886741460756 410
1634404446969 0.9691877498183139 411
1634404489440 0.9694792991460756 412
1634404532101 0.9702721884084302 413
1634404574634 0.9701433048691861 414
1634404617162 0.9700919217841569 415
1634404659790 0.9698492005813953 416
1634404701956 0.9695409020712209 417
1634404744600 0.96981201171875 418
1634404786981 0.9703721157340116 419
1634404831686 0.9698951898619186 420
1634404873990 0.9697870298873547 421
1634404916782 0.9696098859920058 422
1634404959280 0.9695829169694767 423
1634405002038 0.9690645439680232 424
1634405044325 0.9697958303052325 425
1634405086930 0.9687085528706395 426
1634405129489 0.9695462958757267 427
1634405172121 0.9693603515625 428
1634405214804 0.9695011582485465 429
1634405257420 0.9687244503997093 430
1634405300191 0.9688292037609012 431
1634405342880 0.9693166333575581 432
1634405385399 0.9690086187318314 433
1634405427918 0.9704169694767442 434
1634405470477 0.9692882449127908 435
1634405512657 0.9698494844658431 436
1634405555354 0.9706295989280523 437
1634405597878 0.9699431663335756 438
1634405640103 0.9703496888626454 439
1634405684954 0.9703232876090117 440
1634405727517 0.9701387627180232 441
1634405770053 0.9691712845203488 442
1634405812818 0.9698909315952035 443
1634405855276 0.9700482035792151 444
1634405897505 0.9698477811591569 445
1634405940157 0.969861691497093 446
1634405982590 0.9699644576671511 447
1634406025323 0.9699633221293604 448
1634406068034 0.9703471339026163 449
1634406110639 0.9700893668241279 450
1634406157992 0.9699806390806686 451
1634406200690 0.9701052643531977 452
1634406243347 0.9708308730014535 453
1634406286064 0.9696885219840117 454
1634406328714 0.9699843295784883 455
1634406371546 0.9693152139353197 456
1634406414209 0.9702667946039244 457
1634406456931 0.9702787177507267 458
1634406499392 0.9699766646984012 459
1634406544245 0.9703953942587209 460
1634406587040 0.9700746048328488 461
1634406629899 0.9699355014534884 462
1634406672717 0.9701626090116279 463
1634406715946 0.969850336119186 464
1634406758987 0.9700101630632267 465
1634406802581 0.9692164221475291 466
1634406845850 0.9694636855014535 467
1634406888491 0.9703096611555233 468
1634406931380 0.9698690724927326 469
1634406974266 0.9706179596656976 470
1634407017240 0.9702094499454942 471
1634407060033 0.9702843954396803 472
1634407103116 0.9706423737281977 473
1634407145884 0.9704047624454942 474
1634407188726 0.9704263376635175 475
1634407231665 0.9705027025799419 476
1634407274557 0.9699550894803779 477
1634407317262 0.9700774436773256 478
1634407360154 0.9699582122093023 479
1634407405475 0.9703235714934593 480
1634407448409 0.9703354946402616 481
1634407491195 0.969775390625 482
1634407534302 0.9705194517623547 483
1634407577322 0.9704334347747093 484
1634407622509 0.9694421102834302 485
1634407665353 0.9702761627906977 486
1634407710553 0.9703173260356105 487
1634407753797 0.9705390397892442 488
1634407797426 0.9703990847565407 489
1634407840926 0.9705115029978197 490
1634407884475 0.9707698378452035 491
1634407928061 0.9699235783066861 492
1634407971107 0.9706347088481104 493
1634408014111 0.9711354810138081 494
1634408056877 0.9691613485646803 495
1634408099801 0.9708010651344476 496
1634408147806 0.9705909906431686 497
1634408190462 0.9701245684956395 498
1634408233470 0.9697898687318314 499
1634408278163 0.9701245684956395 500
1634408321081 0.9703474177870639 501
1634408363936 0.970386593840843 502
1634408406996 0.9703232876090117 503
1634408450006 0.9698704919149709 504
1634408493219 0.9702821243640989 505
1634408536137 0.9701620412427325 506
1634408578901 0.9707752316497092 507
1634408622050 0.97069091796875 508
1634408665127 0.9696033566497093 509
1634408708312 0.9704873728197675 510
1634408751450 0.9695585029069768 511
1634408794425 0.970411007903343 512
1634408836922 0.9705782158430233 513
1634408879874 0.9706389671148256 514
1634408922660 0.9696025049963662 515
1634408965691 0.9699718386627907 516
1634409008362 0.9703914198764535 517
1634409051563 0.9701563635537791 518
1634409094289 0.969655875272529 519
1634409139586 0.9701027093931686 520
1634409182724 0.9701106581577035 521
1634409225638 0.9701171875 522
1634409268774 0.9700246411700582 523
1634409311613 0.9701694222383721 524
1634409354611 0.9697532476380814 525
1634409397599 0.9694514784702035 526
1634409440856 0.9700130019077035 527
1634409483834 0.9700342932412791 528
1634409526999 0.9702259152434592 529
1634409570236 0.9703505405159883 530
1634409613369 0.9698994481286337 531
1634409656398 0.9701529569404069 532
1634409699563 0.9698500522347384 533
1634409744356 0.9690245162609011 534
1634409787702 0.9696186864098837 535
1634409830670 0.9695468636446221 536
1634409873761 0.9700388353924418 537
1634409923934 0.9699457212936047 538
1634409966772 0.9707107898800872 539
1634410012034 0.9698690724927326 540
1634410055386 0.9708771461664244 541
1634410098390 0.9707513853561046 542
1634410141496 0.9691636196402617 543
1634410184925 0.9702003656431686 544
1634410227955 0.9700754564861919 545
1634410271361 0.9704998637354652 546
1634410316809 0.9696856831395348 547
1634410359929 0.9701342205668605 548
1634410403346 0.9694886673328489 549
1634410446604 0.970590706758721 550
1634410489866 0.970163460664971 551
1634410533266 0.9701132131177326 552
1634410576461 0.970473746366279 553
1634410619414 0.9706889307776163 554
1634410662745 0.9698591365370639 555
1634410705881 0.9698105922965117 556
1634410749122 0.9698858216751454 557
1634410792333 0.9698699241460755 558
1634410835515 0.9700115824854652 559
1634410881147 0.9704161178234012 560
1634410927580 0.9692081894985465 561
1634410970601 0.9699531022892441 562
1634411014302 0.9693268531976744 563
1634411057716 0.970118039153343 564
1634411100854 0.9695525413335756 565
1634411144347 0.9704115756722383 566
1634411187457 0.9700504746547965 567
1634411230754 0.9703454305959303 568
1634411274249 0.9701592023982558 569
1634411317669 0.9706083075944767 570
1634411361006 0.9697430277979651 571
1634411404329 0.9699241460755814 572
1634411447821 0.9692124477652616 573
1634411491248 0.9701617573582849 574
1634411534392 0.9698767373728198 575
1634411577429 0.9700533134992733 576
1634411620270 0.9696184025254361 577
1634411663597 0.9704504678415697 578
1634411706786 0.9698883766351745 579
1634411752170 0.9705597633539245 580
1634411798620 0.9697041356286337 581
1634411842620 0.9701259879178779 582
1634411886317 0.9701501180959302 583
1634411929890 0.9694276321765989 584
1634411973491 0.9704226471656977 585
1634412016983 0.969802359647529 586
1634412060371 0.9702489098837209 587
1634412108237 0.9703125 588
1634412151475 0.9696660951126453 589
1634412194786 0.9705628860828488 590
1634412238432 0.9698148505632267 591
1634412281807 0.9692203965297965 592
1634412325245 0.9698003724563954 593
1634412369105 0.970449332303779 594
1634412412611 0.9701370594113372 595
1634412456208 0.9705821902252907 596
1634412499921 0.9706344249636628 597
1634412543493 0.9707709733829942 598
1634412586936 0.9710659293241279 599
1634412632652 0.9707190225290697 600
1634412676602 0.9704178211300872 601
1634412719996 0.9709316519803779 602
1634412763830 0.9706304505813953 603
1634412807789 0.9698159861010175 604
1634412851702 0.9702122887899709 605
1634412895353 0.9701268395712209 606
1634412939158 0.9698892282885174 607
1634412982940 0.9701396143713663 608
1634413026405 0.9701881586119186 609
1634413069914 0.9698932026707849 610
1634413113358 0.9700399709302325 611
1634413156678 0.9701915652252907 612
1634413200200 0.9705464207848837 613
1634413243793 0.9700760242550872 614
1634413287428 0.9692433911700581 615
1634413330890 0.9703505405159883 616
1634413374517 0.9699073968931686 617
1634413418126 0.9699516828670058 618
1634413461546 0.9696743277616279 619
1634413507428 0.9702176825944767 620
1634413551123 0.970436273619186 621
1634413594910 0.9703505405159883 622
1634413638828 0.9705186001090116 623
1634413682425 0.969959347747093 624
1634413726478 0.9698795762172965 625
1634413770247 0.9704910633175872 626
1634413814362 0.9702704851017442 627
1634413858128 0.969922726653343 628
1634413902142 0.9704689203306686 629
1634413945777 0.9698051984920059 630
1634413989486 0.9708163948946221 631
1634414033159 0.9699919944585755 632
1634414076924 0.9708402411882268 633
1634414120878 0.9713773505632267 634
1634414165013 0.9707718250363372 635
1634414214441 0.9705242777979651 636
1634414258394 0.9709532271984012 637
1634414302639 0.9708964503088663 638
1634414346509 0.9713217092114825 639
1634414392692 0.970579351380814 640
1634414437653 0.9707011378088662 641
1634414482050 0.9705890034520349 642
1634414525825 0.9706506063771803 643
1634414569936 0.9714789811954941 644
1634414620761 0.9710051780523256 645
1634414664821 0.9705132063045058 646
1634414708790 0.9710829623909883 647
1634414752636 0.9704581327216569 648
1634414797131 0.9705694154251453 649
1634414840939 0.9702826921329942 650
1634414885050 0.9705063930777617 651
1634414928910 0.9709251226380814 652
1634414972924 0.9710880723110465 653
1634415016985 0.9708595453306686 654
1634415060899 0.9704314475835756 655
1634415104452 0.9699306754178779 656
1634415148137 0.9700499068859012 657
1634415192061 0.9704958893531976 658
1634415235712 0.9705921261809592 659
1634415282106 0.9708314407703489 660
1634415327031 0.9700002271075582 661
1634415371067 0.9708782817042151 662
1634415414868 0.9702060433321221 663
1634415458996 0.9697435955668605 664
1634415502860 0.9707874386809593 665
1634415547029 0.9706525935683139 666
1634415590872 0.9710778524709303 667
1634415634963 0.9706503224927325 668
1634415678956 0.9702472065770349 669
1634415722809 0.9700913540152616 670
1634415766765 0.9693878883539244 671
1634415810666 0.9704887922420058 672
1634415854932 0.969884402252907 673
1634415899134 0.9706520257994186 674
1634415943279 0.9707434365915698 675
1634415987094 0.9700615461482558 676
1634416031022 0.97032470703125 677
1634416075186 0.9701387627180232 678
1634416118947 0.9690074831940407 679
1634416165041 0.9688118868095931 680
1634416209658 0.9690608534702035 681
1634416253868 0.9700237895167151 682
1634416298226 0.9699789357739825 683
1634416342143 0.9693728424781977 684
1634416386299 0.9694318904433139 685
1634416430566 0.9696056277252907 686
1634416475068 0.9698710596838663 687
1634416519202 0.969411734647529 688
1634416563186 0.9703190293422965 689
1634416607378 0.9703687091206395 690
1634416651875 0.9703434434047965 691
1634416696194 0.970310796693314 692
1634416740309 0.9700496230014535 693
1634416784595 0.9706418059593023 694
1634416828589 0.9700924895530523 695
1634416872686 0.9706670716751453 696
1634416916906 0.9702426644258721 697
1634416961046 0.9698903638263081 698
1634417005417 0.9705157612645349 699
1634417052026 0.9703269781068314 700
1634417096976 0.9688343136809593 701
1634417141616 0.9706088753633721 702
1634417186086 0.9695806458938954 703
1634417230550 0.9701333689135174 704
1634417275090 0.9689191951308139 705
1634417319496 0.9697918559229651 706
1634417363551 0.9699488440225291 707
1634417408137 0.9690432526344477 708
1634417452424 0.9698509038880814 709
1634417496604 0.9703022801598837 710
1634417541064 0.9696621207303779 711
1634417585102 0.9698929187863372 712
1634417629670 0.9695139330486918 713
1634417674261 0.9699125068132267 714
1634417718621 0.9694421102834302 715
1634417763190 0.9701271234556686 716
1634417807881 0.9697447311046512 717
1634417852220 0.9699147778888081 718
1634417896419 0.9697699968204941 719
1634417942711 0.9696845476017442 720
1634417988140 0.9700609783793605 721
1634418032705 0.9701898619186047 722
1634418077370 0.9695193268531976 723
1634418121685 0.9696249318677326 724
1634418166061 0.9699272688045059 725
1634418210915 0.9691227402797965 726
1634418255454 0.9692865416061046 727
1634418299952 0.969983761809593 728
1634418344301 0.9702032044876453 729
1634418388658 0.9702843954396803 730
1634418433150 0.9700067564498547 731
1634418477620 0.969711800508721 732
1634418522377 0.9700587073037791 733
1634418566682 0.9700016465297965 734
1634418611272 0.9699184683866279 735
1634418655480 0.9701702738917151 736
1634418699766 0.9697975336119186 737
1634418744077 0.9690923646438954 738
1634418788690 0.9701847519985465 739
1634418835356 0.9694128701853197 740
1634418880170 0.969802359647529 741
1634418925230 0.9701705577761628 742
1634418970026 0.9703051190043605 743
1634419014682 0.9704638104106105 744
1634419059194 0.9705132063045058 745
1634419104216 0.9704785724018895 746
1634419148871 0.9700161246366279 747
1634419193415 0.9701606218204942 748
1634419238122 0.969556515715843 749
1634419282550 0.9698145666787791 750
1634419327133 0.9692195448764535 751
1634419371653 0.9699587799781977 752
1634419416230 0.9697211686954942 753
1634419460536 0.9696527525436046 754
1634419505315 0.9696519008902617 755
1634419550100 0.9695443086845931 756
1634419594416 0.9692442428234012 757
1634419638949 0.9701007222020349 758
1634419683728 0.9699863167696221 759
1634419730632 0.9696496298146803 760
1634419775825 0.9698003724563954 761
1634419820785 0.9699718386627907 762
1634419865885 0.9696939157885175 763
1634419911150 0.9692587209302326 764
1634419955947 0.9689433253088663 765
1634420000992 0.9692198287609012 766
1634420045880 0.9696848314861919 767
1634420091174 0.9696933480196221 768
1634420136182 0.9699286882267442 769
1634420181366 0.969825922056686 770
1634420226309 0.9696703533793605 771
1634420271130 0.9693728424781977 772
1634420316136 0.969505984284157 773
1634420360856 0.9694211028343023 774
1634420405896 0.9702997251998546 775
1634420450983 0.9698951898619186 776
1634420495839 0.9697870298873547 777
1634420540939 0.9688516306322674 778
1634420585960 0.9698426712390988 779
1634420632667 0.969520746275436 780
1634420678719 0.9691499931867733 781
1634420723846 0.9687423351199128 782
1634420768744 0.9697064067042152 783
1634420813766 0.96937255859375 784
1634420858677 0.9703570698582848 785
1634420903644 0.969812863372093 786
1634420948613 0.9702699173328488 787
1634420993725 0.9696056277252907 788
1634421038668 0.9691105332485465 789
1634421083414 0.9695488508357558 790
1634421128203 0.9696885219840117 791
1634421173123 0.969003792696221 792
1634421218209 0.9694137218386628 793
1634421262874 0.9690412654433139 794
1634421307902 0.9694347292877907 795
1634421353165 0.9699400436046511 796
1634421398053 0.9696763149527616 797
1634421442621 0.9694883834484012 798
1634421487316 0.9702386900436046 799
1634421534522 0.9704808434774709 800
1634421579881 0.9696783021438954 801
1634421625154 0.9701787904251453 802
1634421670023 0.9700135696765988 803
1634421715144 0.9694719181504361 804
1634421759970 0.969263546965843 805
1634421804569 0.967397574491279 806
1634421849833 0.9693577966024709 807
1634421894904 0.970802484556686 808
1634421939819 0.9704657976017442 809
1634421984428 0.9705390397892442 810
1634422029501 0.9697416083757268 811
1634422074363 0.9693336664244186 812
1634422119391 0.9704090207122092 813
1634422164180 0.9701322333757267 814
1634422209094 0.9698565815770349 815
1634422253970 0.9697677257449128 816
1634422298794 0.9692294808321221 817
1634422343729 0.9700024981831395 818
1634422388746 0.9699692837027616 819
1634422435870 0.9700027820675872 820
1634422481848 0.9700950445130814 821
1634422527206 0.9700765920239826 822
1634422572135 0.9703689930050872 823
1634422617154 0.9700592750726744 824
1634422662088 0.9695437409156977 825
1634422707067 0.9695968273074128 826
1634422752280 0.9699533861736919 827
1634422797368 0.969495480559593 828
1634422842491 0.9704095884811047 829
1634422887562 0.9705943972565407 830
1634422932927 0.9702009334120639 831
1634422978092 0.9696215252543605 832
1634423023347 0.9698139989098837 833
1634423068285 0.969493777252907 834
1634423113411 0.970104128815407 835
1634423158602 0.9704107240188954 836
1634423203636 0.9696269190588663 837
1634423248910 0.9701345044513081 838
1634423294201 0.9701492664425873 839
1634423341289 0.9696504814680232 840
1634423386608 0.9702764466751453 841
1634423431468 0.9698650981104651 842
1634423476682 0.9704558616460756 843
1634423521763 0.969886105559593 844
1634423567190 0.9700476358103197 845
1634423612148 0.9706207985101745 846
1634423657654 0.9697316724200581 847
1634423702869 0.9703471339026163 848
1634423747770 0.970677007630814 849
1634423793193 0.9697021484375 850
1634423838117 0.9701870230741279 851
1634423883343 0.9704402480014535 852
1634423928456 0.9687556776889535 853
1634423973502 0.9698284770167152 854
1634424018797 0.9708575581395349 855
1634424064241 0.9705540856649709 856
1634424109179 0.9704862372819767 857
1634424154138 0.970847906068314 858
1634424199386 0.9707249841024709 859
1634424247198 0.9703335074491279 860
1634424292614 0.9693294081577035 861
1634424337848 0.9704192405523255 862
1634424383153 0.9707851676053779 863
1634424428652 0.9701509697492733 864
1634424473845 0.9699071130087209 865
1634424519130 0.9705342137536337 866
1634424564501 0.9701427371002908 867
1634424609790 0.9703215843023256 868
1634424655202 0.9700308866279069 869
1634424700543 0.9698537427325581 870
1634424745774 0.9695062681686046 871
1634424790880 0.9699613349382268 872
1634424835710 0.9697580736736918 873
1634424881150 0.970361328125 874
1634424926086 0.9707462754360465 875
1634424980123 0.969947992369186 876
1634425025529 0.9703914198764535 877
1634425073584 0.9702247797056686 878
1634425118875 0.9701098065043605 879
1634425173970 0.9702452193859011 880
1634425219708 0.9692828511082849 881
1634425265513 0.9688820062681686 882
1634425310953 0.9699028547420058 883
1634425356554 0.9700246411700582 884
1634425401874 0.9694023664607558 885
1634425447216 0.9688479401344476 886
1634425492395 0.9700277638989826 887
1634425537562 0.9700257767078488 888
1634425583055 0.9700853924418604 889
1634425628573 0.9701245684956395 890
1634425674126 0.9705387559047965 891
1634425719441 0.9702892214752907 892
1634425764857 0.9702954669331395 893
1634425810072 0.9706636650617733 894
1634425860033 0.9701526730559593 895
1634425905384 0.970168570585029 896
1634425951025 0.9706318700036337 897
1634425996652 0.9707982262899709 898
1634426042135 0.9696845476017442 899
1634426090029 0.9701881586119186 900
1634426135455 0.9696746116460756 901
1634426181377 0.9699085324309593 902
1634426226843 0.9695014421329942 903
1634426272541 0.9704913472020349 904
1634426318093 0.9692890965661337 905
1634426363549 0.9698449423146802 906
1634426409350 0.9704263376635175 907
1634426455076 0.9708825399709302 908
1634426500690 0.9703045512354651 909
1634426546462 0.9707715411518896 910
1634426592364 0.9699536700581395 911
1634426638004 0.9704958893531976 912
1634426683414 0.9704544422238373 913
1634426732606 0.9695275595021803 914
1634426778034 0.9703496888626454 915
1634426825996 0.9704396802325581 916
1634426871787 0.9698690724927326 917
1634426917665 0.9707613213117733 918
1634426963072 0.970188726380814 919
1634427010992 0.9702721884084302 920
1634427057556 0.9704274732013082 921
1634427103578 0.9701401821402617 922
1634427149433 0.9702435160792151 923
1634427195353 0.9697790811228197 924
1634427240826 0.9696425327034883 925
1634427286882 0.9700484874636628 926
1634427332611 0.9700584234193314 927
1634427377998 0.9703840388808139 928
1634427423587 0.9699721225472384 929
1634427469022 0.9703897165697675 930
1634427514710 0.9702560069949128 931
1634427560819 0.9701231490734011 932
1634427606558 0.9698988803597384 933
1634427652300 0.9697015806686047 934
1634427698404 0.9697986691497092 935
1634427744439 0.9699397597202035 936
1634427790267 0.9697563703670058 937
1634427835832 0.9699596316315408 938
1634427881715 0.9697120843931686 939
1634427929659 0.969458859465843 940
1634427983137 0.9703854583030523 941
1634428028893 0.9701282589934593 942
1634428074469 0.9696834120639535 943
1634428120305 0.9698253542877907 944
1634428166240 0.9694906545239825 945
1634428211914 0.969789300962936 946
1634428264342 0.9695587867914244 947
1634428316361 0.9691133720930233 948
1634428362359 0.9698702080305233 949
1634428408083 0.9695034293241279 950
1634428454496 0.9681251703306686 951
1634428500308 0.9703164743822674 952
1634428546786 0.9704294603924418 953
1634428592649 0.9710386764171511 954
1634428638734 0.9701631767805232 955
1634428685182 0.9705997910610465 956
1634428730967 0.9709691247274709 957
1634428777061 0.9704226471656977 958
1634428823184 0.970826898619186 959
1634428871205 0.9700095952943314 960
1634428918037 0.9705149096111919 961
1634428964498 0.9704879405886628 962
1634429010593 0.9703800644985465 963
1634429056753 0.9703315202579942 964
1634429108880 0.9700144213299419 965
1634429155235 0.9701745321584302 966
1634429201376 0.9705498273982558 967
1634429247630 0.9699224427688954 968
1634429293821 0.9702003656431686 969
1634429340044 0.9707329328670058 970
1634429386109 0.9705055414244186 971
1634429432240 0.9708470544149709 972
1634429478421 0.9696433843568314 973
1634429524720 0.9705205873001453 974
1634429570951 0.9699877361918605 975
1634429617418 0.9696496298146803 976
1634429663503 0.9699769485828489 977
1634429709762 0.970494753815407 978
1634429756011 0.9699417469113372 979
1634429804213 0.9700286155523256 980
1634429850417 0.9703684252361918 981
1634429896956 0.9698199604832849 982
1634429942855 0.9702264830123547 983
1634429988735 0.9696950513263082 984
1634430035138 0.9699352175690407 985
1634430081118 0.9698727629905524 986
1634430127793 0.9704121434411337 987
1634430174053 0.9698460778524709 988
1634430220526 0.9694605627725291 989
1634430266972 0.9690018055050872 990
1634430313277 0.9694071924963663 991
1634430359403 0.9695301144622093 992
1634430405740 0.9701504019803779 993
1634430452450 0.9701819131540698 994
1634430498961 0.9701356399890988 995
1634430545289 0.9697969658430232 996
1634430591525 0.969480718568314 997
1634430638379 0.9702886537063954 998
1634430684606 0.9705901389898256 999
1634430733663 0.9702193859011627 1000
1634430780373 0.9701543763626453 1001
1634430826625 0.9702665107194768 1002
1634430872902 0.9695820653161337 1003
1634430918826 0.9697861782340116 1004
1634430965019 0.9691329601199128 1005
1634431011326 0.9702704851017442 1006
1634431057664 0.9706721815952035 1007
1634431103883 0.9701387627180232 1008
1634431150028 0.9703539471293605 1009
1634431196818 0.9706017782521802 1010
1634431242906 0.9706080237100291 1011
1634431289101 0.9704757335574128 1012
1634431335161 0.9704183888989826 1013
1634431382168 0.9701262718023256 1014
1634431428613 0.9704657976017442 1015
1634431475090 0.9705424464026163 1016
1634431526153 0.9703264103379361 1017
1634431572150 0.9694858284883721 1018
1634431618759 0.9696385583212209 1019
1634431667033 0.9701461437136628 1020
1634431713890 0.970139046602471 1021
1634431760593 0.9703039834665698 1022
1634431807058 0.9692808639171512 1023
1634431853632 0.9707516692405523 1024
1634431900385 0.9697833393895349 1025
1634431946531 0.9694852607194767 1026
1634431993438 0.9704166855922965 1027
1634432039920 0.9701856036518895 1028
1634432086472 0.9701316656068314 1029
1634432132941 0.9701509697492733 1030
1634432179286 0.9707539403161337 1031
1634432225822 0.9701728288517442 1032
1634432272073 0.9700504746547965 1033
1634432318459 0.9705393236736919 1034
1634432364879 0.9701892941497093 1035
1634432411353 0.9698872410973837 1036
1634432458198 0.9704271893168605 1037
1634432504899 0.9706202307412791 1038
1634432551940 0.9703692768895349 1039
1634432600928 0.9700990188953489 1040
1634432648504 0.9704944699309593 1041
1634432695444 0.9704604037972384 1042
1634432742384 0.9700851085574128 1043
1634432788980 0.9699116551598838 1044
1634432835500 0.9701569313226744 1045
1634432882454 0.9701418854469477 1046
1634432929622 0.9705293877180232 1047
1634432976502 0.9704660814861918 1048
1634433023369 0.9702037722565408 1049
1634433074478 0.9707022733466569 1050
1634433126291 0.9705177484556686 1051
1634433172590 0.9702503293059593 1052
1634433219709 0.9705027025799419 1053
1634433266238 0.9710307276526163 1054
1634433313011 0.9702679301417151 1055
1634433359562 0.9710716070130814 1056
1634433406490 0.9703803483829941 1057
1634433453354 0.9704967410065407 1058
1634433499808 0.9704547261082849 1059
1634433548619 0.9710750136264535 1060
1634433596942 0.9708070267078488 1061
1634433644036 0.9707011378088662 1062
1634433692581 0.9709694086119186 1063
1634433739492 0.9708405250726744 1064
1634433786261 0.9703573537427326 1065
1634433832670 0.9703610442405524 1066
1634433879863 0.9706562840661337 1067
1634433926446 0.970555788971657 1068
1634433973719 0.9698710596838663 1069
1634434020278 0.9706338571947675 1070
1634434067211 0.970729242369186 1071
1634434114191 0.9696879542151163 1072
1634434162786 0.9709134833757267 1073
1634434209450 0.9702843954396803 1074
1634434256034 0.9705722542696221 1075
1634434303143 0.9702659429505814 1076
1634434349919 0.9706531613372092 1077
1634434396874 0.970567996002907 1078
1634434446244 0.9709029796511628 1079
1634434495632 0.9708850949309593 1080
1634434542878 0.9706886468931686 1081
1634434589882 0.9707794899164244 1082
1634434638351 0.9711201512536337 1083
1634434685297 0.97088623046875 1084
1634434732378 0.9705540856649709 1085
1634434778890 0.9710835301598837 1086
1634434827654 0.9703090933866279 1087
1634434874570 0.9706128497456395 1088
1634434922487 0.9704666492550872 1089
1634434969013 0.9705364848292151 1090
1634435016065 0.970481695130814 1091
1634435062569 0.9703161904978198 1092
1634435112490 0.9690134447674419 1093
1634435159077 0.9694812863372093 1094
1634435206827 0.9701444404069768 1095
1634435253781 0.9704657976017442 1096
1634435300392 0.9700601267260175 1097
1634435347390 0.9704388285792152 1098
1634435393777 0.9702554392260174 1099
1634435443014 0.9701674350472383 1100
1634435491894 0.9697844749273256 1101
1634435538962 0.9704002202943314 1102
1634435589172 0.9697007290152616 1103
1634435636244 0.9699919944585755 1104
1634435683603 0.9694775958393895 1105
1634435730311 0.9691119526707849 1106
1634435780099 0.9696788699127907 1107
1634435827059 0.970115484193314 1108
1634435880269 0.9700720498728198 1109
1634435928078 0.9696717728015989 1110
1634435978202 0.9695900140806686 1111
1634436025126 0.9705750931140988 1112
1634436074719 0.9695366438045058 1113
1634436121934 0.9696632562681686 1114
1634436171407 0.9696581463481104 1115
1634436218553 0.969676882721657 1116
1634436267378 0.9706156885901163 1117
1634436314844 0.9698611237281977 1118
1634436364223 0.9700181118277617 1119
1634436413517 0.969955941133721 1120
1634436462276 0.9704058979832849 1121
1634436510033 0.9701345044513081 1122
1634436558635 0.9701004383175872 1123
1634436605726 0.9702659429505814 1124
1634436654754 0.970226199127907 1125
1634436701633 0.9695542446402616 1126
1634436751052 0.9703760901162791 1127
1634436798210 0.9706225018168605 1128
1634436848714 0.9707238485646802 1129
1634436896042 0.9705166129178779 1130
1634436945269 0.970497308775436 1131
1634436992078 0.9699962527252907 1132
1634437042901 0.9696093182231105 1133
1634437089741 0.9694764603015988 1134
1634437140712 0.9703235714934593 1135
1634437188128 0.9702023528343023 1136
1634437237330 0.9695349404978197 1137
1634437284614 0.9703505405159883 1138
1634437335405 0.969040413789971 1139
1634437384918 0.9698699241460755 1140
1634437434855 0.9700731854106105 1141
1634437482354 0.9698071856831395 1142
1634437534266 0.9696936319040698 1143
1634437581897 0.9697529637536337 1144
1634437632058 0.9700374159702035 1145
1634437679020 0.9700504746547965 1146
1634437730744 0.9685578102289244 1147
1634437778132 0.9701785065406977 1148
1634437828693 0.9705029864643895 1149
1634437876380 0.9691630518713663 1150
1634437928264 0.9691184820130814 1151
1634437975393 0.9693807912427326 1152
1634438025287 0.969800656340843 1153
1634438072669 0.9702784338662791 1154
1634438125260 0.9699658770893895 1155
1634438172470 0.970346566133721 1156
1634438221953 0.9696462232013081 1157
1634438269094 0.9698926349018895 1158
1634438320652 0.9692328874454942 1159
1634438370114 0.9702798532885174 1160
1634438420546 0.9700181118277617 1161
1634438468244 0.9696905091751453 1162
1634438519361 0.9699956849563953 1163
1634438567080 0.9700342932412791 1164
1634438617632 0.9699939816497093 1165
1634438664884 0.9699925622274709 1166
1634438716618 0.9699511150981105 1167
1634438764226 0.9699076807776162 1168
1634438816389 0.9699982399164244 1169
1634438863961 0.969578374818314 1170
1634438915598 0.9702914925508721 1171
1634438963303 0.9705078125 1172
1634439015003 0.9702154115188953 1173
1634439062687 0.969863394803779 1174
1634439113129 0.9703644508539244 1175
1634439160864 0.9696442360101745 1176
1634439212115 0.9696760310683139 1177
1634439259682 0.9699494117914245 1178
1634439311170 0.9702477743459302 1179
1634439360995 0.9696660951126453 1180
1634439412194 0.9702435160792151 1181
1634439459638 0.9697546670603198 1182
1634439510915 0.9702500454215116 1183
1634439558548 0.9696087504542151 1184
1634439609561 0.9704064657521803 1185
1634439657202 0.9705143418422965 1186
1634439708359 0.9695874591206395 1187
1634439755801 0.97041015625 1188
1634439807658 0.97000732421875 1189
1634439855065 0.9701768032340117 1190
1634439905512 0.9700342932412791 1191
1634439952816 0.9703539471293605 1192
1634440003782 0.9698054823764535 1193
1634440051273 0.9701132131177326 1194
1634440102858 0.9699638898982558 1195
1634440150566 0.9702236441678779 1196
1634440202817 0.9694367164789244 1197
1634440250685 0.9696555913880814 1198
1634440301700 0.969713503815407 1199
1634440351715 0.9698381290879361 1200
1634440404697 0.969798953034157 1201
1634440452762 0.9688195516896803 1202
1634440500075 0.9702196697856105 1203
1634440547637 0.970043093659157 1204
1634440599908 0.9703323719113373 1205
1634440647664 0.9698386968568314 1206
1634440700210 0.9695880268895349 1207
1634440748098 0.9690937840661337 1208
1634440795698 0.9690605695857558 1209
1634440843361 0.9699681481649709 1210
1634440891100 0.9697455827579942 1211
1634440939139 0.9698239348655523 1212
1634440987122 0.9699743936228198 1213
1634441034738 0.9700039176053779 1214
1634441087712 0.9701220135356105 1215
1634441135107 0.969713503815407 1216
1634441182996 0.9686395689498547 1217
1634441230690 0.9698188249454942 1218
1634441278521 0.9697946947674418 1219
1634441328443 0.9700030659520349 1220
1634441381454 0.9697981013808139 1221
1634441429411 0.9692575853924419 1222
1634441482395 0.9699772324672965 1223
1634441530581 0.9697609125181686 1224
1634441578139 0.9699249977289244 1225
1634441625746 0.97003173828125 1226
1634441673799 0.9706503224927325 1227
1634441721674 0.9701027093931686 1228
1634441769650 0.9698699241460755 1229
1634441817412 0.9701523891715116 1230
1634441866910 0.9706684910973837 1231
1634441914768 0.9691707167514535 1232
1634441962399 0.9708022006722383 1233
1634442010380 0.9700697787972383 1234
1634442063630 0.9697430277979651 1235
1634442111421 0.9704220793968024 1236
1634442159453 0.9702772983284884 1237
1634442207773 0.970285530977471 1238
1634442255676 0.9702293218568314 1239
1634442305762 0.9698787245639535 1240
1634442354645 0.9699573605559593 1241
1634442403230 0.97032470703125 1242
1634442456990 0.9700848246729651 1243
1634442505185 0.9702429483103198 1244
1634442558169 0.9701572152071221 1245
1634442606418 0.9702875181686047 1246
1634442659475 0.9692916515261628 1247
1634442707284 0.9695726971293605 1248
1634442755379 0.9699468568313954 1249
1634442803146 0.970310796693314 1250
1634442851324 0.970839957303779 1251
1634442899173 0.9711073764534883 1252
1634442947247 0.9706213662790698 1253
1634442995467 0.9706937568132268 1254
1634443043710 0.9702486259992733 1255
1634443091741 0.9699122229287791 1256
1634443139132 0.9697719840116279 1257
1634443187861 0.9701396143713663 1258
1634443238756 0.9697484216024709 1259
1634443289146 0.9699738258539244 1260
1634443338019 0.9702338640079942 1261
1634443386006 0.9708019167877907 1262
1634443434026 0.9704569971838662 1263
1634443482389 0.9705097996911337 1264
1634443531105 0.9675991324491279 1265
1634443580061 0.969811160065407 1266
1634443628422 0.9702332962390988 1267
1634443677828 0.9704623909883721 1268
1634443727387 0.9700905023619186 1269
1634443776478 0.9700266283611919 1270
1634443825089 0.9704936182776163 1271
1634443874325 0.97017822265625 1272
1634443922804 0.970155511900436 1273
1634443971785 0.970046500272529 1274
1634444019756 0.9701379110646803 1275
1634444068745 0.9702281863190407 1276
1634444117563 0.9698341547056686 1277
1634444166453 0.9697140715843023 1278
1634444216474 0.9698032113008721 1279
