1634387547423 0.8423129769258721 1
1634387588664 0.931787961028343 2
1634387630135 0.9368127157521803 3
1634387671530 0.9408225835755814 4
1634387711870 0.9493550145348837 5
1634387752595 0.9500786359920058 6
1634387793149 0.9504916878633721 7
1634387833831 0.953406613372093 8
1634387874633 0.9565142964207849 9
1634388036779 0.9592234057049419 13
1634388117429 0.9607949900072674 15
1634388362706 0.9619606195494186 21
1634388444215 0.9617880178052326 23
1634388484147 0.9610033611918605 24
1634388723066 0.9618447946947675 30
1634388882565 0.9630839503088663 34
1634389082009 0.9643736373546512 39
1634389765031 0.9661839684774709 56
1634389805416 0.9652942746184593 57
1634390007846 0.9655494867369186 62
1634390248374 0.9668474064316861 68
1634390569892 0.9667818291242732 76
1634394136660 0.9692062023074128 164
1634394666424 0.9682784679324128 177
1634394748849 0.9685447515443314 179
1634394997525 0.96884765625 185
1634396023012 0.9698937704396803 210
1634397092013 0.9690920807594476 236
1634397260119 0.9691729878270349 240
1634400461041 0.968297488190407 317
1634400632157 0.9695610578670059 321
1634402569142 0.9697262786155523 367
1634402825003 0.969335085846657 373
1634403123679 0.9695610578670059 380
1634403552971 0.9695956917696221 390
1634403892462 0.970335210755814 398
1634407666543 0.9702761627906977 486
1634410272760 0.9704998637354652 546
1634410882613 0.9704161178234012 560
1634411753742 0.9705597633539245 580
1634412061862 0.9702489098837209 587
1634414166494 0.9707718250363372 635
1634414571480 0.9714789811954941 644
1634424928210 0.9707462754360465 875
1634425120918 0.9701098065043605 879
1634425812383 0.9706636650617733 894
1634431477484 0.9705424464026163 1016
1634433025681 0.9702037722565408 1049
1634433077010 0.9707022733466569 1050
