1634387547427 0.4826148408403339 1
1634387588667 0.6189475914300139 2
1634387630138 0.6519122521891617 3
1634387671533 0.673214534043536 4
1634387711874 0.6931051903706598 5
1634387752599 0.7147364609381458 6
1634387793152 0.7147959747919485 7
1634387833834 0.7266880136344063 8
1634387874636 0.7500917831653094 9
1634388036782 0.7680525622856481 13
1634388117432 0.7716436050996777 15
1634388362710 0.7792759758121515 21
1634388444218 0.7804998628605025 23
1634388484150 0.7826904041008215 24
1634388723069 0.7856718137514428 30
1634388882568 0.7997115969795192 34
1634389082012 0.8175389026294737 39
1634389765034 0.8189914562910628 56
1634389805419 0.8194775630662413 57
1634390007849 0.82286586798268 62
1634390248377 0.8325630037632703 68
1634390569895 0.845132770885843 76
1634394136663 0.8451831644133124 164
1634394666427 0.8495587739137134 177
1634394748852 0.850396982095031 179
1634394997528 0.8519177427901429 185
1634396023015 0.8553989997965485 210
1634397092016 0.8574963992226545 236
1634397260122 0.8575844012449836 240
1634400461044 0.8604860772910884 317
1634400632160 0.8615340123299281 321
1634402569145 0.8655014924442483 367
1634402825006 0.8656734924166954 373
1634403123682 0.8672955054827866 380
1634403552974 0.8692096947846896 390
1634403892465 0.8698632034777402 398
1634407666643 0.8724382124830928 486
1634410272763 0.8736153256514655 546
1634410882617 0.8743365853282131 560
1634411753745 0.8751601179934999 580
1634412061866 0.8755047694233773 587
1634414166497 0.8758066404179475 635
1634414571483 0.8767901361669919 644
1634424928213 0.8774514383293948 875
1634425120922 0.8794292176173812 879
1634425812386 0.8800155367234946 894
1634431477487 0.8816510642828548 1016
1634433025684 0.8825515937482112 1049
1634433077014 0.8836354615249632 1050
