1634387547351 0.4826148408403339 1
1634387588512 0.6189475914300139 2
1634387629990 0.6519122521891617 3
1634387671381 0.673214534043536 4
1634387711721 0.6931051903706598 5
1634387752441 0.7147364609381458 6
1634387792995 0.7147959747919485 7
1634387833675 0.7266880136344063 8
1634387874484 0.7500917831653094 9
1634387915051 0.7351404255775169 10
1634387955334 0.7427089485666518 11
1634387996003 0.7082118236191673 12
1634388036630 0.7680525622856481 13
1634388076954 0.7497757615794874 14
1634388117273 0.7716436050996777 15
1634388157944 0.7579036460942499 16
1634388197892 0.770335346174379 17
1634388238918 0.7281512781312096 18
1634388279509 0.7492799395068013 19
1634388322074 0.7480580438307091 20
1634388362552 0.7792759758121515 21
1634388403798 0.7653905783976653 22
1634388444043 0.7804998628605025 23
1634388483973 0.7826904041008215 24
1634388524070 0.7824071941094386 25
1634388563819 0.7696175958765854 26
1634388603829 0.7773079638134729 27
1634388643476 0.7766131966517182 28
1634388683200 0.7699443314523398 29
1634388722893 0.7856718137514428 30
1634388763257 0.7798149293790124 31
1634388802818 0.7750517443355671 32
1634388842713 0.7566146961322636 33
1634388882374 0.7997115969795192 34
1634388922361 0.7906625501439417 35
1634388962518 0.7760427390830968 36
1634389002176 0.7948447767175716 37
1634389042254 0.793795026726098 38
1634389081818 0.8175389026294737 39
1634389124431 0.7943958284192765 40
1634389164342 0.8036036863825043 41
1634389204514 0.795677972709993 42
1634389244595 0.7923926102032792 43
1634389284582 0.8075728216788007 44
1634389324470 0.799988412735589 45
1634389365037 0.8104041702459103 46
1634389405180 0.786039779142067 47
1634389444974 0.7877380837593772 48
1634389484861 0.7993279594802357 49
1634389525037 0.7856078252924014 50
1634389564654 0.7734671529120548 51
1634389604766 0.7899740597520662 52
1634389644537 0.787534280803706 53
1634389684672 0.8141712275210461 54
1634389724910 0.7790660681417578 55
1634389764800 0.8189914562910628 56
1634389805182 0.8194775630662413 57
1634389845289 0.8168531609918964 58
1634389885295 0.7976272556709129 59
1634389927162 0.7953855913456449 60
1634389967435 0.8116685955982624 61
1634390007577 0.82286586798268 62
1634390047958 0.8125951810184432 63
1634390087989 0.7918461515590678 64
1634390127861 0.8213408750838415 65
1634390168138 0.7783115921458131 66
1634390208146 0.7884077370959177 67
1634390248103 0.8325630037632703 68
1634390288857 0.8005874061229072 69
1634390329190 0.8215650432387411 70
1634390369020 0.7723784256061358 71
1634390409278 0.8006594743085371 72
1634390449322 0.8054912223505851 73
1634390489461 0.7969688784619808 74
1634390529735 0.7928303595766262 75
1634390569619 0.845132770885843 76
1634390610199 0.8433893458020838 77
1634390650429 0.8113841787966911 78
1634390690539 0.8172496223543191 79
1634390732948 0.8398115047848568 80
1634390773025 0.790432406756785 81
1634390813333 0.8429408662637388 82
1634390853701 0.8431128713379779 83
1634390894111 0.8319636147748912 84
1634390934260 0.8260349047258231 85
1634390974451 0.8174728351945452 86
1634391014900 0.8176402448796615 87
1634391055011 0.8112865602440354 88
1634391095435 0.8222787218025119 89
1634391135894 0.8312253102541672 90
1634391175808 0.8136322377790701 91
1634391215856 0.8256796369099143 92
1634391256154 0.8017003092615683 93
1634391296458 0.8229855855668157 94
1634391336659 0.8128572694787749 95
1634391376983 0.8223118757942495 96
1634391417371 0.8164065664409264 97
1634391457502 0.8059902820637778 98
1634391497798 0.8211957774429086 99
1634391540320 0.8265807214064564 100
1634391580775 0.8287548535349202 101
1634391621158 0.8079101987472511 102
1634391661307 0.8094287873973186 103
1634391701445 0.8216077513551385 104
1634391741760 0.8140475324000608 105
1634391781948 0.8352051355563707 106
1634391822242 0.8304626825406778 107
1634391862662 0.8106040756092202 108
1634391903062 0.8253221496647931 109
1634391943394 0.8304418361028028 110
1634391983908 0.807793633406484 111
1634392024319 0.8049204098384029 112
1634392064688 0.8325796502420308 113
1634392104741 0.8178701581732214 114
1634392145085 0.8009653401972773 115
1634392185205 0.8243865356195752 116
1634392225669 0.8226552275116497 117
1634392266113 0.8121585315051366 118
1634392306447 0.8268498812219607 119
1634392348949 0.8042415130377193 120
1634392389218 0.8158090193121917 121
1634392429821 0.8194346376258976 122
1634392470029 0.8256418753140728 123
1634392510552 0.8422333448414255 124
1634392551162 0.8131921767763808 125
1634392591806 0.8254102849505626 126
1634392632317 0.8301514824439993 127
1634392672646 0.8117026100619172 128
1634392713318 0.8330918182243692 129
1634392753633 0.8217137527547775 130
1634392794078 0.8263945168037938 131
1634392834326 0.8089626853271755 132
1634392874814 0.8192195106672749 133
1634392915178 0.8264650382720804 134
1634392955750 0.8182621385192518 135
1634392996133 0.802410630825527 136
1634393036591 0.8172743953871857 137
1634393077143 0.8291352032618102 138
1634393117488 0.8339239801880212 139
1634393160230 0.8144210024167031 140
1634393201052 0.8326133143917837 141
1634393241652 0.8114777571902796 142
1634393282434 0.8374430959595255 143
1634393322982 0.8248720535009854 144
1634393363476 0.8433331894211609 145
1634393404305 0.8272974295453918 146
1634393444801 0.8225292691116032 147
1634393485226 0.8145942867116974 148
1634393525690 0.8133701962982284 149
1634393566573 0.8255745553794284 150
1634393607344 0.8312139448067749 151
1634393647616 0.8261961803886763 152
1634393688049 0.837299008946066 153
1634393728485 0.8082563142735741 154
1634393768894 0.8273212377787555 155
1634393809312 0.8350887110884385 156
1634393849921 0.8171692133684944 157
1634393890379 0.8272557062953286 158
1634393930846 0.8409341961689083 159
1634393973670 0.8148846119464774 160
1634394014334 0.8253229408020346 161
1634394054854 0.8326899515946672 162
1634394095605 0.8335833082007182 163
1634394136184 0.8451831644133124 164
1634394177920 0.8298024206338864 165
1634394218438 0.8321274148050474 166
1634394259241 0.8252531378483106 167
1634394299942 0.8411576574814252 168
1634394340827 0.8377845746777073 169
1634394381233 0.8085964871840463 170
1634394421854 0.8412377166470171 171
1634394462345 0.8294559375868117 172
1634394502882 0.8301504449752933 173
1634394543463 0.8284446276302008 174
1634394584296 0.8326813550234972 175
1634394625046 0.8232552770407251 176
1634394665950 0.8495587739137134 177
1634394707565 0.8223165441143121 178
1634394748381 0.850396982095031 179
1634394792154 0.8231548904977382 180
1634394832999 0.8340675700982605 181
1634394874036 0.8140925124472008 182
1634394914795 0.8325273188708582 183
1634394955944 0.8374724257385574 184
1634394996996 0.8519177427901429 185
1634395038809 0.8386225906201316 186
1634395079762 0.8317124694957702 187
1634395120654 0.8352224729340144 188
1634395161469 0.8332446118796627 189
1634395202582 0.8494555307351251 190
1634395243355 0.8272612079973461 191
1634395283940 0.8469736840720896 192
1634395324853 0.8352034132681733 193
1634395365447 0.8351360242993706 194
1634395406185 0.8246216373640518 195
1634395447162 0.8271375431494457 196
1634395487750 0.848727299104732 197
1634395528664 0.8388529243550988 198
1634395569548 0.8163864253372174 199
1634395612750 0.8206064355660755 200
1634395653885 0.8347999986783401 201
1634395694771 0.8453100368557501 202
1634395735768 0.8432339441663576 203
1634395776896 0.8295718137015474 204
1634395817785 0.8394778644384124 205
1634395858757 0.830286210320085 206
1634395899704 0.8405112312867382 207
1634395940413 0.8491786193470153 208
1634395981434 0.8470017813230158 209
1634396022455 0.8553989997965485 210
1634396064269 0.8244044809905211 211
1634396105138 0.8431443075509067 212
1634396145909 0.8486938598203705 213
1634396187025 0.8518559877110066 214
1634396228086 0.8399528953808615 215
1634396268880 0.8319535256691648 216
1634396309818 0.8414474261344459 217
1634396350890 0.8402077986750481 218
1634396391658 0.8305734229952536 219
1634396434936 0.8353977087880659 220
1634396475800 0.8370906716993715 221
1634396516895 0.8472678129847088 222
1634396558124 0.8515165840408342 223
1634396599031 0.8300668145765464 224
1634396640096 0.8385628617982018 225
1634396681345 0.8448904229015383 226
1634396722475 0.8507644745716623 227
1634396763483 0.8500773339402428 228
1634396804314 0.8386647128521072 229
1634396845104 0.8420762776009069 230
1634396886139 0.8472496620332624 231
1634396926978 0.8418548782775364 232
1634396967949 0.8374552690640482 233
1634397009176 0.843512678668596 234
1634397050326 0.8420332448162121 235
1634397091401 0.8574963992226545 236
1634397133625 0.8439529407717091 237
1634397174960 0.8468512369088012 238
1634397215797 0.819376284368369 239
1634397259474 0.8575844012449836 240
1634397302142 0.8572162008574776 241
1634397343541 0.850538695864078 242
1634397384486 0.831924878571182 243
1634397425769 0.8331191159663925 244
1634397467058 0.8264000537358824 245
1634397508120 0.8444442056212026 246
1634397549691 0.8535571187431801 247
1634397590741 0.8541771382843963 248
1634397632264 0.837360631191875 249
1634397673625 0.8375934222892115 250
1634397714542 0.8434786912262862 251
1634397755693 0.8437270451814626 252
1634397796634 0.8403313152965348 253
1634397837761 0.8480068975565552 254
1634397878654 0.8514060581969176 255
1634397919701 0.8369789582574798 256
1634397961054 0.8550855921620768 257
1634398002074 0.8461335172707579 258
1634398043048 0.8360358565251318 259
1634398086733 0.8446594005497815 260
1634398128121 0.8152995484619437 261
1634398169207 0.8338995204910562 262
1634398210652 0.8299447357645199 263
1634398251998 0.840768660332665 264
1634398293377 0.8487102372227556 265
1634398334442 0.8470151488959005 266
1634398376074 0.8556970626549403 267
1634398417300 0.834637636983786 268
1634398458658 0.8403374138372943 269
1634398500272 0.8415858485332213 270
1634398541474 0.8429713301937042 271
1634398583014 0.840129208859807 272
1634398624555 0.8387375617388789 273
1634398665601 0.8510682388622499 274
1634398706876 0.8396694804440844 275
1634398748104 0.8519007830679419 276
1634398789406 0.8279426055749545 277
1634398830929 0.8350287292990605 278
1634398872252 0.8503748290978261 279
1634398916122 0.8490483286105663 280
1634398957908 0.8470132172983288 281
1634398999332 0.8411796235659746 282
1634399040821 0.849747572296883 283
1634399082585 0.8468298434238353 284
1634399124223 0.849626831041078 285
1634399165743 0.8440570017119391 286
1634399207314 0.8395226426120923 287
1634399248656 0.8463347339865896 288
1634399290360 0.8341298218545522 289
1634399331804 0.8500369103950715 290
1634399373570 0.8478002661591235 291
1634399414876 0.8367120948688702 292
1634399456568 0.8403986852586883 293
1634399498145 0.8405133765845224 294
1634399539560 0.8460976503311555 295
1634399581189 0.8512805910687126 296
1634399622774 0.8459419115011867 297
1634399664094 0.8479327706940551 298
1634399705797 0.8447096787031508 299
1634399749448 0.8551395966241722 300
1634399791176 0.848895925947729 301
1634399833146 0.8549928229585653 302
1634399874828 0.8384580889245817 303
1634399916482 0.8552207008247869 304
1634399958213 0.8458122299548455 305
1634399999978 0.8478114204526065 306
1634400041919 0.8495947060024981 307
1634400083692 0.842240108295031 308
1634400125518 0.8529562444476039 309
1634400167514 0.8550445218454283 310
1634400209110 0.8574758631908145 311
1634400250973 0.8431453120069216 312
1634400292758 0.8484732247872627 313
1634400334758 0.8547259893013607 314
1634400376550 0.8511968131381734 315
1634400418285 0.8450299859415289 316
1634400460199 0.8604860772910884 317
1634400503653 0.8535135921024932 318
1634400545494 0.8509463563602481 319
1634400589366 0.8566583138526855 320
1634400631258 0.8615340123299281 321
1634400674990 0.8569857438482471 322
1634400716913 0.8465271389859633 323
1634400758943 0.8529823957339971 324
1634400800727 0.8450257033210032 325
1634400842674 0.8488112677506094 326
1634400884591 0.8589832196341054 327
1634400926558 0.8561870521783931 328
1634400968550 0.848458461180147 329
1634401010196 0.8558568710660861 330
1634401051832 0.8415155687673519 331
1634401093644 0.8516675438961542 332
1634401135618 0.8492094144168169 333
1634401177789 0.8528213316970081 334
1634401219919 0.8516314439934989 335
1634401261877 0.8558707052686289 336
1634401303561 0.8544932550337464 337
1634401345577 0.8553505956165559 338
1634401387644 0.8446443932111987 339
1634401431530 0.8465683184266749 340
1634401473659 0.8545557945769204 341
1634401515971 0.8499858563712582 342
1634401557626 0.8368443334256235 343
1634401599662 0.8501330005343837 344
1634401641446 0.8495239031536778 345
1634401683506 0.8418818918072847 346
1634401725459 0.8425246678651035 347
1634401767482 0.8513869734026656 348
1634401809853 0.8464488006662361 349
1634401851596 0.8368572320991299 350
1634401893559 0.8430590461205765 351
1634401935568 0.84413686498646 352
1634401977477 0.8519009760848406 353
1634402019451 0.8554902739480647 354
1634402061684 0.8576697590192617 355
1634402103880 0.8475049645839191 356
1634402145994 0.8575231387344453 357
1634402187853 0.8599367480070677 358
1634402229978 0.8558582766268027 359
1634402274200 0.8474134894616233 360
1634402316249 0.848546129274103 361
1634402358304 0.8607909439611343 362
1634402400166 0.8545963776318487 363
1634402442153 0.8593666898494186 364
1634402484169 0.8595682369215794 365
1634402526078 0.8594095458911152 366
1634402568195 0.8655014924442483 367
1634402611836 0.8624220632924402 368
1634402653700 0.8590150386844809 369
1634402695555 0.8588973302608578 370
1634402739615 0.8533834980612012 371
1634402781870 0.8541843886896472 372
1634402824087 0.8656734924166954 373
1634402868037 0.8638929716881034 374
1634402910305 0.8499009159706987 375
1634402952434 0.8524802756201216 376
1634402994637 0.8461634415445604 377
1634403036546 0.852409738239413 378
1634403078609 0.8602509959838196 379
1634403122661 0.8672955054827866 380
1634403166701 0.8538077898444575 381
1634403208980 0.856851155625428 382
1634403251292 0.8610668581821568 383
1634403293389 0.8605634296641798 384
1634403335711 0.8590199931774612 385
1634403378122 0.861676966799941 386
1634403420348 0.8619299164126968 387
1634403463088 0.8666281444450487 388
1634403505641 0.859923419297162 389
1634403552026 0.8692096947846896 390
1634403595982 0.8548822953680971 391
1634403638036 0.83881303758144 392
1634403680433 0.864761247289908 393
1634403722555 0.8593621416326398 394
1634403764812 0.8426119964821865 395
1634403807077 0.8440816014589222 396
1634403849433 0.8663852383293017 397
1634403891456 0.8698632034777402 398
1634403935909 0.8574294554374112 399
1634403980588 0.8597256988591946 400
1634404023106 0.8550121071256801 401
1634404065261 0.8452666045585144 402
1634404107630 0.8510848979637873 403
1634404150176 0.8587079945446355 404
1634404192518 0.8515514618426744 405
1634404234807 0.8462830283147619 406
1634404276947 0.8642533457875288 407
1634404319422 0.8423121046690281 408
1634404361875 0.8529724122517456 409
1634404404405 0.849496458166131 410
1634404446973 0.8528766475500974 411
1634404489444 0.8509581895846139 412
1634404532105 0.8425802498276372 413
1634404574637 0.8529887328349192 414
1634404617166 0.8578258066087405 415
1634404659794 0.8604084718109334 416
1634404701960 0.847757408174376 417
1634404744603 0.8433058945674731 418
1634404786985 0.8459069220254113 419
1634404831690 0.8596830654574034 420
1634404873994 0.8614086794671135 421
1634404916786 0.8584621621403759 422
1634404959283 0.8636960203107946 423
1634405002041 0.8425011972479315 424
1634405044329 0.8580063249032259 425
1634405086934 0.8483299195521073 426
1634405129493 0.8583297707445446 427
1634405172125 0.8600142443677045 428
1634405214808 0.8662533961138542 429
1634405257424 0.8584822907810449 430
1634405300195 0.8419582128476653 431
1634405342884 0.8594042890133851 432
1634405385403 0.8528678308062448 433
1634405427922 0.8675880091399922 434
1634405470481 0.856226657173539 435
1634405512660 0.8549809884289562 436
1634405555358 0.8662563101608255 437
1634405597882 0.8449807070695681 438
1634405640107 0.8694596696239604 439
1634405684958 0.8658232118346944 440
1634405727521 0.8556404769517144 441
1634405770057 0.8659534491449296 442
1634405812822 0.8657940737147419 443
1634405855280 0.8689873362739118 444
1634405897509 0.850255826353532 445
1634405940161 0.8629038842746972 446
1634405982594 0.858286502814874 447
1634406025327 0.8618138781934699 448
1634406068038 0.8692341871676469 449
1634406110643 0.8663932163652516 450
1634406157996 0.8638956157590982 451
1634406200694 0.8601042131533285 452
1634406243351 0.8698248920095921 453
1634406286068 0.8569665015788227 454
1634406328718 0.8579710358761351 455
1634406371550 0.8525320032898335 456
1634406414213 0.857352566404968 457
1634406456935 0.855816799739765 458
1634406499396 0.850637993233216 459
1634406544249 0.8573629714146654 460
1634406587044 0.856362502139054 461
1634406629903 0.8567606102841617 462
1634406672721 0.8636803646300083 463
1634406715950 0.8655592023531923 464
1634406758991 0.8554389320164013 465
1634406802585 0.8645542172432308 466
1634406845855 0.8615001526318259 467
1634406888495 0.8673754965221028 468
1634406931385 0.853870368245071 469
1634406974270 0.8570196303200734 470
1634407017244 0.8602832602069791 471
1634407060037 0.8528078548472399 472
1634407103120 0.857705475415112 473
1634407145888 0.8602776401513695 474
1634407188730 0.8663267346160242 475
1634407231669 0.8649812112274107 476
1634407274561 0.8572948395285755 477
1634407317266 0.8628259348711488 478
1634407360158 0.8600090048431459 479
1634407405480 0.8640778430850805 480
1634407448413 0.8594912154217799 481
1634407491200 0.8617564611012201 482
1634407534306 0.8642223918909955 483
1634407577325 0.8638647584195133 484
1634407622514 0.8630096959028493 485
1634407665358 0.8724382124830928 486
1634407710557 0.863105955395988 487
1634407753801 0.8591867124083238 488
1634407797430 0.8644180312493244 489
1634407840930 0.857859727018381 490
1634407884479 0.8658265902450837 491
1634407928065 0.8601173637775129 492
1634407971111 0.8607491065688462 493
1634408014115 0.8644677667097662 494
1634408056881 0.8604280561113158 495
1634408099805 0.8616478471398842 496
1634408147810 0.8588700326887928 497
1634408190466 0.8609608169330182 498
1634408233474 0.8601984982000417 499
1634408278167 0.8692234378815427 500
1634408321085 0.8629886671636662 501
1634408363940 0.863536488342236 502
1634408407000 0.8637275317165668 503
1634408450010 0.8614747945537945 504
1634408493223 0.864146052367142 505
1634408536141 0.8680141742308836 506
1634408578905 0.8631837238274085 507
1634408622054 0.8578627876431342 508
1634408665131 0.8604182570536205 509
1634408708316 0.8668832197088617 510
1634408751454 0.860028545072856 511
1634408794428 0.8681879516880137 512
1634408836926 0.8710413807756666 513
1634408879878 0.8653722984267542 514
1634408922664 0.8587422551284338 515
1634408965695 0.8624677389230683 516
1634409008366 0.8626626010160762 517
1634409051567 0.8629286977651853 518
1634409094293 0.8628826681250851 519
1634409139590 0.8616852205449356 520
1634409182728 0.8696873523059919 521
1634409225642 0.8658071613909313 522
1634409268778 0.8619912881935999 523
1634409311617 0.8595262907771485 524
1634409354615 0.8581523925095064 525
1634409397603 0.8598836588944642 526
1634409440860 0.8652993181767584 527
1634409483838 0.8625296290901328 528
1634409527003 0.8691185501621185 529
1634409570240 0.8598410764731775 530
1634409613373 0.8619464894357672 531
1634409656402 0.8630989069485181 532
1634409699567 0.8665096421586204 533
1634409744360 0.8527723862743488 534
1634409787706 0.8593597919207479 535
1634409830673 0.8547123567309601 536
1634409873765 0.8660980632444064 537
1634409923938 0.85653434274277 538
1634409966776 0.8661267442191121 539
1634410012038 0.8696753198601282 540
1634410055390 0.8719028623774938 541
1634410098394 0.8715061881902402 542
1634410141501 0.8658315039522994 543
1634410184929 0.8686782678052073 544
1634410227959 0.8602447058426995 545
1634410271365 0.8736153256514655 546
1634410316813 0.8640816212333218 547
1634410359933 0.8674774187012848 548
1634410403350 0.8649605446087203 549
1634410446608 0.8684222992962003 550
1634410489869 0.8652308731781425 551
1634410533270 0.862880458230201 552
1634410576465 0.8697802428407295 553
1634410619418 0.872566184433769 554
1634410662749 0.8543997307291119 555
1634410705885 0.8625147490324083 556
1634410749127 0.8696147804720691 557
1634410792338 0.8648296120966495 558
1634410835519 0.8612181374660295 559
1634410881151 0.8743365853282131 560
1634410927584 0.8614175656073917 561
1634410970605 0.8678984095713536 562
1634411014306 0.8488128845513233 563
1634411057720 0.8722926530226243 564
1634411100858 0.8651638800121799 565
1634411144351 0.867676943792084 566
1634411187461 0.8635011769863414 567
1634411230759 0.8659067803728346 568
1634411274253 0.8573393669309615 569
1634411317673 0.8639431765891072 570
1634411361011 0.8692431825480537 571
1634411404333 0.8635720614639883 572
1634411447825 0.8662217805289174 573
1634411491252 0.867732595752954 574
1634411534395 0.8591221951750957 575
1634411577432 0.8681117375210566 576
1634411620274 0.858766318842327 577
1634411663601 0.8698124324483408 578
1634411706790 0.8694456160895687 579
1634411752174 0.8751601179934999 580
1634411798624 0.8715707621967244 581
1634411842624 0.8701423239694754 582
1634411886321 0.8724169991450949 583
1634411929895 0.8656084276124058 584
1634411973494 0.8739772057466291 585
1634412016987 0.8547997134194232 586
1634412060375 0.8755047694233773 587
1634412108241 0.8737612241651999 588
1634412151479 0.8638357467110448 589
1634412194790 0.8697680833974557 590
1634412238436 0.8613440088870011 591
1634412281811 0.8576212062946289 592
1634412325249 0.8697406425293266 593
1634412369108 0.8634186922482627 594
1634412412615 0.8599601672087178 595
1634412456212 0.8681998647821032 596
1634412499925 0.8688867750220358 597
1634412543497 0.8703129134233188 598
1634412586940 0.867203251618009 599
1634412632656 0.8698789999778643 600
1634412676606 0.8635399674452122 601
1634412720000 0.8695482518764969 602
1634412763834 0.8734524881568997 603
1634412807793 0.8622647824039263 604
1634412851707 0.8634000561637653 605
1634412895357 0.8636079081732903 606
1634412939161 0.8626649114589026 607
1634412982944 0.8656675986529151 608
1634413026409 0.8710726958765057 609
1634413069918 0.8669811135330654 610
1634413113362 0.8693437107643205 611
1634413156681 0.8679332131619051 612
1634413200203 0.8732058292776453 613
1634413243797 0.8714822331627469 614
1634413287432 0.8596250624234424 615
1634413330894 0.8620939869253744 616
1634413374521 0.8645526985431167 617
1634413418131 0.872536959429281 618
1634413461550 0.8631528178018396 619
1634413507432 0.8642151266516788 620
1634413551127 0.8688640318042739 621
1634413594914 0.8590371843315862 622
1634413638832 0.8672117963122847 623
1634413682429 0.8711815803426016 624
1634413726482 0.8635425080855157 625
1634413770251 0.867644432526928 626
1634413814366 0.8550865019531678 627
1634413858132 0.8611021849942438 628
1634413902146 0.8634423281129715 629
1634413945781 0.8529361426791808 630
1634413989490 0.870204764413154 631
1634414033163 0.8476922814014415 632
1634414076928 0.8609863473425426 633
1634414120881 0.8697361747279686 634
1634414165017 0.8758066404179475 635
1634414214445 0.8645724706017064 636
1634414258398 0.8728861836410667 637
1634414302643 0.8695141169047758 638
1634414346513 0.8710132407144141 639
1634414392696 0.8689101362300206 640
1634414437657 0.8629918586387908 641
1634414482054 0.8618227964361161 642
1634414525829 0.8677113061181191 643
1634414569940 0.8767901361669919 644
1634414620765 0.8662260062382312 645
1634414664825 0.837100943831773 646
1634414708794 0.8718476898863606 647
1634414752641 0.8672757309350266 648
1634414797134 0.858372546132409 649
1634414840943 0.8644768588809366 650
1634414885054 0.8639043315932575 651
1634414928914 0.8700939238415855 652
1634414972927 0.8746721261440147 653
1634415016989 0.8705731956314199 654
1634415060903 0.8668305785365956 655
1634415104456 0.8730111808295541 656
1634415148141 0.8660771045145648 657
1634415192065 0.8685869663751955 658
1634415235717 0.8733141074861264 659
1634415282110 0.8717605409748751 660
1634415327035 0.865830839628332 661
1634415371071 0.8672644782297659 662
1634415414872 0.8637129114362642 663
1634415459001 0.8628216932435304 664
1634415502864 0.8684600660355041 665
1634415547033 0.8705909833677673 666
1634415590877 0.8707637090031872 667
1634415634967 0.8711504358383523 668
1634415678960 0.8697058054623656 669
1634415722813 0.8654225975684156 670
1634415766769 0.8667725124382192 671
1634415810670 0.8680897996070767 672
1634415854936 0.8609854330939583 673
1634415899138 0.8696738117119912 674
1634415943283 0.8660011454725625 675
1634415987099 0.8712341024025858 676
1634416031026 0.8680900630434198 677
1634416075190 0.8672077359229838 678
1634416118950 0.8541420879685465 679
1634416165045 0.8544215370374982 680
1634416209662 0.853453533388826 681
1634416253872 0.8648601266445084 682
1634416298230 0.867126253322442 683
1634416342147 0.8594004489888337 684
1634416386303 0.8576818124126642 685
1634416430570 0.8576256334565582 686
1634416475071 0.8689656103867378 687
1634416519206 0.8650863181962709 688
1634416563190 0.8721455388142545 689
1634416607382 0.87021093717531 690
1634416651880 0.8737737417409092 691
1634416696198 0.866507457470724 692
1634416740312 0.8623721850174529 693
1634416784599 0.8694798847538873 694
1634416828593 0.8735390857550073 695
1634416872690 0.8703149284039973 696
1634416916910 0.8679292015484914 697
1634416961050 0.8687575215415508 698
1634417005421 0.8661737381670276 699
1634417052030 0.8675082767537318 700
1634417096979 0.8649645846601081 701
1634417141620 0.8644408265812148 702
1634417186090 0.8610742709601764 703
1634417230554 0.8629959488153629 704
1634417275094 0.8543893131726725 705
1634417319500 0.8603447992713327 706
1634417363555 0.8582878363403778 707
1634417408141 0.839804110367352 708
1634417452428 0.8621482291339335 709
1634417496608 0.8712756927988901 710
1634417541068 0.8655521529699466 711
1634417585106 0.8666543084804705 712
1634417629674 0.8618418812279296 713
1634417674265 0.8624933512162353 714
1634417718625 0.8702284544911774 715
1634417763194 0.8687956274367181 716
1634417807885 0.8733584966058002 717
1634417852224 0.8760585099863517 718
1634417896423 0.868055557661535 719
1634417942715 0.8700406766781308 720
1634417988147 0.8678333106035555 721
1634418032708 0.8717920040194316 722
1634418077374 0.8695383477180417 723
1634418121689 0.8656759367176379 724
1634418166065 0.8679754097267026 725
1634418210919 0.8569309644512807 726
1634418255457 0.8715325970503031 727
1634418299956 0.8684728664253247 728
1634418344305 0.8725041981262334 729
1634418388662 0.8671018314473713 730
1634418433154 0.8661443682338799 731
1634418477624 0.8679879265320598 732
1634418522381 0.8655844012992369 733
1634418566687 0.8651216566860667 734
1634418611275 0.8692883903859437 735
1634418655483 0.8691825593692071 736
1634418699770 0.8743033647899997 737
1634418744081 0.8490779731937402 738
1634418788693 0.8686498436655492 739
1634418835360 0.8703985769384598 740
1634418880174 0.8654402473034248 741
1634418925234 0.8624130638604716 742
1634418970030 0.8666259296721197 743
1634419014686 0.8723027458524572 744
1634419059198 0.8747216504371289 745
1634419104220 0.8664167888091672 746
1634419148875 0.868291421130899 747
1634419193419 0.8699967272947735 748
1634419238126 0.8666178856523465 749
1634419282554 0.8700683444588461 750
1634419327137 0.8561178754692422 751
1634419371657 0.8693310085194264 752
1634419416234 0.8588876645821739 753
1634419460540 0.8637421570342556 754
1634419505319 0.8723494649689788 755
1634419550106 0.8693748720921388 756
1634419594420 0.8721275372037699 757
1634419638953 0.8717903347188273 758
1634419683732 0.8646848678087218 759
1634419730635 0.8695094869569748 760
1634419775835 0.8652726031639912 761
1634419820791 0.8638244561267843 762
1634419865889 0.8675378203169463 763
1634419911158 0.869892378990421 764
1634419955955 0.8608343949304215 765
1634420000997 0.865991640961037 766
1634420045883 0.862284135677104 767
1634420091180 0.868343575113636 768
1634420136209 0.8639079003743998 769
1634420181369 0.8642668398340471 770
1634420226317 0.8668906445667849 771
1634420271135 0.8584773283896179 772
1634420316140 0.8583760698416761 773
1634420360872 0.8558233137192109 774
1634420405901 0.8665156943232823 775
1634420450987 0.8666441995525317 776
1634420495844 0.8630538677849813 777
1634420540944 0.8573948962695175 778
1634420585965 0.8588865902054525 779
1634420632675 0.868122371115508 780
1634420678725 0.8561812140947831 781
1634420723854 0.8629483402105712 782
1634420768752 0.8610381222593108 783
1634420813774 0.8716651330451941 784
1634420858681 0.8693094212313458 785
1634420903652 0.8588036269656506 786
1634420948620 0.8635431448635321 787
1634420993733 0.8695028979974355 788
1634421038681 0.8600757390591205 789
1634421083420 0.8723205929895447 790
1634421128207 0.8635155945987639 791
1634421173129 0.8646214396486209 792
1634421218213 0.8651432465856701 793
1634421262878 0.8617740425841436 794
1634421307907 0.8656494098349587 795
1634421353169 0.8662643931856799 796
1634421398057 0.8557032882660383 797
1634421442626 0.8667262911176649 798
1634421487320 0.8702387747530933 799
1634421534526 0.8633050366238686 800
1634421579887 0.8644959095860704 801
1634421625159 0.8685254902839407 802
1634421670029 0.8641999503197869 803
1634421715149 0.8624109023548806 804
1634421759975 0.8658242151812733 805
1634421804573 0.8594541853986886 806
1634421849839 0.8738327376635106 807
1634421894908 0.8750642660017954 808
1634421939824 0.8752387700205873 809
1634421984432 0.8756709560012721 810
1634422029505 0.8655643894270137 811
1634422074367 0.872736454400918 812
1634422119395 0.8663231888884355 813
1634422164184 0.8705385429305192 814
1634422209098 0.8661416506401806 815
1634422253974 0.8655525822368653 816
1634422298798 0.8621963070049559 817
1634422343732 0.8647775025494454 818
1634422388750 0.8702294369303364 819
1634422435873 0.8655980670281623 820
1634422481853 0.8615199781787964 821
1634422527217 0.8649290291207743 822
1634422572139 0.8709852453625134 823
1634422617159 0.8630106695403655 824
1634422662093 0.8580496218974972 825
1634422707072 0.8604234714678815 826
1634422752285 0.8573332435383355 827
1634422797373 0.8673801940564039 828
1634422842495 0.8621218165811394 829
1634422887567 0.8672488392438766 830
1634422932933 0.8684221545093388 831
1634422978096 0.8656728208078989 832
1634423023351 0.8568405768548291 833
1634423068290 0.866585900419845 834
1634423113416 0.8679687312844205 835
1634423158606 0.8681080479144229 836
1634423203640 0.8640820590773295 837
1634423248915 0.8666642286418773 838
1634423294205 0.8705946647741852 839
1634423341293 0.8642869146379347 840
1634423386612 0.8763182824428813 841
1634423431472 0.865962897316877 842
1634423476686 0.8720987297543787 843
1634423521768 0.8684721482229105 844
1634423567194 0.86673737055858 845
1634423612152 0.8709121514185857 846
1634423657658 0.863174610156 847
1634423702873 0.8695494891736701 848
1634423747774 0.8723022294942868 849
1634423793197 0.8718740832611007 850
1634423838121 0.8667039302372389 851
1634423883347 0.8706029227465493 852
1634423928460 0.861585346368235 853
1634423973506 0.8726514066505221 854
1634424018801 0.876173434500667 855
1634424064246 0.8741816407458467 856
1634424109182 0.8727226390840412 857
1634424154142 0.8748422408695788 858
1634424199390 0.8719986824421465 859
1634424247202 0.8749517186089139 860
1634424292617 0.8617142316852451 861
1634424337852 0.8760328610561359 862
1634424383157 0.8763566732728596 863
1634424428656 0.8745467608097507 864
1634424473849 0.8735693198346753 865
1634424519134 0.8765301003373539 866
1634424564504 0.8717652814890794 867
1634424609794 0.8721961707862116 868
1634424655206 0.8720820694240041 869
1634424700547 0.8720193559495296 870
1634424745778 0.868576024380536 871
1634424790884 0.8656665437790476 872
1634424835714 0.8611532795969412 873
1634424881154 0.8744954287388146 874
1634424926089 0.8774514383293948 875
1634424980127 0.8769715683911637 876
1634425025533 0.86517495640372 877
1634425073587 0.8657007075710584 878
1634425118879 0.8794292176173812 879
1634425173975 0.8706554611631644 880
1634425219712 0.8644110012764199 881
1634425265517 0.8610342315625837 882
1634425310957 0.877339753307796 883
1634425356558 0.8788209194287224 884
1634425401879 0.8676998266671554 885
1634425447219 0.865247310910104 886
1634425492400 0.8736665993903716 887
1634425537566 0.8745479223460123 888
1634425583059 0.8787532049335213 889
1634425628577 0.8764239159089335 890
1634425674130 0.8731731917151727 891
1634425719446 0.8694531285377508 892
1634425764861 0.8702389727388364 893
1634425810076 0.8800155367234946 894
1634425860037 0.8712261577157882 895
1634425905388 0.867200887569882 896
1634425951029 0.8674851529951937 897
1634425996656 0.8642418030067296 898
1634426042140 0.8659348300217453 899
1634426090033 0.8702525136880481 900
1634426135459 0.8648436854287461 901
1634426181381 0.866246522450905 902
1634426226847 0.8725346500082563 903
1634426272545 0.8675586798329661 904
1634426318097 0.8646291221364695 905
1634426363553 0.8710205016603222 906
1634426409354 0.8695199236377772 907
1634426455080 0.8721414791840941 908
1634426500694 0.8700311633143296 909
1634426546465 0.870705221216406 910
1634426592368 0.863329212556791 911
1634426638008 0.8689505677200473 912
1634426683418 0.8693230470537426 913
1634426732611 0.8651491484681667 914
1634426778038 0.8760861394734307 915
1634426825999 0.8723035982010234 916
1634426871791 0.8688296794776187 917
1634426917669 0.8727309404274314 918
1634426963076 0.8726214571953281 919
1634427010996 0.8703987027358071 920
1634427057561 0.8751135807241757 921
1634427103584 0.8738706941831543 922
1634427149437 0.8693028967786116 923
1634427195357 0.8712289440016876 924
1634427240830 0.8710487439284776 925
1634427286888 0.8730584759846405 926
1634427332616 0.8678296806861644 927
1634427378003 0.8734158426283795 928
1634427423592 0.8749958901917694 929
1634427469027 0.8752001634019253 930
1634427514716 0.8756377825818282 931
1634427560825 0.873623657449996 932
1634427606562 0.871692203816348 933
1634427652306 0.8714294931595382 934
1634427698412 0.8710877008519347 935
1634427744444 0.8733817561798128 936
1634427790273 0.8719611690982847 937
1634427835836 0.8695702684504664 938
1634427881718 0.866662283596965 939
1634427929666 0.8721300123878168 940
1634427983143 0.8781747918421129 941
1634428028897 0.868274605147124 942
1634428074473 0.8694105973727241 943
1634428120309 0.8719898827040776 944
1634428166244 0.869432559988545 945
1634428211918 0.8753474535829221 946
1634428264348 0.8661658080867776 947
1634428316365 0.8638351922636819 948
1634428362363 0.8695991803928357 949
1634428408088 0.8657448725099944 950
1634428454504 0.8591405424289871 951
1634428500312 0.8708772812041301 952
1634428546794 0.8695601692292847 953
1634428592653 0.8719598138446959 954
1634428638740 0.8676631573752845 955
1634428685187 0.8739669232599595 956
1634428730973 0.8746183667703266 957
1634428777065 0.8636984561564804 958
1634428823189 0.8695294149956506 959
1634428871211 0.8699186003545302 960
1634428918043 0.866017392623618 961
1634428964501 0.8656883153156073 962
1634429010598 0.8755413958525445 963
1634429056761 0.8640714112026928 964
1634429108888 0.8608836136107043 965
1634429155240 0.871729231161193 966
1634429201382 0.8680388175086934 967
1634429247634 0.8658147979573895 968
1634429293827 0.8650444474270322 969
1634429340049 0.8737393952534739 970
1634429386113 0.8760480853999638 971
1634429432245 0.8700084169983626 972
1634429478427 0.8735185974070293 973
1634429524724 0.8741025559841001 974
1634429570954 0.8735699686508079 975
1634429617424 0.8661577395526396 976
1634429663511 0.8790574937768558 977
1634429709766 0.8764149937926156 978
1634429756015 0.8748023894025364 979
1634429804217 0.864310257320854 980
1634429850421 0.8668269225518073 981
1634429896960 0.8689996209878451 982
1634429942859 0.869282184820988 983
1634429988738 0.8695017518279748 984
1634430035142 0.8696663141699937 985
1634430081124 0.8710191175436669 986
1634430127798 0.8740373167290281 987
1634430174059 0.864514383782843 988
1634430220530 0.8679007400830364 989
1634430266977 0.8665433462163098 990
1634430313281 0.8718769805906446 991
1634430359408 0.8744474766019139 992
1634430405751 0.8710099538931577 993
1634430452454 0.8703260738149192 994
1634430498966 0.8743464685205433 995
1634430545294 0.8702977877295323 996
1634430591529 0.870607413171182 997
1634430638385 0.8756582105713633 998
1634430684612 0.8713161992546319 999
1634430733667 0.8692580455392871 1000
1634430780378 0.8745206364342982 1001
1634430826629 0.8706686545932399 1002
1634430872906 0.870755010310081 1003
1634430918829 0.8723158772189383 1004
1634430965022 0.8524645956701163 1005
1634431011330 0.8660269277016156 1006
1634431057668 0.8672069561499018 1007
1634431103887 0.864802258215269 1008
1634431150032 0.8657259927043526 1009
1634431196822 0.8683458569377538 1010
1634431242911 0.8739083051300297 1011
1634431289105 0.8741683094053733 1012
1634431335165 0.8736492883249245 1013
1634431382173 0.8787202401599111 1014
1634431428617 0.8747882854191705 1015
1634431475094 0.8816510642828548 1016
1634431526156 0.8722363756339262 1017
1634431572154 0.8700046309606404 1018
1634431618763 0.8714802156912118 1019
1634431667037 0.8757510920736422 1020
1634431713895 0.86582811292536 1021
1634431760597 0.8664073312702686 1022
1634431807062 0.8639269822045063 1023
1634431853636 0.8726407663298865 1024
1634431900389 0.873114518327687 1025
1634431946535 0.8743979426863451 1026
1634431993442 0.8716614746939982 1027
1634432039924 0.8758713793953993 1028
1634432086476 0.8695640534331266 1029
1634432132945 0.8742573456646248 1030
1634432179289 0.8758193406545451 1031
1634432225825 0.8699785171747227 1032
1634432272077 0.8743797199240515 1033
1634432318462 0.8655998459274875 1034
1634432364883 0.8748540037629536 1035
1634432411357 0.8743760889439405 1036
1634432458202 0.874715506846597 1037
1634432504903 0.8783493088926265 1038
1634432551944 0.8756264342657375 1039
1634432600936 0.8811398231187056 1040
1634432648510 0.8788840934785719 1041
1634432695448 0.8789082512312004 1042
1634432742395 0.8686618786423262 1043
1634432788986 0.8770656976776803 1044
1634432835504 0.8598033110495673 1045
1634432882461 0.872278155018533 1046
1634432929627 0.8741788425037881 1047
1634432976507 0.8733372384627159 1048
1634433023375 0.8825515937482112 1049
1634433074482 0.8836354615249632 1050
1634433126295 0.8758978205848302 1051
1634433172594 0.8706122691436304 1052
1634433219713 0.8631761773917983 1053
1634433266242 0.869934356254569 1054
1634433313018 0.8640249383925731 1055
1634433359567 0.8712513577558106 1056
1634433406496 0.8717819709505081 1057
1634433453357 0.8708157823475546 1058
1634433499812 0.8688532828921853 1059
1634433548623 0.8752873934863628 1060
1634433596948 0.8709067763091187 1061
1634433644041 0.875047562428494 1062
1634433692587 0.87673731779962 1063
1634433739497 0.8766253710025216 1064
1634433786267 0.8723838256415555 1065
1634433832674 0.8699904402497107 1066
1634433879867 0.8654825897619987 1067
1634433926452 0.8656619470971016 1068
1634433973724 0.8623865466783818 1069
1634434020282 0.8717000754896197 1070
1634434067216 0.8704210739819542 1071
1634434114196 0.8650159663256891 1072
1634434162792 0.8753409987349596 1073
1634434209454 0.8733697556898798 1074
1634434256040 0.8747121457511507 1075
1634434303147 0.873638943281854 1076
1634434349923 0.8718149938660099 1077
1634434396878 0.8758779669476021 1078
1634434446249 0.8765356420600039 1079
1634434495638 0.8776153618968962 1080
1634434542884 0.8750847695475978 1081
1634434589887 0.8731892519856652 1082
1634434638355 0.8767060296759587 1083
1634434685301 0.8770614962928293 1084
1634434732382 0.8759453459583142 1085
1634434778894 0.8735625566170262 1086
1634434827658 0.8761952698519163 1087
1634434874574 0.8709985505082143 1088
1634434922492 0.8754335308663002 1089
1634434969017 0.8708252086978375 1090
1634435016068 0.8799683448543282 1091
1634435062573 0.8717901684818006 1092
1634435112495 0.8733875772066801 1093
1634435159081 0.8727887007624467 1094
1634435206831 0.8771977423803968 1095
1634435253785 0.8700952843573352 1096
1634435300396 0.871177126290231 1097
1634435347394 0.8801748505715734 1098
1634435393781 0.8765408084788575 1099
1634435443019 0.8620700995103209 1100
1634435491898 0.871641829181644 1101
1634435538968 0.8692233541035097 1102
1634435589177 0.8703744126825049 1103
1634435636260 0.8692964120369445 1104
1634435683607 0.8683201589312953 1105
1634435730315 0.8680087431317107 1106
1634435780103 0.8707435955607697 1107
1634435827063 0.8715221570109464 1108
1634435880273 0.8713803815301329 1109
1634435928083 0.870342454268253 1110
1634435978207 0.8702349545351028 1111
1634436025130 0.8698625845354241 1112
1634436074724 0.8638592486042327 1113
1634436121938 0.8685617914679382 1114
1634436171413 0.8730528145753094 1115
1634436218558 0.8679415543319353 1116
1634436267382 0.8731480723107959 1117
1634436314849 0.85633557083301 1118
1634436364228 0.8675539100258403 1119
1634436413521 0.8639807863710425 1120
1634436462281 0.8682665623700682 1121
1634436510039 0.8685226427893897 1122
1634436558641 0.8646762707511348 1123
1634436605730 0.8670346333556125 1124
1634436654758 0.8702763563328969 1125
1634436701637 0.8689964543438564 1126
1634436751056 0.8731021973053135 1127
1634436798216 0.8701754099870289 1128
1634436848719 0.8701641666903047 1129
1634436896047 0.8712314027983907 1130
1634436945273 0.8714748981068833 1131
1634436992083 0.8666539649853343 1132
1634437042907 0.865219201083948 1133
1634437089745 0.8636645299520974 1134
1634437140718 0.869029614684964 1135
1634437188134 0.8746851706756938 1136
1634437237334 0.8678803269302796 1137
1634437284618 0.8682104327836362 1138
1634437335413 0.8693344237576572 1139
1634437384923 0.871062234830607 1140
1634437434860 0.8713318610549801 1141
1634437482358 0.8692256144800935 1142
1634437534272 0.8681944825200651 1143
1634437581903 0.8679784610150839 1144
1634437632063 0.8708241668098298 1145
1634437679024 0.8673631848256301 1146
1634437730750 0.8633957646488056 1147
1634437778136 0.8673039067969046 1148
1634437828697 0.8689136861350601 1149
1634437876386 0.8693008957257129 1150
1634437928269 0.8604306420790419 1151
1634437975397 0.8753714879987036 1152
1634438025294 0.8700706267954512 1153
1634438072674 0.8736635801916551 1154
1634438125266 0.8645550127148557 1155
1634438172474 0.8709923470968208 1156
1634438221957 0.8636090016931961 1157
1634438269098 0.8640570199290935 1158
1634438320656 0.8685064240404398 1159
1634438370118 0.8711777060611949 1160
1634438420554 0.8693047628016238 1161
1634438468249 0.8677677401572269 1162
1634438519365 0.8715393581511521 1163
1634438567084 0.8694205428542057 1164
1634438617635 0.8702229883434138 1165
1634438664888 0.8701346276674257 1166
1634438716622 0.8689922981770898 1167
1634438764231 0.8709657032348038 1168
1634438816395 0.8700608715426665 1169
1634438863964 0.8740178733632407 1170
1634438915604 0.8723507893239801 1171
1634438963308 0.8726891034657424 1172
1634439015007 0.8673035150275719 1173
1634439062692 0.8717594483191158 1174
1634439113134 0.8688310346782712 1175
1634439160868 0.8650206116301736 1176
1634439212122 0.8648233059767902 1177
1634439259686 0.8727154837875062 1178
1634439311175 0.86998262481861 1179
1634439361003 0.8675682724455853 1180
1634439412208 0.8716821943364881 1181
1634439459643 0.86937947655263 1182
1634439510922 0.8706538714927489 1183
1634439558553 0.865711132451343 1184
1634439609566 0.8736845561504847 1185
1634439657206 0.8728134549835944 1186
1634439708363 0.8753257935413822 1187
1634439755805 0.8736497875927995 1188
1634439807662 0.8694409750486795 1189
1634439855069 0.8708382731229872 1190
1634439905516 0.872571181649904 1191
1634439952820 0.8732528339819285 1192
1634440003786 0.8725390871759768 1193
1634440051277 0.8721564953563389 1194
1634440102862 0.8728695868291731 1195
1634440150570 0.8707066563965737 1196
1634440202821 0.8712556363908223 1197
1634440250689 0.8703597664253822 1198
1634440301703 0.8688924263914531 1199
1634440351723 0.8711215539137861 1200
1634440404701 0.8693774544155026 1201
1634440452766 0.861831360315896 1202
1634440500079 0.8655904519637925 1203
1634440547642 0.8669673193129642 1204
1634440599912 0.8698491439538069 1205
1634440647668 0.8712120101154285 1206
1634440700214 0.8693536371331817 1207
1634440748102 0.8655142319719352 1208
1634440795702 0.863613369474006 1209
1634440843365 0.8693631662373822 1210
1634440891104 0.8726981190053126 1211
1634440939143 0.872601923458483 1212
1634440987126 0.8697507947837005 1213
1634441034742 0.8699753349149596 1214
1634441087716 0.8695546506421433 1215
1634441135111 0.8699423476599966 1216
1634441183001 0.8696577899163611 1217
1634441230694 0.8724050628724885 1218
1634441278525 0.8716396729629481 1219
1634441328448 0.8729196505264948 1220
1634441381462 0.8713218557101865 1221
1634441429415 0.8665871315437362 1222
1634441482399 0.8687190466818938 1223
1634441530585 0.8709477303568274 1224
1634441578143 0.8731675763354985 1225
1634441625750 0.8707918140779648 1226
1634441673804 0.8754752440184546 1227
1634441721695 0.8736786746766737 1228
1634441769654 0.8713772518384598 1229
1634441817416 0.8685042614567918 1230
1634441866915 0.8737373573547109 1231
1634441914772 0.8501545235428799 1232
1634441962402 0.8733507122479062 1233
1634442010388 0.871908356287228 1234
1634442063634 0.8715818266969323 1235
1634442111425 0.8721821897557062 1236
1634442159457 0.8743204274399684 1237
1634442207777 0.8702591033797706 1238
1634442255680 0.872344147136163 1239
1634442305766 0.869387608458219 1240
1634442354651 0.8732466691497978 1241
1634442403235 0.8763433938081506 1242
1634442456995 0.8728468600601195 1243
1634442505190 0.8727698340257993 1244
1634442558173 0.8735808935002299 1245
1634442606422 0.8738275947702586 1246
1634442659487 0.8683056904299066 1247
1634442707288 0.8698053832401661 1248
1634442755387 0.8685862480339624 1249
1634442803161 0.8732261305939539 1250
1634442851332 0.8750124160861751 1251
1634442899177 0.8748153271806143 1252
1634442947255 0.8777004480874536 1253
1634442995484 0.8750527531270944 1254
1634443043715 0.8700113116063662 1255
1634443091757 0.8673365203663174 1256
1634443139136 0.8726955879180114 1257
1634443188241 0.8708165663103851 1258
1634443238761 0.8763471816768785 1259
1634443289156 0.8791610611546353 1260
1634443338023 0.8784605735496055 1261
1634443386033 0.8782062364119105 1262
1634443434030 0.8726904233565762 1263
1634443482393 0.8774884698867781 1264
1634443531109 0.8535673217994495 1265
1634443580086 0.8712085910570492 1266
1634443628426 0.8764934500742924 1267
1634443677840 0.8729455203742404 1268
1634443727391 0.8705057001736722 1269
1634443776501 0.8719868726277327 1270
1634443825094 0.8769352639061209 1271
1634443874340 0.8678837962307688 1272
1634443922810 0.8669533591268395 1273
1634443971798 0.8711899016844238 1274
1634444019760 0.86717899202674 1275
1634444068757 0.8761346319318274 1276
1634444117569 0.8737055427357576 1277
1634444166462 0.8751083232772233 1278
1634444216479 0.8748628322063033 1279
