1634387547426 0.5639249498949553 1
1634387588666 0.6843198557380984 2
1634387630137 0.7195892407326548 3
1634387671532 0.7486516917675012 4
1634387711873 0.7697257378517899 5
1634387752598 0.7905373721404445 6
1634387793151 0.7847975759389008 7
1634387833833 0.7981141819343612 8
1634387874635 0.8122688290840083 9
1634388036781 0.8202644375846102 13
1634388117431 0.826719241342569 15
1634388362709 0.8457818575895943 21
1634388444217 0.8427472422656669 23
1634388484149 0.8460022636356301 24
1634388723068 0.8449455667863929 30
1634388882567 0.850964068464598 34
1634389082011 0.8589163941209164 39
1634389765033 0.8722213492439922 56
1634389805418 0.8772560621610406 57
1634390007848 0.866236726237314 62
1634390248376 0.8762940505623872 68
1634390569894 0.8747605450538982 76
1634394136662 0.8805865658916009 164
1634394666426 0.8802827507253762 177
1634394748851 0.8767109752573045 179
1634394997527 0.8783791566320445 185
1634396023014 0.8821978824298875 210
1634397092015 0.883906286322414 236
1634397260121 0.884003314193187 240
1634400461043 0.882676054171347 317
1634400632159 0.8838255747496662 321
1634402569144 0.8927324147462223 367
1634402825005 0.8929220557414845 373
1634403123681 0.8856270745116704 380
1634403552973 0.8922453284627972 390
1634403892464 0.8975414807575082 398
1634407666639 0.8906847738972702 486
1634410272762 0.8965502308464877 546
1634410882616 0.8973454658746965 560
1634411753744 0.8936705375949108 580
1634412061864 0.8986334637232108 587
1634414166496 0.8943797331115243 635
1634414571482 0.8954585677342002 644
1634424928212 0.8997516022840408 875
1634425120921 0.9019548279157357 879
1634425812385 0.8984786686951353 894
1634431477486 0.8997679320660503 1016
1634433025683 0.8961466290044381 1049
1634433077013 0.8973416627070107 1050
