1634387547350 0.5639249498949553 1
1634387588511 0.6843198557380984 2
1634387629989 0.7195892407326548 3
1634387671380 0.7486516917675012 4
1634387711719 0.7697257378517899 5
1634387752440 0.7905373721404445 6
1634387792994 0.7847975759389008 7
1634387833674 0.7981141819343612 8
1634387874483 0.8122688290840083 9
1634387915050 0.8075791223914903 10
1634387955333 0.8076413605248974 11
1634387996002 0.7808489337339536 12
1634388036629 0.8202644375846102 13
1634388076953 0.8154731378329374 14
1634388117272 0.826719241342569 15
1634388157943 0.8151245328731472 16
1634388197891 0.8313651011848516 17
1634388238917 0.7936353306031126 18
1634388279508 0.810744548686986 19
1634388322073 0.8187241207402187 20
1634388362551 0.8457818575895943 21
1634388403797 0.8327782183273095 22
1634388444042 0.8427472422656669 23
1634388483972 0.8460022636356301 24
1634388524069 0.836172921306852 25
1634388563818 0.828039913402389 26
1634388603828 0.8365190370251112 27
1634388643475 0.8357530116929199 28
1634388683199 0.8386565705756568 29
1634388722891 0.8449455667863929 30
1634388763255 0.85239692612754 31
1634388802817 0.847855570114751 32
1634388842712 0.8248579574920238 33
1634388882373 0.850964068464598 34
1634388922360 0.8600644988650126 35
1634388962517 0.8497380871281743 36
1634389002175 0.8595421087786418 37
1634389042253 0.8591027358046963 38
1634389081817 0.8589163941209164 39
1634389124430 0.8546139335574456 40
1634389164341 0.8634103779804086 41
1634389204513 0.865651627630303 42
1634389244594 0.8487980162944135 43
1634389284581 0.8596315726202162 44
1634389324469 0.8704534131510446 45
1634389365036 0.8613310704811955 46
1634389405179 0.8556626418327031 47
1634389444973 0.862699422723021 48
1634389484860 0.8652345942693334 49
1634389525036 0.8559265766044425 50
1634389564653 0.8476689121850859 51
1634389604765 0.865177437354094 52
1634389644536 0.8529224121681888 53
1634389684671 0.8707088803990928 54
1634389724909 0.8582433229406079 55
1634389764799 0.8722213492439922 56
1634389805181 0.8772560621610406 57
1634389845288 0.8640382969755553 58
1634389885294 0.8633497936559085 59
1634389927161 0.8660201141201734 60
1634389967434 0.8641474259160328 61
1634390007576 0.866236726237314 62
1634390047957 0.8651690457382835 63
1634390087988 0.8533006254346917 64
1634390127859 0.86901179455168 65
1634390168137 0.8435560832211726 66
1634390208145 0.8546309361001139 67
1634390248102 0.8762940505623872 68
1634390288856 0.8526851648797197 69
1634390329189 0.873764167338494 70
1634390369019 0.8370477627822407 71
1634390409277 0.8629683008996708 72
1634390449321 0.8675928861814142 73
1634390489460 0.8589199432108463 74
1634390529734 0.8543802413723196 75
1634390569618 0.8747605450538982 76
1634390610198 0.8734805607561439 77
1634390650428 0.8682865899035495 78
1634390690538 0.8696323134339105 79
1634390732947 0.8740179047873413 80
1634390773024 0.8517498339423918 81
1634390813332 0.8774860115809474 82
1634390853700 0.8822241830967112 83
1634390894110 0.8807844184360908 84
1634390934259 0.8742139408043916 85
1634390974450 0.8654187670093703 86
1634391014899 0.8707315520468062 87
1634391055010 0.8688544125767571 88
1634391095434 0.8662751285078575 89
1634391135893 0.879966194353845 90
1634391175807 0.8663124672948723 91
1634391215855 0.8744672919775979 92
1634391256153 0.8590079923022308 93
1634391296457 0.8714969276762327 94
1634391336658 0.8654580150663415 95
1634391376982 0.8663114964069574 96
1634391417370 0.8649357744122406 97
1634391457501 0.8637138298148583 98
1634391497797 0.8746517546165402 99
1634391540319 0.8754607953968622 100
1634391580774 0.8817735415026313 101
1634391621157 0.8607178200543827 102
1634391661306 0.8674856596450179 103
1634391701444 0.8796168378420349 104
1634391741759 0.8718985613641694 105
1634391781947 0.8747133545877935 106
1634391822241 0.8701503915624782 107
1634391862661 0.868101929517858 108
1634391903061 0.8696135825404618 109
1634391943393 0.8797179218569363 110
1634391983907 0.86500323683279 111
1634392024318 0.8581618686053636 112
1634392064687 0.8769467938565981 113
1634392104740 0.866541244934911 114
1634392145084 0.8582017762368095 115
1634392185204 0.8685872712153503 116
1634392225668 0.8717901730357381 117
1634392266112 0.8653779809877774 118
1634392306447 0.8712894105240896 119
1634392348948 0.8566934964444368 120
1634392389217 0.8693823426128632 121
1634392429820 0.8682573831100405 122
1634392470028 0.8744256573975675 123
1634392510551 0.8824624058508027 124
1634392551161 0.8614097857496014 125
1634392591805 0.8646082207365865 126
1634392632316 0.8742695832074865 127
1634392672645 0.8693131341708316 128
1634392713318 0.8723832867602018 129
1634392753632 0.8656553920524345 130
1634392794077 0.8707899036368147 131
1634392834325 0.8567702925782792 132
1634392874813 0.86802140200747 133
1634392915177 0.8708672613698839 134
1634392955749 0.8669712233757098 135
1634392996132 0.8597871715688178 136
1634393036590 0.8709897704502293 137
1634393077142 0.8737962688841286 138
1634393117487 0.8790492639817581 139
1634393160229 0.8678597730591386 140
1634393201051 0.8725095030318035 141
1634393241651 0.869733254060766 142
1634393282433 0.8771808493912717 143
1634393322981 0.8742218954219994 144
1634393363475 0.8791665088038244 145
1634393404304 0.8717803436339756 146
1634393444800 0.8665499635662993 147
1634393485225 0.8629478145051783 148
1634393525689 0.8667071030822403 149
1634393566572 0.8698904561560056 150
1634393607343 0.8709744802727376 151
1634393647615 0.8705723407324768 152
1634393688048 0.8776494230785928 153
1634393728484 0.8661995284123389 154
1634393768893 0.8718064598083288 155
1634393809311 0.8752248616531341 156
1634393849920 0.8708743922154406 157
1634393890378 0.8717345757831411 158
1634393930845 0.8765349600832413 159
1634393973669 0.8632662835127178 160
1634394014333 0.8696144503695787 161
1634394054853 0.8674915285349666 162
1634394095604 0.8735735268528287 163
1634394136183 0.8805865658916009 164
1634394177919 0.8694261246749263 165
1634394218437 0.8719765009341083 166
1634394259240 0.8695378808029938 167
1634394299941 0.8767800834617677 168
1634394340826 0.8775573515677284 169
1634394381232 0.8563685956355611 170
1634394421853 0.87686790346484 171
1634394462344 0.8741480948018597 172
1634394502881 0.8698078860698373 173
1634394543462 0.8679367088800674 174
1634394584295 0.8725841394390403 175
1634394625045 0.8622443089987545 176
1634394665949 0.8802827507253762 177
1634394707564 0.8714186580845771 178
1634394748381 0.8767109752573045 179
1634394792153 0.862134191107213 180
1634394832998 0.8690026916894183 181
1634394874035 0.8580197470870465 182
1634394914794 0.8673131303940537 183
1634394955943 0.8727376098662747 184
1634394996995 0.8783791566320445 185
1634395038808 0.8739992703231033 186
1634395079761 0.8715213313346459 187
1634395120653 0.8804736310245568 188
1634395161467 0.8732019977251401 189
1634395202581 0.8801689185028303 190
1634395243354 0.8717406108134155 191
1634395283939 0.8729558269158124 192
1634395324852 0.8753506829217207 193
1634395365446 0.8752767613487994 194
1634395406184 0.8739472042513834 195
1634395447161 0.8716049580465858 196
1634395487749 0.8799814760587623 197
1634395528663 0.8793539731446237 198
1634395569547 0.8605232560786891 199
1634395612749 0.8651288509985087 200
1634395653883 0.8704670036337214 201
1634395694770 0.8762329485917666 202
1634395735767 0.8739556020192187 203
1634395776895 0.8647611164763082 204
1634395817784 0.8749374533380545 205
1634395858756 0.8750588531572362 206
1634395899703 0.8760709935033096 207
1634395940411 0.8753745059163687 208
1634395981433 0.8780886886961653 209
1634396022454 0.8821978824298875 210
1634396064268 0.869273925954122 211
1634396105137 0.8738572761400251 212
1634396145908 0.8799447952111203 213
1634396187024 0.8783114150911552 214
1634396228085 0.8754585331983941 215
1634396268879 0.8717857551983184 216
1634396309817 0.8770979419331932 217
1634396350889 0.8757381465057926 218
1634396391657 0.8804759486937732 219
1634396434935 0.8755638132113988 220
1634396475799 0.8723188490579837 221
1634396516894 0.8783805091413897 222
1634396558123 0.8824413618911761 223
1634396599030 0.8653013458576523 224
1634396640095 0.8739337514623132 225
1634396681344 0.8802637996093884 226
1634396722474 0.8771140920046294 227
1634396763482 0.8814623816181234 228
1634396804313 0.8791475166489952 229
1634396845103 0.8828897943071172 230
1634396886137 0.8783605986589357 231
1634396926977 0.8826469328044402 232
1634396967948 0.8778208308610733 233
1634397009175 0.8742613567027967 234
1634397050325 0.8777405491606408 235
1634397091400 0.883906286322414 236
1634397133624 0.8798463380914157 237
1634397174959 0.8779235506907767 238
1634397215796 0.8732954139755067 239
1634397259473 0.884003314193187 240
1634397302141 0.8790891999201923 241
1634397343540 0.8774914701054659 242
1634397384485 0.8724053243289551 243
1634397425768 0.8737086798617989 244
1634397467057 0.8849278946041996 245
1634397508119 0.8849000215823515 246
1634397549690 0.8892514460298131 247
1634397590740 0.8853747934930526 248
1634397632263 0.8822181318269393 249
1634397673624 0.8779723764907169 250
1634397714541 0.8793261153757732 251
1634397755692 0.8744965036429307 252
1634397796633 0.8758736366773214 253
1634397837760 0.8836999126905609 254
1634397878653 0.8829199107772308 255
1634397919701 0.8772983470681539 256
1634397961053 0.8818540934430945 257
1634398002073 0.8822382970061885 258
1634398043047 0.881365863025017 259
1634398086732 0.8806212812153216 260
1634398128120 0.8644132127884155 261
1634398169206 0.8790224331917198 262
1634398210651 0.8753203969003643 263
1634398251997 0.8769810252361572 264
1634398293376 0.879962760218839 265
1634398334441 0.8865712798581274 266
1634398376073 0.8870506075426265 267
1634398417299 0.874730060977112 268
1634398458657 0.8758803264031546 269
1634398500271 0.8772497828298091 270
1634398541473 0.8838716122022775 271
1634398583013 0.8807539791064207 272
1634398624554 0.8792274274176478 273
1634398665600 0.8825493436499171 274
1634398706875 0.8751476443646845 275
1634398748103 0.8828649659467052 276
1634398789405 0.868059188825458 277
1634398830928 0.8751590653025408 278
1634398872251 0.8773126307412824 279
1634398916121 0.8894092301611947 280
1634398957907 0.8781012332609218 281
1634398999331 0.8813006105983824 282
1634399040820 0.8856191181734866 283
1634399082584 0.882402135057049 284
1634399124222 0.8854859931991372 285
1634399165742 0.8799604865717696 286
1634399207313 0.8794736828799993 287
1634399248655 0.8818562451647015 288
1634399290359 0.8741730188710649 289
1634399331803 0.8814180394639815 290
1634399373569 0.88347208832929 291
1634399414875 0.8815030789579851 292
1634399456567 0.8759475374011122 293
1634399498144 0.8760733467636342 294
1634399539559 0.8821989531693796 295
1634399581188 0.8873093696398627 296
1634399622773 0.8814231331936161 297
1634399664093 0.8836181830729327 298
1634399705796 0.8800645175444997 299
1634399749447 0.8774366156050609 300
1634399791175 0.8756985993845771 301
1634399833145 0.8817523313065896 302
1634399874827 0.8744593356283505 303
1634399916481 0.8769002585578021 304
1634399958212 0.8824854286309227 305
1634399999977 0.8789768132515835 306
1634400041918 0.8764612273631324 307
1634400083691 0.8779674657317942 308
1634400125517 0.8801299114529687 309
1634400167513 0.8863311394706004 310
1634400209109 0.8844760744184954 311
1634400250972 0.8834679081101956 312
1634400292757 0.884214068355187 313
1634400334757 0.885979936922013 314
1634400376549 0.8826903817587107 315
1634400418284 0.8759257498848404 316
1634400460198 0.882676054171347 317
1634400503651 0.8852317464389594 318
1634400545493 0.882415646007415 319
1634400589365 0.8835792728486092 320
1634400631257 0.8838255747496662 321
1634400674989 0.888471461166016 322
1634400716912 0.8775680351121538 323
1634400758942 0.8846490565449459 324
1634400800726 0.8855411600718753 325
1634400842673 0.8845867823916976 326
1634400884590 0.8855456011350391 327
1634400926557 0.887590852401818 328
1634400968549 0.8841977905319569 329
1634401010195 0.8827001391796353 330
1634401051831 0.8777961791115769 331
1634401093643 0.8832067445799651 332
1634401135617 0.8805103270388553 333
1634401177788 0.8844723791574325 334
1634401219918 0.8876962074800117 335
1634401261876 0.8872420596551547 336
1634401303560 0.8812043358788544 337
1634401345576 0.8872468268242832 338
1634401387643 0.8806048190837128 339
1634401431529 0.887241992111462 340
1634401473658 0.8863749787450913 341
1634401515970 0.8864640771419415 342
1634401557625 0.8777742725203506 343
1634401599661 0.8815234444637372 344
1634401641445 0.8808553019287791 345
1634401683505 0.878195973292214 346
1634401725458 0.8827836081589605 347
1634401767481 0.8874266629824261 348
1634401809852 0.8774821027716362 349
1634401851595 0.8777883497528576 350
1634401893558 0.8827716232779584 351
1634401935567 0.8806569846298928 352
1634401977476 0.8879933838884141 353
1634402019450 0.8913938603032675 354
1634402061683 0.8938092690161921 355
1634402103879 0.8837426907425643 356
1634402145993 0.8936467774634318 357
1634402187852 0.891725132418049 358
1634402229978 0.8918016983235185 359
1634402274199 0.8836423481339234 360
1634402316248 0.8894226553534984 361
1634402358303 0.8881125150594075 362
1634402400165 0.8819199045220683 363
1634402442152 0.8910966067570514 364
1634402484168 0.8913188253237928 365
1634402526077 0.8911438582902038 366
1634402568194 0.8927324147462223 367
1634402611835 0.8893371467070493 368
1634402653699 0.885580683677761 369
1634402695554 0.8860353367657369 370
1634402739614 0.89019108205693 371
1634402781869 0.885382787529611 372
1634402824086 0.8929220557414845 373
1634402868036 0.89555148924197 374
1634402910304 0.8812688619066341 375
1634402952433 0.87961045308795 376
1634402994636 0.8873731629187779 377
1634403036545 0.8891229271503766 378
1634403078608 0.88301504637828 379
1634403122660 0.8856270745116704 380
1634403166700 0.8855544633497876 381
1634403208979 0.8883230690229078 382
1634403251291 0.8924194562328026 383
1634403293388 0.8878629458050952 384
1634403335710 0.8861698904752763 385
1634403378121 0.8890844278672824 386
1634403420347 0.8887945232242553 387
1634403463087 0.8894135257943135 388
1634403505640 0.8917104366609734 389
1634403552025 0.8922453284627972 390
1634403595981 0.8867331301231677 391
1634403638035 0.8883752736082967 392
1634403680432 0.8919162470119496 393
1634403722554 0.8865452063827427 394
1634403764811 0.8834774451207656 395
1634403807076 0.8856728137749658 396
1634403849432 0.8983135373237107 397
1634403891455 0.8975414807575082 398
1634403935908 0.8895272087706297 399
1634403980587 0.8869440064016676 400
1634404023105 0.8868755256735777 401
1634404065260 0.881889949137465 402
1634404107629 0.8922218105754578 403
1634404150175 0.8858276470770239 404
1634404192517 0.88367291520901 405
1634404234806 0.8875043422840501 406
1634404276946 0.891356253047788 407
1634404319421 0.8831484821624542 408
1634404361874 0.8891747109442324 409
1634404404404 0.8859272372740723 410
1634404446972 0.8890691242219023 411
1634404489443 0.8920821064650871 412
1634404532104 0.8931013010920101 413
1634404574636 0.8943209105615776 414
1634404617165 0.8945258893378422 415
1634404659793 0.8922452381505164 416
1634404701959 0.889121646721892 417
1634404744602 0.8848262301117094 418
1634404786984 0.8921938175278746 419
1634404831689 0.8874713658545267 420
1634404873993 0.888219826079125 421
1634404916785 0.8855579839805144 422
1634404959282 0.8861971651368411 423
1634405002041 0.8833559051444145 424
1634405044328 0.8895967172009926 425
1634405086934 0.8886130551737271 426
1634405129492 0.8899533369747543 427
1634405172124 0.8918105771233665 428
1634405214807 0.8890024498187685 429
1634405257423 0.880478023050636 430
1634405300194 0.8878623253175918 431
1634405342883 0.881489398662642 432
1634405385402 0.889059403196629 433
1634405427921 0.8996465049747336 434
1634405470480 0.888207812715872 435
1634405512659 0.9006264897006506 436
1634405555357 0.8935646496644999 437
1634405597881 0.8911778164283527 438
1634405640106 0.8925195355568953 439
1634405684957 0.8890963987028391 440
1634405727520 0.8926668497174418 441
1634405770055 0.8886734263579584 442
1634405812821 0.8936006420850484 443
1634405855279 0.8920014147902604 444
1634405897508 0.8918622585000479 445
1634405940160 0.8859103305536036 446
1634405982593 0.889905631308707 447
1634406025326 0.8984019784102888 448
1634406068037 0.8922721951073678 449
1634406110642 0.8937155975309182 450
1634406157995 0.8909618327600314 451
1634406200693 0.8965072465359053 452
1634406243350 0.8974992399080115 453
1634406286067 0.8976569836240772 454
1634406328717 0.8992977974915931 455
1634406371549 0.8938173369605856 456
1634406414212 0.8940041116772725 457
1634406456933 0.892310830482305 458
1634406499395 0.8917290694622638 459
1634406544248 0.8940155838674516 460
1634406587043 0.8969841345072364 461
1634406629902 0.8887935265872182 462
1634406672720 0.9004705071930504 463
1634406715949 0.8973980850821461 464
1634406758990 0.8970224122232118 465
1634406802584 0.8968161882425365 466
1634406845854 0.888890473550217 467
1634406888494 0.8988898018251403 468
1634406931383 0.8907251488402564 469
1634406974269 0.8982434047361637 470
1634407017243 0.8881264007335051 471
1634407060036 0.8941214809854182 472
1634407103119 0.8995214216115336 473
1634407145887 0.8972291929874073 474
1634407188729 0.89877050226895 475
1634407231668 0.8921587713532989 476
1634407274560 0.8939404640956089 477
1634407317265 0.8949106461399847 478
1634407360157 0.8974588573534509 479
1634407405479 0.8962909551963709 480
1634407448412 0.8872619863740236 481
1634407491198 0.8891716282487874 482
1634407534305 0.8924254530790052 483
1634407577324 0.8914843013275272 484
1634407622513 0.8945726011294461 485
1634407665357 0.8906847738972702 486
1634407710556 0.8952193867186533 487
1634407753799 0.8960263752194341 488
1634407797429 0.8961333851474471 489
1634407840929 0.8945632887638562 490
1634407884478 0.8976944170241906 491
1634407928064 0.8965218206812643 492
1634407971110 0.8972219480015563 493
1634408014114 0.9013431435185553 494
1634408056880 0.8877144493057799 495
1634408099804 0.8982179749230674 496
1634408147809 0.9002941083922189 497
1634408190465 0.8974565754670047 498
1634408233473 0.8914570985206649 499
1634408278166 0.900948389349905 500
1634408321084 0.895090068924042 501
1634408363939 0.9003110566679421 502
1634408406999 0.9005227799951643 503
1634408450009 0.8934209273285427 504
1634408493222 0.8963661603022335 505
1634408536140 0.8960359564267346 506
1634408578904 0.8947654671283136 507
1634408622053 0.8991778316663599 508
1634408665130 0.8968552848790124 509
1634408708315 0.8947953685581902 510
1634408751453 0.8872762101564491 511
1634408794427 0.8951567505820771 512
1634408836925 0.8937122916244531 513
1634408879877 0.8925899700602675 514
1634408922663 0.8949978600650166 515
1634408965694 0.894515712145947 516
1634409008365 0.8947305600946481 517
1634409051566 0.8904575000995657 518
1634409094292 0.8944318229221303 519
1634409139589 0.8931047547276348 520
1634409182727 0.8968184574525168 521
1634409225641 0.8930694343541034 522
1634409268777 0.889429219191959 523
1634409311615 0.8958667655519944 524
1634409354614 0.889757766100225 525
1634409397602 0.8871172788893356 526
1634409440859 0.8879558847347094 527
1634409483837 0.8940405683215387 528
1634409527002 0.8967204527428487 529
1634409570239 0.8956778831177883 530
1634409613372 0.8893800776973979 531
1634409656401 0.8998261082161414 532
1634409699566 0.8984514075469247 533
1634409744359 0.8935364074689949 534
1634409787705 0.8910890013485169 535
1634409830672 0.8865467178426348 536
1634409873764 0.8933901722951144 537
1634409923937 0.8879737625112591 538
1634409966775 0.8934217949082518 539
1634410012037 0.8882243338575004 540
1634410055389 0.894662130313647 541
1634410098393 0.8942247715943673 542
1634410141499 0.8885396599476754 543
1634410184928 0.9008547813305132 544
1634410227958 0.8926153661029614 545
1634410271364 0.8965502308464877 546
1634410316812 0.8911669157187905 547
1634410359932 0.8903451276570217 548
1634410403349 0.8921359850814095 549
1634410446607 0.895952791531708 550
1634410489868 0.8924340396579521 551
1634410533269 0.8904045842831289 552
1634410576464 0.8974500113372146 553
1634410619417 0.895393485401335 554
1634410662748 0.8913058270753013 555
1634410705884 0.8854856398069431 556
1634410749126 0.8967380299046125 557
1634410792337 0.8880120132019272 558
1634410835518 0.8931379464369043 559
1634410881150 0.8973454658746965 560
1634410927583 0.8933578287466115 561
1634410970604 0.8953751695273897 562
1634411014305 0.885760254713373 563
1634411057719 0.8956271448972666 564
1634411100857 0.8929093581766259 565
1634411144350 0.895130989309221 566
1634411187460 0.8956551438567355 567
1634411230758 0.8983074757956895 568
1634411274252 0.8849135222850595 569
1634411317671 0.8961424767520927 570
1634411361010 0.8968578679375976 571
1634411404332 0.895733298537218 572
1634411447824 0.8935265785318833 573
1634411491251 0.890625041259618 574
1634411534395 0.89595524083408 575
1634411577431 0.8956103772668061 576
1634411620273 0.8909936660770423 577
1634411663600 0.8974855024430425 578
1634411706789 0.8919528587654217 579
1634411752173 0.8936705375949108 580
1634411798623 0.8897332340423253 581
1634411842623 0.8927210238637806 582
1634411886320 0.8952289990574123 583
1634411929894 0.8928503176239345 584
1634411973493 0.8969492268488474 585
1634412016986 0.8957831875524535 586
1634412060374 0.8986334637232108 587
1634412108240 0.8967110933103486 588
1634412151478 0.8954880698086318 589
1634412194789 0.8974366047715538 590
1634412238435 0.8932767277472063 591
1634412281810 0.8897375477211491 592
1634412325248 0.8922781443272062 593
1634412369107 0.8955641991455202 594
1634412412614 0.8877737865475857 595
1634412456211 0.9003245924131558 596
1634412499924 0.8964649057935267 597
1634412543496 0.8980373148000693 598
1634412586939 0.8997369184506254 599
1634412632655 0.8929795152818409 600
1634412676605 0.8956979128242083 601
1634412719999 0.9018189389352932 602
1634412763833 0.9009911595553269 603
1634412807791 0.8989016918394028 604
1634412851705 0.8909745514041304 605
1634412895355 0.9003902075116361 606
1634412939160 0.8947331075059693 607
1634412982943 0.8980437626173164 608
1634413026407 0.9035084000693233 609
1634413069917 0.894363791844149 610
1634413113361 0.8969687067401483 611
1634413156680 0.8954135427169723 612
1634413200202 0.8960987348445832 613
1634413243796 0.8988076295360339 614
1634413287431 0.8913814790822568 615
1634413330893 0.8987124081904923 616
1634413374519 0.8922389295243371 617
1634413418129 0.8953612629604893 618
1634413461549 0.8861820092761196 619
1634413507431 0.896442319128774 620
1634413551126 0.8918661573363208 621
1634413594913 0.8912907889351586 622
1634413638831 0.8992295680780474 623
1634413682428 0.8938668706341507 624
1634413726481 0.8911308124407445 625
1634413770250 0.8997090360478841 626
1634413814365 0.8875309539082796 627
1634413858131 0.8976132462565073 628
1634413902145 0.9002067038365407 629
1634413945781 0.8942629265437121 630
1634413989489 0.9025465172620005 631
1634414033162 0.8896134035599487 632
1634414076927 0.8888937293332319 633
1634414120880 0.8979248855434351 634
1634414165016 0.8943797331115243 635
1634414214444 0.892260618262076 636
1634414258397 0.8957463050401505 637
1634414302642 0.8971565904334706 638
1634414346512 0.8942237079265256 639
1634414392695 0.9011117489147135 640
1634414437656 0.8950935877299486 641
1634414482053 0.8943464348661478 642
1634414525828 0.8951688759763878 643
1634414569939 0.8954585677342002 644
1634414620764 0.8895359966559376 645
1634414664824 0.893282755958534 646
1634414708793 0.8992126460080802 647
1634414752640 0.8946886264155423 648
1634414797133 0.8951287047100918 649
1634414840942 0.8870536972418439 650
1634414885053 0.8960996476541044 651
1634414928913 0.8977958647484148 652
1634414972926 0.8931352404130773 653
1634415016988 0.8937410054120168 654
1634415060902 0.8993260224890669 655
1634415104455 0.8913132850936435 656
1634415148140 0.8974434065835826 657
1634415192063 0.8910061424136773 658
1634415235715 0.8916455770893733 659
1634415282109 0.8991160634515368 660
1634415327034 0.893095541128674 661
1634415371070 0.89980442471487 662
1634415414871 0.8948097199937657 663
1634415459000 0.893816912162482 664
1634415502863 0.9000980010240073 665
1634415547032 0.8983439047388203 666
1634415590876 0.8939499869167615 667
1634415634966 0.889272161761458 668
1634415678959 0.8968389081155083 669
1634415722812 0.8926454280882531 670
1634415766768 0.8844698478276384 671
1634415810669 0.9002026129666054 672
1634415854935 0.8974838562639227 673
1634415899137 0.8973326641952724 674
1634415943282 0.8984115193671842 675
1634415987098 0.8939247795720816 676
1634416031025 0.8950482657439962 677
1634416075189 0.8940704289868122 678
1634416118949 0.8904643534012178 679
1634416165044 0.8902094353766088 680
1634416209661 0.8897051778389621 681
1634416253871 0.8920252678388169 682
1634416298229 0.8986121474835496 683
1634416342146 0.8951870286663173 684
1634416386302 0.893822627158365 685
1634416430569 0.8937603669750515 686
1634416475070 0.8960185888306632 687
1634416519205 0.8968740124340115 688
1634416563189 0.8943880971395088 689
1634416607381 0.8973987190344931 690
1634416651878 0.9013471880118321 691
1634416696197 0.8984489863721941 692
1634416740311 0.893316164656748 693
1634416784598 0.896588532072607 694
1634416828591 0.8918923644761559 695
1634416872689 0.8929113313172278 696
1634416916909 0.8857386649639064 697
1634416961049 0.8911941904176072 698
1634417005420 0.8883454036200561 699
1634417052029 0.8949450230874478 700
1634417096978 0.8910227238441618 701
1634417141619 0.9008019570723379 702
1634417186089 0.8924276714249378 703
1634417230553 0.8945573659551702 704
1634417275093 0.8856087299083312 705
1634417319499 0.8921750350940336 706
1634417363554 0.8899071016060577 707
1634417408140 0.8853362766255652 708
1634417452427 0.8930666801232937 709
1634417496607 0.8934240925348524 710
1634417541067 0.8876600660950693 711
1634417585105 0.893457094450006 712
1634417629673 0.8886974587897685 713
1634417674264 0.8894157462127722 714
1634417718624 0.8922634933793976 715
1634417763193 0.8958302056644041 716
1634417807884 0.8911388552320362 717
1634417852223 0.8935699981807507 718
1634417896422 0.8950100252434537 719
1634417942714 0.8920553891020522 720
1634417988146 0.8947637205142497 721
1634418032707 0.8945399018675785 722
1634418077373 0.8920551013301484 723
1634418121688 0.8929247507399598 724
1634418166063 0.8903318620063645 725
1634418210918 0.8826812234898215 726
1634418255456 0.8896913692133428 727
1634418299955 0.8954725066053856 728
1634418344304 0.8947855803976298 729
1634418388661 0.8939530606246641 730
1634418433153 0.892891954486001 731
1634418477623 0.8897804340432622 732
1634418522380 0.8968945403074401 733
1634418566686 0.8917585370489916 734
1634418611274 0.8872296119029485 735
1634418655482 0.8962590219813378 736
1634418699769 0.8973088381017946 737
1634418744080 0.8871145486139692 738
1634418788692 0.8962036737850927 739
1634418835359 0.887875354060353 740
1634418880173 0.892664888052494 741
1634418925233 0.8944554293846225 742
1634418970029 0.8939721788692603 743
1634419014685 0.89510302747835 744
1634419059197 0.8972430662060965 745
1634419104219 0.8983485030617061 746
1634419148874 0.895271420325481 747
1634419193418 0.8971613214864758 748
1634419238125 0.8934167289446109 749
1634419282553 0.8920860518487213 750
1634419327136 0.8915302757817986 751
1634419371656 0.8958868747755265 752
1634419416233 0.8946157921511263 753
1634419460539 0.895384349290541 754
1634419505318 0.8946140977748992 755
1634419550105 0.8970030641015889 756
1634419594419 0.8949098487118489 757
1634419638952 0.8945380613566557 758
1634419683731 0.8964291060766761 759
1634419730634 0.8971514856192284 760
1634419775832 0.891925823094114 761
1634419820790 0.8990694139647049 762
1634419865888 0.8944362441656879 763
1634419911156 0.8918910385718584 764
1634419955954 0.8921618294331989 765
1634420000996 0.8927226948794997 766
1634420045882 0.8937685008792648 767
1634420091178 0.8953292198424317 768
1634420136201 0.8955680339200822 769
1634420181369 0.8959658276511346 770
1634420226316 0.8937190133085502 771
1634420271134 0.8947042556895252 772
1634420316139 0.8894373969894864 773
1634420360865 0.8963834841949758 774
1634420405900 0.8938506373307986 775
1634420450986 0.8934458912566716 776
1634420495843 0.8992568993459636 777
1634420540943 0.892952863719929 778
1634420585964 0.8946145953065924 779
1634420632673 0.89508407108162 780
1634420678724 0.8921595929400948 781
1634420723852 0.8893499646663545 782
1634420768751 0.8923876097203702 783
1634420813773 0.8938556886841068 784
1634420858680 0.8963996163130896 785
1634420903651 0.8950658752454376 786
1634420948619 0.8905732110033817 787
1634420993731 0.8868878106125571 788
1634421038678 0.8913210510191284 789
1634421083418 0.8945821004781037 790
1634421128206 0.890542835070432 791
1634421173128 0.8917621001254026 792
1634421218212 0.8964030985280782 793
1634421262877 0.8886226623363634 794
1634421307906 0.8877672980231596 795
1634421353168 0.8930249718294907 796
1634421398056 0.8916299328721558 797
1634421442625 0.8935368690221543 798
1634421487319 0.897429569958325 799
1634421534525 0.8948999117223286 800
1634421579885 0.8956819718186793 801
1634421625158 0.8955308268610681 802
1634421670027 0.9005336234132343 803
1634421715148 0.8939089897231923 804
1634421759974 0.8925371456905864 805
1634421804572 0.8848841961695235 806
1634421849838 0.8916617363982295 807
1634421894907 0.8976227690226084 808
1634421939823 0.8978161626516817 809
1634421984431 0.8982951316508943 810
1634422029504 0.8916909001389013 811
1634422074366 0.8904530138266532 812
1634422119394 0.8982447711907918 813
1634422164183 0.8977617872683588 814
1634422209097 0.8934382301930196 815
1634422253973 0.8876605393893643 816
1634422298797 0.8885165258044614 817
1634422343731 0.8908143163115585 818
1634422388749 0.8928170714872941 819
1634422435872 0.8922865175827572 820
1634422481852 0.8923668150696434 821
1634422527214 0.8921012372357253 822
1634422572138 0.8982568440873215 823
1634422617158 0.8992087769491118 824
1634422662091 0.8942302510719687 825
1634422707071 0.892261776233818 826
1634422752283 0.8934363266017638 827
1634422797372 0.8942615552686948 828
1634422842494 0.898743250334768 829
1634422887566 0.899270620811513 830
1634422932931 0.895416305255195 831
1634422978095 0.8964565441338451 832
1634423023350 0.8923353576362083 833
1634423068289 0.8933812813931271 834
1634423113415 0.8949138001347959 835
1634423158605 0.8997058564849788 836
1634423203639 0.8957610448537414 837
1634423248914 0.8934680884433176 838
1634423294204 0.8978239841569579 839
1634423341292 0.8868453400365099 840
1634423386611 0.8944022088472796 841
1634423431471 0.8973161809488525 842
1634423476685 0.8994908602948012 843
1634423521767 0.8954717106594111 844
1634423567193 0.8895333401535443 845
1634423612151 0.8981758379123501 846
1634423657657 0.8896007277502062 847
1634423702872 0.8966656709914386 848
1634423747773 0.8997163883570706 849
1634423793196 0.8900659586792686 850
1634423838119 0.8894966581684001 851
1634423883346 0.8978331360335471 852
1634423928459 0.8929940694287142 853
1634423973505 0.8954874483582681 854
1634424018800 0.9040066413280589 855
1634424064245 0.9017992410327683 856
1634424109181 0.8955659866824045 857
1634424154141 0.8979029835228691 858
1634424199389 0.8993799831188736 859
1634424247201 0.9021482875695155 860
1634424292617 0.8925832114628377 861
1634424337851 0.8986962119952021 862
1634424383156 0.8990550760498185 863
1634424428655 0.8970492452273009 864
1634424473848 0.8959659987858516 865
1634424519133 0.8992472761470675 866
1634424564503 0.8985986296380936 867
1634424609793 0.8990786358499248 868
1634424655205 0.8943177573513447 869
1634424700546 0.8942482553048912 870
1634424745777 0.8950458302684726 871
1634424790883 0.8929143944230526 872
1634424835713 0.896062592216452 873
1634424881153 0.8923923957889496 874
1634424926088 0.8997516022840408 875
1634424980126 0.8992170321455969 876
1634425025532 0.8969722454989679 877
1634425073586 0.9022054514392619 878
1634425118878 0.9019548279157357 879
1634425173974 0.9025436484460122 880
1634425219711 0.8961255941980942 881
1634425265516 0.8918256983728264 882
1634425310956 0.8955284459547495 883
1634425356557 0.8971615265496168 884
1634425401878 0.8854870547624407 885
1634425447218 0.8873239581829353 886
1634425492399 0.8960738086027313 887
1634425537565 0.8970505324968693 888
1634425583058 0.8965563869108611 889
1634425628575 0.8945186765149781 890
1634425674129 0.8960627498398057 891
1634425719445 0.8965588795650333 892
1634425764860 0.892827585327435 893
1634425810075 0.8984786686951353 894
1634425860036 0.8939160200456127 895
1634425905387 0.8946061068078186 896
1634425951028 0.8995325149173539 897
1634425996655 0.8964717315202404 898
1634426042139 0.8932101972034628 899
1634426090032 0.8933892369537261 900
1634426135458 0.8920071403445151 901
1634426181380 0.8935538580868952 902
1634426226846 0.8902305115475646 903
1634426272544 0.8950005957132703 904
1634426318096 0.8912126869038192 905
1634426363553 0.893689271061381 906
1634426409353 0.8925856305210312 907
1634426455079 0.89546131645194 908
1634426500693 0.8931464291458208 909
1634426546464 0.8938858293955475 910
1634426592367 0.9000813438129385 911
1634426638007 0.8965352413323598 912
1634426683417 0.8969459236746393 913
1634426732610 0.8872157277982349 914
1634426778037 0.894686326463202 915
1634426825998 0.8956391510878574 916
1634426871790 0.8969305157535105 917
1634426917668 0.9001915061438028 918
1634426963075 0.8954544271640796 919
1634427010995 0.8935495973887679 920
1634427057560 0.888517448243356 921
1634427103582 0.8865753807660419 922
1634427149436 0.8917955015764178 923
1634427195356 0.8939190921044248 924
1634427240829 0.8891606119623607 925
1634427286886 0.8908080632651164 926
1634427332615 0.8907315374873743 927
1634427378002 0.891757174311743 928
1634427423591 0.8934903897511758 929
1634427469026 0.8931694109303278 930
1634427514715 0.8936519141286824 931
1634427560824 0.8960262183079852 932
1634427606561 0.8944298657462297 933
1634427652305 0.8890120052784655 934
1634427698411 0.8932157509441545 935
1634427744443 0.8866177427482641 936
1634427790271 0.8947264172109295 937
1634427835835 0.8920902959838474 938
1634427881717 0.8888840562735767 939
1634427929665 0.8852446564458195 940
1634427983141 0.8918754094186443 941
1634428028896 0.8906617441365725 942
1634428074472 0.8965117445110086 943
1634428120308 0.8947580758019317 944
1634428166243 0.8965360845233876 945
1634428211917 0.8887739924506544 946
1634428264347 0.8838043302992713 947
1634428316364 0.8914518690647532 948
1634428362362 0.8926725703288759 949
1634428408087 0.8935466713757592 950
1634428454503 0.8868792721940724 951
1634428500311 0.8940745686677958 952
1634428546793 0.8824256958382459 953
1634428592652 0.8947249229569723 954
1634428638739 0.8899875837727497 955
1634428685186 0.8969378897481604 956
1634428730971 0.8976561479775396 957
1634428777064 0.8953359179053778 958
1634428823187 0.896643423835386 959
1634428871209 0.8873461491088411 960
1634428918042 0.8933012277645019 961
1634428964500 0.8923865350147195 962
1634429010597 0.8935456415810108 963
1634429056760 0.8911556585055331 964
1634429108885 0.8927691124425714 965
1634429155239 0.8887720860807038 966
1634429201380 0.8949914730122118 967
1634429247633 0.8925267090764883 968
1634429293825 0.8916729700866594 969
1634429340048 0.8961544844303962 970
1634429386112 0.8941042992871396 971
1634429432244 0.8925733828443485 972
1634429478426 0.8913153766282629 973
1634429524723 0.8965569563741314 974
1634429570953 0.8959667178346582 975
1634429617423 0.8975332331804017 976
1634429663510 0.8974223649334564 977
1634429709765 0.8991197096155277 978
1634429756014 0.8973325449564192 979
1634429804215 0.8960139449689877 980
1634429850420 0.898803032724941 981
1634429896959 0.9006990596496719 982
1634429942858 0.8963694316315074 983
1634429988737 0.8966127662011061 984
1634430035141 0.8967951419925189 985
1634430081123 0.8936877449840428 986
1634430127797 0.8970155030602104 987
1634430174058 0.8905212047321829 988
1634430220529 0.8994749177090821 989
1634430266975 0.8933341208067349 990
1634430313280 0.8940904681803535 991
1634430359407 0.8969392137598531 992
1634430405750 0.8982842272527262 993
1634430452453 0.897526318918596 994
1634430498965 0.8968272718140042 995
1634430545292 0.8928924326248692 996
1634430591528 0.8973087763305915 997
1634430638384 0.9029353122945238 998
1634430684610 0.8986236228852879 999
1634430733666 0.896342679334777 1000
1634430780377 0.9016680664941664 1001
1634430826628 0.9025583457903968 1002
1634430872905 0.8933965498290636 1003
1634430918829 0.89511750565165 1004
1634430965021 0.8920827503597657 1005
1634431011329 0.8979164404940585 1006
1634431057667 0.8992242039805614 1007
1634431103886 0.8965592036921796 1008
1634431150031 0.8975829300589475 1009
1634431196821 0.8953317486681294 1010
1634431242910 0.8963416783657546 1011
1634431289104 0.8966298274337898 1012
1634431335164 0.8960546236590659 1013
1634431382171 0.8965198537854684 1014
1634431428616 0.8973169142532046 1015
1634431475093 0.8997679320660503 1016
1634431526155 0.8996434059860523 1017
1634431572153 0.9013072690444671 1018
1634431618762 0.8988053936784048 1019
1634431667036 0.8983839422465623 1020
1634431713893 0.8976961045306825 1021
1634431760596 0.8983380217685967 1022
1634431807061 0.8909964162767633 1023
1634431853635 0.9000915709326064 1024
1634431900388 0.8954619661879006 1025
1634431946534 0.8922849111669958 1026
1634431993441 0.8990062735010805 1027
1634432039923 0.8985172503608806 1028
1634432086475 0.8966818117944445 1029
1634432132944 0.8921298939379195 1030
1634432179288 0.8984595785604496 1031
1634432225824 0.8919865009926053 1032
1634432272076 0.8968641225962427 1033
1634432318461 0.8974431282186073 1034
1634432364882 0.8973897464383249 1035
1634432411356 0.8968600985718927 1036
1634432458201 0.9018851501140848 1037
1634432504902 0.8966415457021266 1038
1634432551943 0.8936394018827362 1039
1634432600934 0.8945900613872909 1040
1634432648509 0.8972311799891947 1041
1634432695447 0.8972578154600415 1042
1634432742392 0.8956819789077328 1043
1634432788985 0.8952262820548783 1044
1634432835503 0.8967062147469589 1045
1634432882459 0.8950759145076136 1046
1634432929626 0.8971715442990482 1047
1634432976506 0.8962436218947896 1048
1634433023374 0.8961466290044381 1049
1634433074481 0.8973416627070107 1050
1634433126294 0.8939386226960948 1051
1634433172593 0.8875342158035079 1052
1634433219711 0.8947571038104981 1053
1634433266241 0.8970921989419196 1054
1634433313016 0.8956977410020784 1055
1634433359566 0.8985517624613363 1056
1634433406494 0.8991398131668003 1057
1634433453356 0.8934635548960215 1058
1634433499811 0.8958941021743292 1059
1634433548622 0.8978700494823091 1060
1634433596947 0.8981698809611367 1061
1634433644039 0.8976042573305475 1062
1634433692586 0.8994769243655583 1063
1634433739496 0.8993528596161964 1064
1634433786266 0.8998068170769816 1065
1634433832673 0.8971543538849887 1066
1634433879866 0.897313179375411 1067
1634433926451 0.8929093262865482 1068
1634433973723 0.8938819976074851 1069
1634434020281 0.8938944135580836 1070
1634434067214 0.8930283636211288 1071
1634434114195 0.8870688859488367 1072
1634434162790 0.8979294573609089 1073
1634434209453 0.8911512690939701 1074
1634434256038 0.8972325326623577 1075
1634434303146 0.8960431587917452 1076
1634434349922 0.8940217715525366 1077
1634434396877 0.8985245509986313 1078
1634434446247 0.8992534177469117 1079
1634434495636 0.9004500144733644 1080
1634434542883 0.8976454920243998 1081
1634434589885 0.8960804573175283 1082
1634434638354 0.8994422493831503 1083
1634434685300 0.8952216497587603 1084
1634434732381 0.8985992236135957 1085
1634434778893 0.9011131426425806 1086
1634434827657 0.8988762011245464 1087
1634434874573 0.8931169503054952 1088
1634434922491 0.8980320058569823 1089
1634434969016 0.8980794838661605 1090
1634435016067 0.8979030625962915 1091
1634435062572 0.8991488980597272 1092
1634435112494 0.895224503105887 1093
1634435159080 0.8951008797109591 1094
1634435206830 0.890243664675822 1095
1634435253784 0.8972705470970468 1096
1634435300395 0.8984694956309263 1097
1634435347393 0.8981319220251973 1098
1634435393780 0.8941045042420328 1099
1634435443018 0.8935312958490668 1100
1634435491897 0.893829862237389 1101
1634435538966 0.8963042326404875 1102
1634435589176 0.897049216200718 1103
1634435636256 0.8963851989069231 1104
1634435683606 0.894760798809474 1105
1634435730314 0.8898035039861742 1106
1634435780102 0.8876797579668325 1107
1634435827062 0.8936972358626467 1108
1634435880272 0.8935401135514358 1109
1634435928082 0.8923898333385277 1110
1634435978206 0.8922706970363253 1111
1634436025129 0.8970126581191555 1112
1634436074723 0.8955141157211858 1113
1634436121937 0.8955710575546738 1114
1634436171412 0.8953935831633584 1115
1634436218556 0.894883681347248 1116
1634436267381 0.8954991523032017 1117
1634436314847 0.8917727861611253 1118
1634436364226 0.8944540755441013 1119
1634436413520 0.8951081298952027 1120
1634436462280 0.895243870667859 1121
1634436510037 0.8955276711325711 1122
1634436558640 0.8912649392345051 1123
1634436605729 0.8887239493374054 1124
1634436654757 0.8974712196472827 1125
1634436701636 0.8914576291483545 1126
1634436751055 0.8959844739520123 1127
1634436798215 0.8973593461196454 1128
1634436848717 0.8973468857650284 1129
1634436896045 0.8985296474312061 1130
1634436945272 0.898799500479278 1131
1634436992081 0.8929046760199318 1132
1634437042906 0.8918666403765402 1133
1634437089744 0.8947558235217665 1134
1634437140716 0.8914941905500885 1135
1634437188132 0.897202637604506 1136
1634437237333 0.8994521776684462 1137
1634437284617 0.8957191951204193 1138
1634437335412 0.8964273252984346 1139
1634437384921 0.8937352845568229 1140
1634437434859 0.8986409800351584 1141
1634437482357 0.8963067376970109 1142
1634437534270 0.8905734038041744 1143
1634437581902 0.8903352262474002 1144
1634437632062 0.8980783291964609 1145
1634437679023 0.8942427048325282 1146
1634437730748 0.8898458216468722 1147
1634437778135 0.8941770101099719 1148
1634437828696 0.8913663718925022 1149
1634437876384 0.8958533294353799 1150
1634437928267 0.8922696822922769 1151
1634437975396 0.8933583072806216 1152
1634438025292 0.8926419731334462 1153
1634438072673 0.896070462583535 1154
1634438125264 0.8962851945035771 1155
1634438172473 0.898264714566064 1156
1634438221956 0.8993538300210271 1157
1634438269097 0.8957332952822427 1158
1634438320655 0.8955096967458481 1159
1634438370117 0.8984701381606026 1160
1634438420553 0.8963944536203563 1161
1634438468248 0.8901028929938652 1162
1634438519364 0.8988709381572046 1163
1634438567083 0.8965227665652279 1164
1634438617634 0.8974120747104843 1165
1634438664887 0.8973141492190544 1166
1634438716621 0.9006909021143746 1167
1634438764229 0.8936288522845274 1168
1634438816394 0.897232409183883 1169
1634438863963 0.892417565168861 1170
1634438915602 0.8951559984854138 1171
1634438963306 0.8955290115135107 1172
1634439015005 0.8895910550303999 1173
1634439062690 0.8945040071210765 1174
1634439113133 0.8912752433632221 1175
1634439160867 0.8916465541262233 1176
1634439212120 0.89550526450526 1177
1634439259685 0.8955580975093016 1178
1634439311174 0.8925449453128264 1179
1634439361002 0.889882967055389 1180
1634439412205 0.894418829653051 1181
1634439459642 0.8918799356862331 1182
1634439510920 0.8932850377996975 1183
1634439558551 0.8924118220465912 1184
1634439609564 0.8966265619095087 1185
1634439657205 0.900282952688004 1186
1634439708362 0.893307926212293 1187
1634439755804 0.8965882273459073 1188
1634439807661 0.9011907234998243 1189
1634439855068 0.8934883524176523 1190
1634439905515 0.8953989951524582 1191
1634439952819 0.8961505605441775 1192
1634440003785 0.8953636089376154 1193
1634440051276 0.894941776931348 1194
1634440102861 0.8957280059911396 1195
1634440150569 0.8933432365398121 1196
1634440202820 0.8939485221744964 1197
1634440250688 0.8929607681100367 1198
1634440301702 0.8959374828565074 1199
1634440351722 0.8938006876485334 1200
1634440404700 0.8918777061504259 1201
1634440452765 0.888112074576895 1202
1634440500078 0.8922780782072958 1203
1634440547641 0.8938039878983882 1204
1634440599911 0.8969977626292188 1205
1634440647667 0.8939004214093187 1206
1634440700213 0.8918514460699183 1207
1634440748101 0.8968163724039695 1208
1634440795701 0.8900869816335635 1209
1634440843364 0.8918619525181393 1210
1634440891103 0.890969875439501 1211
1634440939141 0.8954328899670455 1212
1634440987125 0.8922893378384392 1213
1634441034741 0.8879831479934505 1214
1634441087715 0.8920730763490298 1215
1634441135110 0.892500537163586 1216
1634441183000 0.8921867940103467 1217
1634441230693 0.8952158385517182 1218
1634441278524 0.894371947112994 1219
1634441328447 0.895783204426648 1220
1634441381461 0.8940215332189236 1221
1634441429414 0.8888011963174528 1222
1634441482398 0.8911517694184984 1223
1634441530584 0.8936090360344509 1224
1634441578142 0.8914848413884294 1225
1634441625749 0.8934371283423717 1226
1634441673802 0.8986009100716295 1227
1634441721688 0.8920454849769636 1228
1634441769653 0.8895209650268817 1229
1634441817415 0.8909149549395399 1230
1634441866914 0.8966847786218607 1231
1634441914771 0.8803258894933979 1232
1634441962401 0.8962584776066657 1233
1634442010387 0.8992798793904845 1234
1634442063633 0.8989180038136105 1235
1634442111424 0.8995833546261691 1236
1634442159455 0.8973276507671445 1237
1634442207776 0.8974520991064469 1238
1634442255679 0.8951486750475645 1239
1634442305765 0.891888901633421 1240
1634442354650 0.896143763421572 1241
1634442403233 0.8995581008653969 1242
1634442456994 0.8957029482714137 1243
1634442505189 0.8956180221310094 1244
1634442558172 0.8965122671925612 1245
1634442606421 0.8916560660287465 1246
1634442659485 0.8906960176534866 1247
1634442707287 0.8923495251109526 1248
1634442755386 0.8910053503964203 1249
1634442803155 0.89612111834718 1250
1634442851331 0.8980906126078341 1251
1634442899176 0.8978733094555492 1252
1634442947254 0.8959261350707826 1253
1634442995478 0.8981350867811553 1254
1634443043714 0.8925765743352243 1255
1634443091750 0.8896274455320937 1256
1634443139135 0.8955361610378074 1257
1634443188095 0.8934644192652965 1258
1634443238759 0.889870632961882 1259
1634443289152 0.8924083494781878 1260
1634443338022 0.8967642221187959 1261
1634443386028 0.8964837991208247 1262
1634443434029 0.8955304667777635 1263
1634443482392 0.8956924155161913 1264
1634443531108 0.8852906846269473 1265
1634443580079 0.88876844655008 1266
1634443628425 0.8945953423896043 1267
1634443677836 0.8958117275921114 1268
1634443727390 0.8977253893677296 1269
1634443776494 0.8947547569998079 1270
1634443825093 0.8950824704605945 1271
1634443874332 0.8948196710804914 1272
1634443922808 0.8892049857039513 1273
1634443971794 0.8938760454469288 1274
1634444019759 0.889453760439739 1275
1634444068753 0.8941997223863738 1276
1634444117567 0.891521495836861 1277
1634444166460 0.8930681513056566 1278
1634444216478 0.8927974816633598 1279
