1634387547352 6.36355821074493 1
1634387588514 4.937932236023926 2
1634387629992 4.819588377395396 3
1634387671383 4.658430301215685 4
1634387711722 4.497315648831559 5
1634387752443 4.175847103950867 6
1634387792996 4.340246282326717 7
1634387833677 4.280345792920371 8
1634387874485 3.9616373161091962 9
1634387915052 4.170969450670265 10
1634387955336 4.214399993831587 11
1634387996004 4.653825677932772 12
1634388036632 3.9992768005128743 13
1634388076955 4.177978915403071 14
1634388117275 3.843652798304761 15
1634388157945 4.144331027153516 16
1634388197893 3.8888961497302628 17
1634388238920 4.377323701106929 18
1634388279510 4.247792396965161 19
1634388322075 4.2159162471137055 20
1634388362553 3.8564352535138946 21
1634388403800 4.0292443945753345 22
1634388444044 3.832028981478302 23
1634388483974 3.9250314456873334 24
1634388524071 3.9249090654797314 25
1634388563821 3.9883482096228997 26
1634388603830 4.019629236632398 27
1634388643478 3.992989311118522 28
1634388683201 3.9757767610614265 29
1634388722894 3.8852124954361793 30
1634388763258 3.811487528143407 31
1634388802819 3.9411842861345177 32
1634388842715 4.165094726206407 33
1634388882375 3.7854648474107107 34
1634388922363 3.7796194775964813 35
1634388962520 3.9269056234488224 36
1634389002178 3.8102570688838435 37
1634389042255 3.836764173002107 38
1634389081819 3.661779258344748 39
1634389124432 3.8079191720940737 40
1634389164343 3.6445564420452823 41
1634389204515 3.7799351561979546 42
1634389244597 3.828301817307111 43
1634389284583 3.7197224424339765 44
1634389324472 3.745676138418278 45
1634389365039 3.6442175182257657 46
1634389405181 3.8363379407656737 47
1634389444976 3.7988825411205984 48
1634389484862 3.7999250843489274 49
1634389525039 3.8292814176742485 50
1634389564656 3.943575929508814 51
1634389604768 3.854052062726121 52
1634389644539 3.846129933764034 53
1634389684673 3.6502366487079247 54
1634389724911 3.864459270468734 55
1634389764801 3.638953197014084 56
1634389805183 3.6767945995282916 57
1634389845291 3.690065454938247 58
1634389885296 3.7685745259794765 59
1634389927164 3.7277450107781513 60
1634389967436 3.689215192691687 61
1634390007578 3.6103180284597656 62
1634390047959 3.6856573798105687 63
1634390087991 3.8174417493445576 64
1634390127862 3.6374878500010652 65
1634390168139 3.9252035824051945 66
1634390208147 3.858409534126068 67
1634390248105 3.582986131928604 68
1634390288858 3.8733549640838825 69
1634390329192 3.625605157739156 70
1634390369022 4.143646237227859 71
1634390409280 3.767097824754683 72
1634390449323 3.7103413760714994 73
1634390489462 3.8085609034945054 74
1634390529736 3.8377347694231787 75
1634390569621 3.5276464478770353 76
1634390610200 3.5263020703090193 77
1634390650431 3.7337272169646836 78
1634390690541 3.694274205143176 79
1634390732950 3.561450850305477 80
1634390773027 3.8837718249399162 81
1634390813335 3.5285047318920344 82
1634390853703 3.545138745839721 83
1634390894113 3.5790006657317996 84
1634390934261 3.6375926771145433 85
1634390974452 3.7040209568840234 86
1634391014902 3.6724088975727134 87
1634391055013 3.6948570113768975 88
1634391095436 3.6697768123856838 89
1634391135895 3.5849151601181846 90
1634391175809 3.7012985915631806 91
1634391215858 3.657949937551059 92
1634391256156 3.829156770364499 93
1634391296459 3.646199716633153 94
1634391336661 3.7257044005192825 95
1634391376984 3.6764484537202935 96
1634391417373 3.706236067764841 97
1634391457503 3.780803461420496 98
1634391497800 3.618228323453233 99
1634391540322 3.621227283926299 100
1634391580777 3.564005293400509 101
1634391621159 3.74419375006527 102
1634391661308 3.7352096320978183 103
1634391701446 3.5774323368977665 104
1634391741761 3.623419564317036 105
1634391781949 3.597334383013205 106
1634391822243 3.5746141295278027 107
1634391862664 3.7717453020593616 108
1634391903063 3.6117547060320345 109
1634391943396 3.592789562171058 110
1634391983909 3.662870533590231 111
1634392024320 3.703107178125569 112
1634392064689 3.536813964116594 113
1634392104742 3.706207921992798 114
1634392145087 3.885749975053139 115
1634392185206 3.656055970607568 116
1634392225671 3.6464608225217914 117
1634392266114 3.7452417945461294 118
1634392306449 3.636374991745329 119
1634392348951 3.8399599619215445 120
1634392389220 3.7183791596214597 121
1634392429823 3.654907124915422 122
1634392470031 3.6065866624789544 123
1634392510553 3.5575644650720935 124
1634392551164 3.731865474717614 125
1634392591808 3.627970920207318 126
1634392632319 3.523679679836747 127
1634392672648 3.704291553780529 128
1634392713320 3.57164331728056 129
1634392753634 3.6540901335988427 130
1634392794080 3.602345537108503 131
1634392834327 3.820834937716547 132
1634392874816 3.683562292892148 133
1634392915179 3.574210348095111 134
1634392955751 3.738505087720847 135
1634392996135 3.8506597679828936 136
1634393036592 3.6713247447599047 137
1634393077144 3.5989790231932273 138
1634393117489 3.5577780911750674 139
1634393160232 3.671500779911763 140
1634393201053 3.586524470680232 141
1634393241654 3.6750867885449976 142
1634393282436 3.5244192814511743 143
1634393322984 3.6706905564031205 144
1634393363478 3.5397183849674874 145
1634393404306 3.678444649894225 146
1634393444802 3.6463224163870347 147
1634393485228 3.6977738165974525 148
1634393525692 3.6671362802501566 149
1634393566574 3.6869421954363557 150
1634393607346 3.5595782417066113 151
1634393647617 3.668799881757681 152
1634393688050 3.530868094091295 153
1634393728486 3.752367777772696 154
1634393768895 3.6220061092826454 155
1634393809313 3.5441895794407126 156
1634393849923 3.6829233416592735 157
1634393890380 3.6426656764360907 158
1634393930848 3.515396753286021 159
1634393973671 3.6827850629555594 160
1634394014335 3.627930392697332 161
1634394054856 3.6047501575968686 162
1634394095607 3.5663871363299116 163
1634394136185 3.4428515686378742 164
1634394177921 3.6384089549022494 165
1634394218440 3.615918622248125 166
1634394259243 3.687441297175609 167
1634394299943 3.530795617594693 168
1634394340829 3.5021290317214944 169
1634394381234 3.808209839606787 170
1634394421855 3.5143393131080813 171
1634394462346 3.603049817396459 172
1634394502884 3.62916877849633 173
1634394543465 3.6395347351953586 174
1634394584297 3.62375026018205 175
1634394625047 3.68526627857181 176
1634394665951 3.503484651910062 177
1634394707567 3.6807382367032897 178
1634394748383 3.4527709988850432 179
1634394792156 3.68645602887137 180
1634394833000 3.5947183559292597 181
1634394874038 3.766742617975742 182
1634394914797 3.592345625827081 183
1634394955946 3.5661908929500084 184
1634394996997 3.4462423989063535 185
1634395038811 3.5303768471392156 186
1634395079764 3.6166071101524286 187
1634395120656 3.5279176378657233 188
1634395161470 3.5823928830792577 189
1634395202583 3.4683537870487027 190
1634395243357 3.6344922745141535 191
1634395283942 3.5272906098755707 192
1634395324854 3.5836145930104846 193
1634395365449 3.5623136902382413 194
1634395406187 3.6289519609168925 195
1634395447164 3.6089151655795058 196
1634395487751 3.4914700451604324 197
1634395528665 3.5046277101956442 198
1634395569550 3.7331576653506726 199
1634395612751 3.6551450357934923 200
1634395653886 3.5760432990724196 201
1634395694772 3.5419144485272085 202
1634395735769 3.5855040020840243 203
1634395776898 3.6388413218210642 204
1634395817786 3.5714530983510135 205
1634395858759 3.581511553136721 206
1634395899705 3.555418875468027 207
1634395940414 3.504075842734072 208
1634395981435 3.495067664433726 209
1634396022457 3.423765723504614 210
1634396064271 3.619299861851265 211
1634396105139 3.462338536052537 212
1634396145911 3.467705062970803 213
1634396187027 3.476761240335424 214
1634396228087 3.5389183197016303 215
1634396268881 3.645074647218369 216
1634396309819 3.5585921139127183 217
1634396350892 3.5684442522389057 218
1634396391660 3.563219103351893 219
1634396434937 3.5215025072849477 220
1634396475802 3.544097436979656 221
1634396516897 3.5094658056296955 222
1634396558125 3.4768215393965916 223
1634396599032 3.6536595117265986 224
1634396640097 3.58833512112201 225
1634396681346 3.4878353629474597 226
1634396722477 3.5036429101474718 227
1634396763485 3.482296568838555 228
1634396804315 3.5472198728112714 229
1634396845105 3.4937776357741797 230
1634396886140 3.5076566947080305 231
1634396926979 3.509453549400517 232
1634396967951 3.5695531288246674 233
1634397009177 3.507982393100897 234
1634397050327 3.4807986601424896 235
1634397091403 3.3941626842884363 236
1634397133626 3.5174033272753373 237
1634397174961 3.4956227807238625 238
1634397215798 3.6604234154457043 239
1634397259476 3.42444332649936 240
1634397302143 3.450338519140355 241
1634397343543 3.480138169498383 242
1634397384487 3.59265486352397 243
1634397425770 3.5699020711601226 244
1634397467059 3.560185739910547 245
1634397508122 3.5012597346644667 246
1634397549692 3.420821708644359 247
1634397590743 3.4426122897562763 248
1634397632265 3.5821326777324534 249
1634397673627 3.5623445733593018 250
1634397714544 3.5317762888965643 251
1634397755694 3.479591234095202 252
1634397796636 3.527740011206898 253
1634397837763 3.47640564700283 254
1634397878656 3.440507239335839 255
1634397919703 3.5554574465254656 256
1634397961056 3.43870487909519 257
1634398002075 3.4957574957698556 258
1634398043049 3.5271405494914925 259
1634398086734 3.5151506510837027 260
1634398128122 3.645197486232694 261
1634398169208 3.5584398451291266 262
1634398210657 3.626080712727721 263
1634398252000 3.5371159870752518 264
1634398293379 3.491420628296557 265
1634398334444 3.406828630822109 266
1634398376076 3.452071824583971 267
1634398417302 3.5508552923455112 268
1634398458660 3.5635515648882414 269
1634398500273 3.543469400546206 270
1634398541475 3.521629177419471 271
1634398583015 3.5674465677288913 272
1634398624557 3.559364274291131 273
1634398665603 3.5139640378767316 274
1634398706878 3.5452459378025636 275
1634398748106 3.4787313617390656 276
1634398789407 3.6654520322671003 277
1634398830931 3.5628241076600853 278
1634398872253 3.519679265427368 279
1634398916124 3.4993675577926457 280
1634398957910 3.52403292109802 281
1634398999334 3.509956239144325 282
1634399040823 3.49434002596549 283
1634399082587 3.4784712633731742 284
1634399124225 3.458161807814031 285
1634399165744 3.520009296789881 286
1634399207315 3.567207431267594 287
1634399248658 3.4986420133281393 288
1634399290362 3.5727552696313314 289
1634399331805 3.4761351944359906 290
1634399373572 3.4845737408693678 291
1634399414877 3.517467776532077 292
1634399456569 3.5443135372188936 293
1634399498146 3.548874063077023 294
1634399539561 3.546268076905043 295
1634399581191 3.489399039594909 296
1634399622776 3.4711826112506716 297
1634399664095 3.4849571433628954 298
1634399705799 3.505629933693249 299
1634399749449 3.4753155810961274 300
1634399791177 3.530939072343445 301
1634399833148 3.451712087592022 302
1634399874830 3.525209445239589 303
1634399916483 3.4784404404052687 304
1634399958214 3.5260013263660395 305
1634399999980 3.510134506232406 306
1634400041921 3.521275878271456 307
1634400083693 3.5138546283214414 308
1634400125519 3.478451100794081 309
1634400167516 3.434546282930649 310
1634400209112 3.4453457730137327 311
1634400250974 3.5506908328131273 312
1634400292760 3.4877273803220317 313
1634400334760 3.421236261572885 314
1634400376551 3.4799147333084397 315
1634400418287 3.507982938762919 316
1634400460200 3.424103147798478 317
1634400503654 3.4492261806806264 318
1634400545495 3.4909370296306554 319
1634400589368 3.4509437501217795 320
1634400631261 3.4361890102533477 321
1634400674992 3.3987155402095013 322
1634400716915 3.481871408675005 323
1634400758944 3.4779252458106638 324
1634400800728 3.5066309370169075 325
1634400842676 3.4408256809573516 326
1634400884593 3.4295339228200805 327
1634400926559 3.4464168815955554 328
1634400968551 3.4761886348562427 329
1634401010198 3.438861830035768 330
1634401051833 3.488042474040686 331
1634401093645 3.4400577920696853 332
1634401135620 3.434970135135354 333
1634401177791 3.452223788355541 334
1634401219921 3.4313897358906087 335
1634401261878 3.445044800239541 336
1634401303562 3.430086348530996 337
1634401345579 3.4800914318492184 338
1634401387645 3.4787611489562678 339
1634401431531 3.477904098783336 340
1634401473660 3.4715073200141005 341
1634401515973 3.4727687610171625 342
1634401557627 3.5979281677518684 343
1634401599664 3.4823953912532444 344
1634401641447 3.48077256649862 345
1634401683508 3.507080770243398 346
1634401725461 3.5035058042827627 347
1634401767483 3.4720977216401345 348
1634401809854 3.4903059785958317 349
1634401851598 3.570957358266069 350
1634401893560 3.5011172161905773 351
1634401935569 3.4885096465624255 352
1634401977478 3.4250206252262108 353
1634402019452 3.431617800749542 354
1634402061686 3.415092455055267 355
1634402103882 3.495028771262538 356
1634402145995 3.4304980276769976 357
1634402187854 3.43936819916265 358
1634402229980 3.4140047635862096 359
1634402274202 3.5403445237435704 360
1634402316251 3.486020152992105 361
1634402358305 3.4602301028004163 362
1634402400167 3.478885904049127 363
1634402442155 3.4309988182584803 364
1634402484170 3.4186192866117553 365
1634402526079 3.4614308104754734 366
1634402568197 3.414250645807811 367
1634402611838 3.407376312187874 368
1634402653702 3.438699497561721 369
1634402695556 3.473743091208977 370
1634402739616 3.4793497800453532 371
1634402781872 3.4727937270321037 372
1634402824089 3.4248375259800805 373
1634402868038 3.4090849133683436 374
1634402910306 3.485709216159921 375
1634402952436 3.4676283612952497 376
1634402994639 3.4650944596445736 377
1634403036548 3.4505558427835132 378
1634403078611 3.5079944574165736 379
1634403122662 3.4438033540708464 380
1634403166703 3.4977102347874247 381
1634403208982 3.473724640957876 382
1634403251293 3.449034278627026 383
1634403293390 3.421252022892229 384
1634403335713 3.441708568970985 385
1634403378124 3.450774490453612 386
1634403420350 3.4081698423057234 387
1634403463089 3.405473790873784 388
1634403505642 3.482958079454021 389
1634403552028 3.418638293569983 390
1634403595984 3.476315792696893 391
1634403638037 3.5432329092493027 392
1634403680435 3.3845582365523654 393
1634403722556 3.4135796531593767 394
1634403764813 3.5288400969476466 395
1634403807078 3.49933106603019 396
1634403849434 3.340623046112399 397
1634403891457 3.38038712826756 398
1634403935910 3.4489318030757827 399
1634403980589 3.4104238297374123 400
1634404023107 3.449160847629491 401
1634404065263 3.5209307693552865 402
1634404107631 3.4165607645794354 403
1634404150178 3.3936986586031717 404
1634404192519 3.4752773909375154 405
1634404234808 3.4655812228347127 406
1634404276949 3.382977992595618 407
1634404319423 3.4814103690138203 408
1634404361876 3.4061322772894105 409
1634404404407 3.46696700355371 410
1634404446975 3.414688662909418 411
1634404489446 3.451887406710975 412
1634404532107 3.4425622164575573 413
1634404574639 3.431418107229382 414
1634404617167 3.4385972701246375 415
1634404659796 3.4171939828777433 416
1634404701962 3.439003635656249 417
1634404744605 3.4352182778016838 418
1634404786987 3.4670806031208032 419
1634404831692 3.410454046014157 420
1634404873995 3.37095405999308 421
1634404916787 3.422821737075359 422
1634404959285 3.425242333630149 423
1634405002043 3.490158430837834 424
1634405044330 3.4180462426603193 425
1634405086936 3.4418879363176065 426
1634405129494 3.4294831356484643 427
1634405172127 3.4004229461397264 428
1634405214809 3.401827012247565 429
1634405257426 3.42194503492049 430
1634405300196 3.492504923874996 431
1634405342885 3.3973333544749855 432
1634405385404 3.4344971232753343 433
1634405427924 3.3739724037524046 434
1634405470483 3.441937327551578 435
1634405512662 3.4234652742091978 436
1634405555360 3.3716255326181908 437
1634405597883 3.441105139678462 438
1634405640108 3.37633801188648 439
1634405684960 3.4170774818739273 440
1634405727522 3.450690943616016 441
1634405770058 3.4116400207515643 442
1634405812823 3.390967371317006 443
1634405855281 3.380349623328381 444
1634405897510 3.462827197237726 445
1634405940163 3.43095912988201 446
1634405982595 3.381464191055562 447
1634406025328 3.394913758323364 448
1634406068040 3.381005262103844 449
1634406110645 3.4040913704220612 450
1634406157998 3.3702336090043388 451
1634406200695 3.3956673588192348 452
1634406243352 3.3441464702580825 453
1634406286070 3.425417085266486 454
1634406328720 3.4317424175888136 455
1634406371551 3.4468480201712683 456
1634406414215 3.4355145654338672 457
1634406456936 3.3998931553839338 458
1634406499397 3.4040386881782916 459
1634406544250 3.429323333381038 460
1634406587045 3.3801827433119374 461
1634406629904 3.4115171403418065 462
1634406672722 3.3943865102982924 463
1634406715951 3.371574990446853 464
1634406758993 3.430383985704531 465
1634406802587 3.4400731785349623 466
1634406845856 3.432313688872258 467
1634406888496 3.374321309870765 468
1634406931386 3.4641145643196904 469
1634406974272 3.4011380652618195 470
1634407017245 3.377087282324092 471
1634407060038 3.4226309677730473 472
1634407103121 3.3672016168126 473
1634407145890 3.402390432700112 474
1634407188731 3.3957441710070713 475
1634407231670 3.348135366364023 476
1634407274562 3.4504396856161303 477
1634407317267 3.38356137799654 478
1634407360159 3.414992500803769 479
1634407405481 3.3901898485792445 480
1634407448414 3.4210945618925708 481
1634407491201 3.3978052786245994 482
1634407534307 3.392962663208136 483
1634407577327 3.415869274121802 484
1634407622515 3.391522237086306 485
1634407665359 3.393417780439258 486
1634407710559 3.374945103286425 487
1634407753802 3.368268141024814 488
1634407797431 3.360560862164082 489
1634407840931 3.4180832265744097 490
1634407884481 3.347075991132411 491
1634407928066 3.4017553846021578 492
1634407971113 3.362372877051788 493
1634408014116 3.339643310385637 494
1634408056883 3.4175886239613957 495
1634408099806 3.3422871630904907 496
1634408147812 3.384908546010135 497
1634408190468 3.362263000754493 498
1634408233475 3.3502692169459034 499
1634408278169 3.3585882873836033 500
1634408321087 3.3599184331606673 501
1634408363942 3.378502614786102 502
1634408407002 3.3697865906984146 503
1634408450012 3.3635628400487385 504
1634408493224 3.3613572913405574 505
1634408536142 3.3871091599372334 506
1634408578906 3.330437054265921 507
1634408622056 3.3535716651133542 508
1634408665132 3.398343248907156 509
1634408708317 3.3940581042723372 510
1634408751455 3.390185898822065 511
1634408794430 3.3441815621867677 512
1634408836927 3.311249044937507 513
1634408879879 3.3397765481634947 514
1634408922665 3.37464550527577 515
1634408965696 3.392148288380581 516
1634409008367 3.3384361837878544 517
1634409051568 3.3841081455401776 518
1634409094294 3.391788517635679 519
1634409139592 3.345962913456967 520
1634409182729 3.3435905539783444 521
1634409225644 3.356629619345223 522
1634409268779 3.3904888283464154 523
1634409311618 3.370093098122588 524
1634409354617 3.379680642110765 525
1634409397604 3.402860097165691 526
1634409440861 3.3623217840885435 527
1634409483839 3.369046158960794 528
1634409527004 3.3743624352116117 529
1634409570241 3.3694278759517737 530
1634409613375 3.389035213639727 531
1634409656404 3.360119851300974 532
1634409699569 3.361659632381678 533
1634409744361 3.4449004168521737 534
1634409787707 3.380832063492223 535
1634409830675 3.3957750322794684 536
1634409873767 3.381264470073129 537
1634409923940 3.3756962593162028 538
1634409966777 3.325976216133061 539
1634410012039 3.3990496558076186 540
1634410055391 3.322598863347712 541
1634410098395 3.2845187546364465 542
1634410141503 3.3730886227127526 543
1634410184930 3.3016826459201454 544
1634410227960 3.3969223120119136 545
1634410271366 3.3260367830913125 546
1634410316815 3.362930768023327 547
1634410359934 3.3756526373823514 548
1634410403351 3.3751118121005907 549
1634410446610 3.350820511927543 550
1634410489871 3.3955256057299854 551
1634410533272 3.419402908423016 552
1634410576466 3.3643047889222966 553
1634410619420 3.329429634731138 554
1634410662751 3.418243094515672 555
1634410705886 3.3693089547328943 556
1634410749128 3.339825446245522 557
1634410792339 3.3856015662021743 558
1634410835521 3.3620758568969413 559
1634410881152 3.3221394780421134 560
1634410927586 3.3753272843575464 561
1634410970606 3.383149979805599 562
1634411014307 3.5131485530391773 563
1634411057722 3.363827580446848 564
1634411100859 3.3861313686974785 565
1634411144353 3.3617830923801595 566
1634411187463 3.380649954650167 567
1634411230760 3.404646138921599 568
1634411274254 3.4256877381048354 569
1634411317674 3.3867655029182204 570
1634411361012 3.372317705703468 571
1634411404334 3.374580640074072 572
1634411447826 3.366564206390192 573
1634411491254 3.379045409357736 574
1634411534397 3.452448174080697 575
1634411577434 3.352456892237565 576
1634411620276 3.419603879851043 577
1634411663603 3.3679608086833412 578
1634411706791 3.328734858252034 579
1634411752175 3.3519833466010347 580
1634411798625 3.4279502317906823 581
1634411842625 3.367237003480293 582
1634411886323 3.366366833096125 583
1634411929896 3.384524807778728 584
1634411973496 3.335744849130253 585
1634412016989 3.4294125025007944 586
1634412060377 3.3356826640937776 587
1634412108242 3.3503738213673713 588
1634412151481 3.3860266113449087 589
1634412194791 3.3306735170265203 590
1634412238438 3.407393582661878 591
1634412281813 3.444115966694376 592
1634412325251 3.351369620221998 593
1634412369110 3.361406883223222 594
1634412412617 3.3989847996535545 595
1634412456213 3.3530916664564163 596
1634412499926 3.3420342121478326 597
1634412543499 3.339788235722967 598
1634412586942 3.362041023269653 599
1634412632658 3.322656621877477 600
1634412676607 3.376438386346156 601
1634412720001 3.345152138030197 602
1634412763836 3.33902446880264 603
1634412807794 3.438186241594258 604
1634412851708 3.379644527080156 605
1634412895358 3.404146288439386 606
1634412939163 3.423252181725833 607
1634412982946 3.369036837831616 608
1634413026410 3.355005099355993 609
1634413069920 3.354703677473368 610
1634413113363 3.34379724810626 611
1634413156683 3.3398779552799485 612
1634413200205 3.3318338421245928 613
1634413243798 3.3301307997627605 614
1634413287433 3.3621453511833326 615
1634413330895 3.359825189792953 616
1634413374522 3.3908004293944827 617
1634413418132 3.3737628134331263 618
1634413461551 3.4584310622685965 619
1634413507433 3.3566209868457104 620
1634413551128 3.38644165834809 621
1634413594916 3.433862098204351 622
1634413638833 3.352297614156367 623
1634413682430 3.3528408372257705 624
1634413726483 3.4269119276459783 625
1634413770253 3.351550134095521 626
1634413814368 3.4571853538118025 627
1634413858134 3.40217547582519 628
1634413902147 3.385815778360515 629
1634413945783 3.443719422060422 630
1634413989491 3.3592916600559577 631
1634414033165 3.466112730774263 632
1634414076929 3.384633877804912 633
1634414120883 3.3807749252086596 634
1634414165018 3.343843201470834 635
1634414214446 3.404394643146966 636
1634414258399 3.3474264252731034 637
1634414302645 3.382952097922767 638
1634414346514 3.3762534572240406 639
1634414392698 3.3750527732354216 640
1634414437658 3.3938827460513212 641
1634414482056 3.3702814348138403 642
1634414525831 3.3733826752816767 643
1634414569941 3.329797037186286 644
1634414620767 3.3607109163765294 645
1634414664826 3.485230651123607 646
1634414708795 3.33643015669834 647
1634414752642 3.3746267844045263 648
1634414797136 3.3853197605010577 649
1634414840944 3.3667490622208005 650
1634414885056 3.378731549392186 651
1634414928915 3.357080930217662 652
1634414972929 3.329377438449961 653
1634415016990 3.346262301028135 654
1634415060904 3.416698567859596 655
1634415104458 3.3598986602577114 656
1634415148142 3.370780077935677 657
1634415192066 3.3752211955132774 658
1634415235718 3.4134545319980982 659
1634415282112 3.347444229064105 660
1634415327036 3.371246330214279 661
1634415371073 3.3916999410955104 662
1634415414873 3.338396236502413 663
1634415459002 3.380516063392556 664
1634415502866 3.3437471678193287 665
1634415547034 3.371344439468511 666
1634415590878 3.3430667404507 667
1634415634969 3.3375033195641364 668
1634415678962 3.3532866899268208 669
1634415722815 3.4002091276269395 670
1634415766771 3.381952064889244 671
1634415810671 3.3739278868338927 672
1634415854937 3.3817813943187356 673
1634415899139 3.3374463211642764 674
1634415943284 3.3652960192849646 675
1634415987100 3.3460569630043433 676
1634416031028 3.3595110076199357 677
1634416075191 3.357466165738028 678
1634416118952 3.4351910063148305 679
1634416165046 3.418782195902526 680
1634416209663 3.4786027248922924 681
1634416253873 3.364201998777403 682
1634416298232 3.4180028253287555 683
1634416342148 3.418400756422432 684
1634416386305 3.4479086655688787 685
1634416430571 3.3860886365033926 686
1634416475073 3.413715416413933 687
1634416519208 3.391391778936586 688
1634416563191 3.3312340424125715 689
1634416607383 3.356923604620707 690
1634416651881 3.365250445886977 691
1634416696199 3.371126220386196 692
1634416740314 3.3680237991162785 693
1634416784601 3.352731577781481 694
1634416828594 3.357653294746672 695
1634416872691 3.3565231563107703 696
1634416916911 3.3284754113745727 697
1634416961051 3.350087483006779 698
1634417005422 3.335247290501168 699
1634417052032 3.381016063684616 700
1634417096981 3.365475222876634 701
1634417141621 3.33805491848691 702
1634417186091 3.3773769746709346 703
1634417230555 3.372315550871388 704
1634417275096 3.419838703371618 705
1634417319502 3.396216012551379 706
1634417363557 3.3744851884813354 707
1634417408143 3.3618735854407373 708
1634417452430 3.3735781112036487 709
1634417496609 3.3559140171090025 710
1634417541070 3.372356432978686 711
1634417585107 3.3345590906335976 712
1634417629675 3.3917942121607223 713
1634417674266 3.374996802427665 714
1634417718626 3.32138261498285 715
1634417763195 3.335992031369094 716
1634417807887 3.349323294782824 717
1634417852225 3.3205810632701573 718
1634417896425 3.3568138506272516 719
1634417942716 3.3261064296892293 720
1634417988153 3.3511819263208045 721
1634418032710 3.360543219536722 722
1634418077375 3.3890805789014986 723
1634418121691 3.3811679776318506 724
1634418166066 3.3626977553073107 725
1634418210921 3.391355811995519 726
1634418255459 3.3706365894494343 727
1634418299957 3.361402777809763 728
1634418344307 3.332325888594965 729
1634418388664 3.3358227880898106 730
1634418433155 3.358464901567131 731
1634418477625 3.335018406137195 732
1634418522383 3.341542856453011 733
1634418566688 3.38763046231908 734
1634418611277 3.3583845986242182 735
1634418655485 3.3366168511705854 736
1634418699771 3.3745613631353684 737
1634418744083 3.4245583105899877 738
1634418788695 3.3802781517565945 739
1634418835361 3.379016280088567 740
1634418880176 3.3769797786970375 741
1634418925236 3.424321702726507 742
1634418970032 3.3725662158848992 743
1634419014687 3.35101074598205 744
1634419059199 3.3255348848355744 745
1634419104221 3.376281086297645 746
1634419148876 3.368590644462385 747
1634419193420 3.328104960689378 748
1634419238127 3.365424514881689 749
1634419282556 3.3568620214726277 750
1634419327138 3.395529252327269 751
1634419371658 3.3372946988343966 752
1634419416235 3.4058962694978296 753
1634419460542 3.377624853369978 754
1634419505320 3.348136917041968 755
1634419550108 3.335449599729918 756
1634419594422 3.3839809663674614 757
1634419638954 3.3580152706038717 758
1634419683733 3.3489908768946894 759
1634419730637 3.3603896970967293 760
1634419775839 3.3526273003030647 761
1634419820793 3.355651213326049 762
1634419865890 3.4005131181690134 763
1634419911162 3.341347371876492 764
1634419955957 3.375679044326422 765
1634420000999 3.362927942298651 766
1634420045885 3.3546045721851283 767
1634420091182 3.355859823224674 768
1634420136219 3.3293382341202853 769
1634420181371 3.35424438636626 770
1634420226319 3.344941542128619 771
1634420271137 3.4076854082059014 772
1634420316142 3.3650502660815866 773
1634420360883 3.4053357685215393 774
1634420405903 3.370225419611187 775
1634420450989 3.3540650273174717 776
1634420495846 3.38348518885066 777
1634420540946 3.414800670997906 778
1634420585967 3.348128921540682 779
1634420632677 3.3457926308711095 780
1634420678728 3.428239025043077 781
1634420723855 3.368185989187315 782
1634420768754 3.370032076006405 783
1634420813776 3.3561956096772803 784
1634420858683 3.3522344257898418 785
1634420903655 3.397578828667891 786
1634420948622 3.3931459051063846 787
1634420993735 3.4022420034048912 788
1634421038685 3.439967726269914 789
1634421083422 3.3801268168752157 790
1634421128209 3.4046031231137497 791
1634421173131 3.43167008818009 792
1634421218214 3.3820765929233434 793
1634421262879 3.4134887173746646 794
1634421307909 3.391153143102944 795
1634421353171 3.377983087296245 796
1634421398059 3.434368563841006 797
1634421442628 3.4093704651630032 798
1634421487322 3.367901367718229 799
1634421534527 3.432700042331952 800
1634421579889 3.365396221086948 801
1634421625161 3.385946813720532 802
1634421670031 3.4021373310832113 803
1634421715151 3.380789486221223 804
1634421759977 3.445324173681274 805
1634421804574 3.456103651266914 806
1634421849841 3.380451759095715 807
1634421894911 3.3599449539678843 808
1634421939826 3.3334286835862703 809
1634421984433 3.362189281832875 810
1634422029507 3.388233194334667 811
1634422074368 3.4113121071893264 812
1634422119396 3.3917799345351702 813
1634422164185 3.3703681055127217 814
1634422209099 3.386274118499705 815
1634422253976 3.405373361849957 816
1634422298799 3.43642095629275 817
1634422343734 3.367289688056495 818
1634422388752 3.395403090192297 819
1634422435875 3.4002809454088165 820
1634422481856 3.376546083029582 821
1634422527221 3.4010709799029586 822
1634422572140 3.3750090482891886 823
1634422617162 3.3879917037736016 824
1634422662094 3.477749768286127 825
1634422707074 3.397543690961157 826
1634422752286 3.427587735911095 827
1634422797375 3.371521835365542 828
1634422842497 3.3843875570893815 829
1634422887569 3.34638631377995 830
1634422932937 3.336676716458535 831
1634422978098 3.3645672188090163 832
1634423023352 3.440853925172156 833
1634423068292 3.411815898473758 834
1634423113418 3.3753070865461416 835
1634423158609 3.345334179224999 836
1634423203641 3.3823920429687075 837
1634423248917 3.353167612735645 838
1634423294207 3.361429158722266 839
1634423341294 3.3877178839441418 840
1634423386614 3.3387276130316423 841
1634423431474 3.3875384312519916 842
1634423476687 3.357943481880868 843
1634423521770 3.344140047862334 844
1634423567195 3.382715162238021 845
1634423612154 3.3852134032438665 846
1634423657660 3.3947849653490243 847
1634423702875 3.39251091277306 848
1634423747775 3.398301101922126 849
1634423793199 3.399903395579252 850
1634423838122 3.394060856758919 851
1634423883349 3.357199306852775 852
1634423928462 3.4290276817328027 853
1634423973508 3.3756549512694334 854
1634424018803 3.3468293908133595 855
1634424064247 3.361997728131851 856
1634424109184 3.3400933643190616 857
1634424154143 3.3396540782590987 858
1634424199391 3.335560267283361 859
1634424247203 3.357377985723014 860
1634424292619 3.4047769634038767 861
1634424337853 3.334813985801543 862
1634424383159 3.3282969939917435 863
1634424428658 3.3134053186711205 864
1634424473851 3.3478359687467893 865
1634424519135 3.301467460154375 866
1634424564506 3.351188967953163 867
1634424609795 3.334410573220397 868
1634424655208 3.340584938437204 869
1634424700548 3.3415977157107593 870
1634424745780 3.371364393581469 871
1634424790885 3.4027941823901315 872
1634424835716 3.359146303989008 873
1634424881156 3.3157455008237027 874
1634424926091 3.285564823559781 875
1634424980128 3.3102893029351663 876
1634425025534 3.3821125547605515 877
1634425073589 3.369710264350781 878
1634425118881 3.312110874822692 879
1634425173976 3.357726157310344 880
1634425219714 3.385878241934079 881
1634425265518 3.41753845386537 882
1634425310958 3.324391273434016 883
1634425356559 3.313425436281324 884
1634425401880 3.393225596120361 885
1634425447221 3.462473549347203 886
1634425492401 3.33144535818109 887
1634425537568 3.3428677227250043 888
1634425583060 3.3643790309159 889
1634425628578 3.349316234661596 890
1634425674131 3.3355511676056677 891
1634425719448 3.346376162708004 892
1634425764863 3.314489259138827 893
1634425810078 3.300373728559341 894
1634425860039 3.333907910343367 895
1634425905389 3.376747037950024 896
1634425951030 3.3406821874648402 897
1634425996658 3.3457153276123885 898
1634426042142 3.4072519066136655 899
1634426090035 3.3730291365967475 900
1634426135461 3.396939359168278 901
1634426181382 3.381057904459895 902
1634426226848 3.353657760450443 903
1634426272546 3.3439348676940637 904
1634426318098 3.4030937985716223 905
1634426363555 3.367144809591153 906
1634426409355 3.3828234569519884 907
1634426455081 3.3607894242776695 908
1634426500695 3.3386009116624304 909
1634426546467 3.3702822067321376 910
1634426592370 3.4075197447943335 911
1634426638009 3.363609366703089 912
1634426683419 3.351497922399764 913
1634426732612 3.3724191857888366 914
1634426778039 3.3822960882594577 915
1634426826001 3.3515186404464923 916
1634426871793 3.408265790882834 917
1634426917670 3.322333222914556 918
1634426963077 3.3593585973151807 919
1634427010998 3.358394355337002 920
1634427057563 3.3663739158214403 921
1634427103585 3.3294072208114707 922
1634427149438 3.3509079999745555 923
1634427195359 3.368280874847452 924
1634427240832 3.366368034047157 925
1634427286890 3.330629795006317 926
1634427332618 3.387321441284166 927
1634427378004 3.3602453477608747 928
1634427423594 3.3728223019331423 929
1634427469029 3.31093029728475 930
1634427514718 3.3533320099979282 931
1634427560827 3.3647027333911383 932
1634427606563 3.3738039861313043 933
1634427652308 3.3430764399811848 934
1634427698414 3.339563782781427 935
1634427744446 3.342829922262281 936
1634427790275 3.347494752024135 937
1634427835838 3.36034838529492 938
1634427881720 3.3673200836259998 939
1634427929668 3.33640858781426 940
1634427983145 3.2934175986049326 941
1634428028898 3.327030175318805 942
1634428074474 3.335796507324198 943
1634428120310 3.3418153138854514 944
1634428166245 3.362107313781605 945
1634428211919 3.339371358209923 946
1634428264350 3.3588893641681685 947
1634428316367 3.3872413080864896 948
1634428362365 3.3543110622034873 949
1634428408090 3.387990579957981 950
1634428454506 3.467347223156048 951
1634428500314 3.3636175182174863 952
1634428546796 3.33170433443807 953
1634428592655 3.3513493820631792 954
1634428638742 3.3716494088479045 955
1634428685189 3.335759807006402 956
1634428730974 3.3400201308401583 957
1634428777067 3.344741710442949 958
1634428823191 3.3292489213682397 959
1634428871212 3.311086572209725 960
1634428918045 3.342861572638423 961
1634428964503 3.3417523715742625 962
1634429010600 3.3198396793708786 963
1634429056763 3.364628028029409 964
1634429108893 3.425098392202131 965
1634429155242 3.330595654257528 966
1634429201383 3.349162021362889 967
1634429247635 3.3987680622035445 968
1634429293829 3.403796227880632 969
1634429340051 3.3550884842182884 970
1634429386114 3.3386561212228067 971
1634429432248 3.334271887768501 972
1634429478429 3.362336970514579 973
1634429524725 3.333975419384437 974
1634429570956 3.35846599201054 975
1634429617426 3.343652337220636 976
1634429663513 3.3453240162474294 977
1634429709768 3.339112786064583 978
1634429756017 3.332550251128356 979
1634429804218 3.3465953999081917 980
1634429850423 3.3351050110374145 981
1634429896962 3.3775338302562252 982
1634429942860 3.3467026996372753 983
1634429988740 3.3848806409129746 984
1634430035144 3.3675941877246016 985
1634430081126 3.3614206162651445 986
1634430127800 3.3348459344885986 987
1634430174061 3.337590173113064 988
1634430220532 3.379797747577079 989
1634430266979 3.433709374993674 990
1634430313283 3.388312890426469 991
1634430359410 3.3743983883640096 992
1634430405753 3.3606320305169812 993
1634430452455 3.380005486105607 994
1634430498968 3.329351413666182 995
1634430545296 3.3949261557059938 996
1634430591531 3.358831010539925 997
1634430638387 3.3418916810274553 998
1634430684613 3.3737375413654402 999
1634430733669 3.3531226599401927 1000
1634430780380 3.3476180852219755 1001
1634430826630 3.342672098247565 1002
1634430872907 3.3682623048450337 1003
1634430918831 3.387331974930079 1004
1634430965024 3.3962164438416984 1005
1634431011332 3.3392532881718875 1006
1634431057669 3.335307024559891 1007
1634431103889 3.3648351576221307 1008
1634431150033 3.3826442224942546 1009
1634431196823 3.3517788887448177 1010
1634431242912 3.3188340229365676 1011
1634431289107 3.3374138048804918 1012
1634431335166 3.3267730911722366 1013
1634431382175 3.3168366273362726 1014
1634431428619 3.274658239857284 1015
1634431475096 3.293252019802766 1016
1634431526158 3.308077913987968 1017
1634431572155 3.3480545312771164 1018
1634431618764 3.388298674229273 1019
1634431667038 3.3355736128910083 1020
1634431713897 3.3638324360837033 1021
1634431760599 3.4008853716003453 1022
1634431807063 3.4138403033503044 1023
1634431853638 3.360658564683657 1024
1634431900391 3.379862461283024 1025
1634431946537 3.373906391950081 1026
1634431993443 3.3707018033329255 1027
1634432039925 3.358136369057932 1028
1634432086478 3.3695333329787593 1029
1634432132946 3.394551479650561 1030
1634432179291 3.3354395240422563 1031
1634432225827 3.335503515874483 1032
1634432272078 3.354731250360574 1033
1634432318464 3.35473770043049 1034
1634432364884 3.348508039376295 1035
1634432411359 3.349581522203213 1036
1634432458203 3.342727924544966 1037
1634432504905 3.3446670629565345 1038
1634432551946 3.3582084543309647 1039
1634432600937 3.3512261074671157 1040
1634432648512 3.3565894980497184 1041
1634432695450 3.35947649797476 1042
1634432742399 3.3851439945031436 1043
1634432788988 3.3593024002051193 1044
1634432835506 3.412403627713134 1045
1634432882463 3.337197478774684 1046
1634432929629 3.3713308329482325 1047
1634432976509 3.353655030323069 1048
1634433023377 3.323788672683304 1049
1634433074484 3.287279759483168 1050
1634433126296 3.3317597832451726 1051
1634433172595 3.3637052802796963 1052
1634433219714 3.3756840409844995 1053
1634433266243 3.351832603697476 1054
1634433313020 3.3978737178212626 1055
1634433359569 3.3691831103440033 1056
1634433406498 3.3620075672768883 1057
1634433453359 3.3535375031037806 1058
1634433499813 3.356025153183825 1059
1634433548625 3.356046243648105 1060
1634433596950 3.3534427305238212 1061
1634433644044 3.335053684001781 1062
1634433692590 3.3293752879842455 1063
1634433739499 3.307205959820813 1064
1634433786269 3.347799370387912 1065
1634433832675 3.337477959367918 1066
1634433879868 3.370721095518853 1067
1634433926454 3.354620515286349 1068
1634433973726 3.3799253208907287 1069
1634434020284 3.327831672694785 1070
1634434067218 3.32296135623439 1071
1634434114198 3.349908184630949 1072
1634434162794 3.3391299326325807 1073
1634434209456 3.327927319168693 1074
1634434256041 3.324741427994806 1075
1634434303149 3.320692809565475 1076
1634434349925 3.3131888711938635 1077
1634434396880 3.3072783266022068 1078
1634434446251 3.3008837460251166 1079
1634434495640 3.292990004165043 1080
1634434542886 3.3244294137576094 1081
1634434589888 3.3293765457510576 1082
1634434638357 3.3178568901513907 1083
1634434685302 3.3098490155408125 1084
1634434732383 3.327096964634307 1085
1634434778896 3.3078085057231794 1086
1634434827659 3.318401018230972 1087
1634434874575 3.3273363994361347 1088
1634434922493 3.338247446783393 1089
1634434969019 3.381044064386535 1090
1634435016070 3.3290144146350844 1091
1634435062574 3.3284302677789595 1092
1634435112496 3.307092586038066 1093
1634435159082 3.3143455995384548 1094
1634435206833 3.305345418149646 1095
1634435253786 3.3297521570117756 1096
1634435300397 3.316732035379575 1097
1634435347395 3.329458793357143 1098
1634435393782 3.3204097595608517 1099
1634435443020 3.3698341340942752 1100
1634435491900 3.3445304051258065 1101
1634435538969 3.341597895884007 1102
1634435589178 3.3123908794309087 1103
1634435636264 3.3625328470993643 1104
1634435683608 3.337043543788338 1105
1634435730317 3.3467135120179687 1106
1634435780104 3.3268553335329205 1107
1634435827064 3.3308806720647137 1108
1634435880275 3.3383371546770695 1109
1634435928085 3.350271624762407 1110
1634435978209 3.347388571337126 1111
1634436025131 3.363063694028073 1112
1634436074726 3.3834302874607367 1113
1634436121939 3.3659336040507286 1114
1634436171415 3.3457822211206043 1115
1634436218559 3.3559933716521355 1116
1634436267383 3.332338613013575 1117
1634436314850 3.371182366340315 1118
1634436364230 3.428271754861496 1119
1634436413522 3.343194218615634 1120
1634436462283 3.3952197153471273 1121
1634436510040 3.4023994935451367 1122
1634436558643 3.378653160376759 1123
1634436605731 3.333780001321865 1124
1634436654759 3.388163343926707 1125
1634436701639 3.412946221032611 1126
1634436751057 3.3722630914835516 1127
1634436798218 3.352232507855625 1128
1634436848720 3.3829790929016204 1129
1634436896048 3.3612348418275158 1130
1634436945275 3.3708218069792983 1131
1634436992085 3.371406524823665 1132
1634437042909 3.3697447618197987 1133
1634437089747 3.4047743404644892 1134
1634437140720 3.3736533340366117 1135
1634437188136 3.3302839256393315 1136
1634437237335 3.388919102153031 1137
1634437284619 3.360563416263806 1138
1634437335415 3.379594199534664 1139
1634437384924 3.354249634969735 1140
1634437434863 3.3537939485212878 1141
1634437482360 3.3307295056265387 1142
1634437534273 3.361940002983022 1143
1634437581905 3.4088613583630005 1144
1634437632065 3.386748423859716 1145
1634437679026 3.392529863308266 1146
1634437730752 3.4006998249877514 1147
1634437778138 3.3355619337952493 1148
1634437828699 3.335297753654173 1149
1634437876387 3.341204742553652 1150
1634437928271 3.4427071573419075 1151
1634437975398 3.3577695575600677 1152
1634438025295 3.380071716430552 1153
1634438072676 3.342146915920918 1154
1634438125267 3.4000321758680943 1155
1634438172475 3.346889739386665 1156
1634438221959 3.3828852333508697 1157
1634438269100 3.3864700845577196 1158
1634438320658 3.375839029423066 1159
1634438370119 3.3445553463549795 1160
1634438420556 3.3688326666195554 1161
1634438468251 3.3762778920108043 1162
1634438519367 3.3866517620951337 1163
1634438567086 3.366540508585099 1164
1634438617637 3.370447534315246 1165
1634438664890 3.346438117794668 1166
1634438716623 3.358443726350976 1167
1634438764233 3.350826563923761 1168
1634438816397 3.3773997678710996 1169
1634438863966 3.371848400170836 1170
1634438915606 3.342007315482926 1171
1634438963310 3.370055737210074 1172
1634439015008 3.3520976803493574 1173
1634439062693 3.369886089406796 1174
1634439113136 3.3496821978546047 1175
1634439160869 3.36769866989227 1176
1634439212124 3.360791070810792 1177
1634439259687 3.3572338044724632 1178
1634439311177 3.34431316355526 1179
1634439361005 3.3761518913535316 1180
1634439412212 3.369034037345376 1181
1634439459645 3.3816464559456563 1182
1634439510924 3.348382770817777 1183
1634439558555 3.3773163459037305 1184
1634439609567 3.3478016393030674 1185
1634439657207 3.352622200255855 1186
1634439708365 3.3593970940338718 1187
1634439755807 3.3579087845795392 1188
1634439807663 3.387735227045398 1189
1634439855071 3.3656469760023358 1190
1634439905517 3.367544190001611 1191
1634439952822 3.37073803532095 1192
1634440003787 3.3554281462280637 1193
1634440051279 3.3444717133622244 1194
1634440102863 3.3622544751566186 1195
1634440150572 3.356173617905891 1196
1634440202823 3.38431249390309 1197
1634440250690 3.3844384226922495 1198
1634440301705 3.3798314045579603 1199
1634440351725 3.366872049259538 1200
1634440404702 3.353743096481112 1201
1634440452767 3.375892213063122 1202
1634440500081 3.3525832094878947 1203
1634440547643 3.3783585522535273 1204
1634440599914 3.3550067360617537 1205
1634440647669 3.3681506304575928 1206
1634440700216 3.40085042060884 1207
1634440748103 3.3974883703175354 1208
1634440795703 3.395811815504247 1209
1634440843367 3.390314050639536 1210
1634440891105 3.3866541182387695 1211
1634440939144 3.371325809488571 1212
1634440987128 3.3756149613409914 1213
1634441034743 3.3866927864351277 1214
1634441087717 3.359486263105326 1215
1634441135112 3.404080405933904 1216
1634441183002 3.4234545045384204 1217
1634441230695 3.378785460384343 1218
1634441278527 3.404172498316225 1219
1634441328449 3.393046940474578 1220
1634441381464 3.3563381141953874 1221
1634441429417 3.4252947445822577 1222
1634441482401 3.3678720340430215 1223
1634441530586 3.382757247120392 1224
1634441578145 3.339308820975074 1225
1634441625751 3.349481238766954 1226
1634441673805 3.3496207528252855 1227
1634441721704 3.3822866065984196 1228
1634441769655 3.3956810126509525 1229
1634441817418 3.36917722959003 1230
1634441866916 3.3366332330817876 1231
1634441914774 3.4316889557006225 1232
1634441962404 3.387777420421292 1233
1634442010390 3.4008712335564577 1234
1634442063636 3.367357583531343 1235
1634442111426 3.3922338127366625 1236
1634442159458 3.3749541901164277 1237
1634442207778 3.3630360326732776 1238
1634442255681 3.3905149184918786 1239
1634442305767 3.3920707107985275 1240
1634442354653 3.4001570501703027 1241
1634442403236 3.3736050097060195 1242
1634442456997 3.3762928187701373 1243
1634442505192 3.3565952127407934 1244
1634442558175 3.381222961107002 1245
1634442606424 3.361707172181947 1246
1634442659491 3.4079482517642123 1247
1634442707289 3.377598979393001 1248
1634442755389 3.4006054538418624 1249
1634442803172 3.368431683846308 1250
1634442851334 3.3593124345812795 1251
1634442899179 3.3225203052213095 1252
1634442947257 3.3390030870154566 1253
1634442995494 3.35719834065762 1254
1634443043717 3.355219294917908 1255
1634443091766 3.3832664170635853 1256
1634443139138 3.361639308992519 1257
1634443188456 3.348492095923727 1258
1634443238763 3.3616852940644812 1259
1634443289164 3.331315415590291 1260
1634443338025 3.324681551866156 1261
1634443386039 3.330517044442497 1262
1634443434032 3.327478905187182 1263
1634443482395 3.3618616429309425 1264
1634443531111 3.602830610009894 1265
1634443580091 3.359147928888484 1266
1634443628428 3.3351022507073496 1267
1634443677851 3.35331162668098 1268
1634443727393 3.369449161693512 1269
1634443776510 3.3853794585114345 1270
1634443825096 3.345698341396609 1271
1634443874350 3.3655527634050677 1272
1634443922812 3.371655559229711 1273
1634443971803 3.387485528652874 1274
1634444019762 3.383898164893248 1275
1634444068765 3.3503719237251866 1276
1634444117571 3.4020070533522353 1277
1634444166464 3.387684346055192 1278
1634444216480 3.383027614487018 1279
