1634387547428 6.36355821074493 1
1634387588668 4.937932236023926 2
1634387630140 4.819588377395396 3
1634387671535 4.658430301215685 4
1634387711875 4.497315648831559 5
1634387752600 4.175847103950867 6
1634387793154 4.340246282326717 7
1634387833836 4.280345792920371 8
1634387874637 3.9616373161091962 9
1634388036783 3.9992768005128743 13
1634388117434 3.843652798304761 15
1634388362711 3.8564352535138946 21
1634388444220 3.832028981478302 23
1634388484151 3.9250314456873334 24
1634388723070 3.8852124954361793 30
1634388882570 3.7854648474107107 34
1634389082014 3.661779258344748 39
1634389765035 3.638953197014084 56
1634389805421 3.6767945995282916 57
1634390007850 3.6103180284597656 62
1634390248379 3.582986131928604 68
1634390569897 3.5276464478770353 76
1634394136665 3.4428515686378742 164
1634394666428 3.503484651910062 177
1634394748853 3.4527709988850432 179
1634394997530 3.4462423989063535 185
1634396023017 3.423765723504614 210
1634397092017 3.3941626842884363 236
1634397260123 3.42444332649936 240
1634400461046 3.424103147798478 317
1634400632162 3.4361890102533477 321
1634402569146 3.414250645807811 367
1634402825008 3.4248375259800805 373
1634403123683 3.4438033540708464 380
1634403552975 3.418638293569983 390
1634403892467 3.38038712826756 398
1634407666648 3.393417780439258 486
1634410272765 3.3260367830913125 546
1634410882618 3.3221394780421134 560
1634411753746 3.3519833466010347 580
1634412061867 3.3356826640937776 587
1634414166499 3.343843201470834 635
1634414571485 3.329797037186286 644
1634424928215 3.285564823559781 875
1634425120923 3.312110874822692 879
1634425812388 3.300373728559341 894
1634431477488 3.293252019802766 1016
1634433025686 3.323788672683304 1049
1634433077015 3.287279759483168 1050
