1634387547350 0.3940331097707638 1
1634387588512 0.5209089876665118 2
1634387629989 0.5560805706830385 3
1634387671381 0.5792216417489576 4
1634387711720 0.604427599253285 5
1634387752441 0.6345435485805886 6
1634387792994 0.6271346861385313 7
1634387833675 0.6391438193525589 8
1634387874483 0.6719519650201624 9
1634387915050 0.6531469146757326 10
1634387955334 0.6578612543745688 11
1634387996002 0.6183010465220528 12
1634388036629 0.6877855943057165 13
1634388076953 0.6644406072328138 14
1634388117273 0.6965555021468575 15
1634388157943 0.6750609327767422 16
1634388197891 0.6927658572222058 17
1634388238918 0.6394072219814311 18
1634388279508 0.6623747040347383 19
1634388322073 0.6625571274249275 20
1634388362551 0.7050417120966397 21
1634388403797 0.6848144004818019 22
1634388444042 0.7050590618773478 23
1634388483972 0.7050467171643808 24
1634388524069 0.7037086787263162 25
1634388563819 0.6885406906010031 26
1634388603828 0.6988273920620928 27
1634388643476 0.7004882271797414 28
1634388683199 0.6899341471494278 29
1634388722892 0.709009977212429 30
1634388763256 0.7067910309301487 31
1634388802817 0.6982459860636488 32
1634388842713 0.6749319327510035 33
1634388882373 0.7245462026199003 34
1634388922361 0.7178720103553934 35
1634388962518 0.7009259828412578 36
1634389002176 0.7207668922093609 37
1634389042253 0.7188264116785641 38
1634389081817 0.7461552247235366 39
1634389124430 0.7209477410050424 40
1634389164341 0.7322888226943784 41
1634389204513 0.7226059455609893 42
1634389244594 0.7161838679309656 43
1634389284581 0.734937964835227 44
1634389324470 0.7272648037243902 45
1634389365037 0.7407306240259697 46
1634389405179 0.7120259128441428 47
1634389444974 0.7147571674327775 48
1634389484860 0.7259738058153588 49
1634389525037 0.7115695782528711 50
1634389564654 0.6962791694497762 51
1634389604766 0.7170981096302168 52
1634389644537 0.7129731624386081 53
1634389684671 0.7453589769924163 54
1634389724909 0.7040794800309094 55
1634389764799 0.7489895187064545 56
1634389805181 0.7487214659645693 57
1634389845289 0.744364531026279 58
1634389885294 0.7260185257823124 59
1634389927162 0.7229024818383365 60
1634389967434 0.739921899133917 61
1634390007576 0.7525448635384252 62
1634390047957 0.7427861633347679 63
1634390087989 0.7174062553031313 64
1634390127860 0.7499563681731534 65
1634390168137 0.700121743453711 66
1634390208145 0.7153762319321363 67
1634390248103 0.7637057204894351 68
1634390288857 0.7249481737481632 69
1634390329190 0.7541524991946169 70
1634390369020 0.6933948793725929 71
1634390409278 0.7285481076081719 72
1634390449321 0.7347507853590325 73
1634390489461 0.7232748859244383 74
1634390529734 0.7187248913467548 75
1634390569619 0.7769790839187946 76
1634390610198 0.7757333782680809 77
1634390650429 0.7384600056600337 78
1634390690539 0.7469132479741422 79
1634390732948 0.7726280618051937 80
1634390773025 0.7147607431725959 81
1634390813333 0.7757895780067366 82
1634390853701 0.7765504456142417 83
1634390894111 0.7650988726050487 84
1634390934259 0.7560525666181356 85
1634390974450 0.7457679590967912 86
1634391014899 0.7481442076849473 87
1634391055011 0.7421277427097772 88
1634391095434 0.7529829169290426 89
1634391135894 0.7633564236775658 90
1634391175807 0.7424627528819673 91
1634391215856 0.7566157936094609 92
1634391256154 0.7308079989771682 93
1634391296457 0.7530038192352188 94
1634391336659 0.742491701726574 95
1634391376982 0.7527291694658248 96
1634391417371 0.7463780195766774 97
1634391457501 0.7330557169579862 98
1634391497798 0.7532396584235603 99
1634391540320 0.7592843301836424 100
1634391580774 0.7632829446285735 101
1634391621157 0.7373572090479692 102
1634391661306 0.7413028089667557 103
1634391701444 0.7546432060049906 104
1634391741759 0.7452699909406308 105
1634391781947 0.7673669592988408 106
1634391822241 0.7629142250551013 107
1634391862662 0.7429594667904806 108
1634391903061 0.7582324844000145 109
1634391943394 0.7650238842672211 110
1634391983907 0.737363774413549 111
1634392024318 0.7351148105393502 112
1634392064687 0.7687847176594766 113
1634392104740 0.7489983578577909 114
1634392145085 0.7289631224522374 115
1634392185204 0.756682621742426 116
1634392225669 0.7559952996053092 117
1634392266112 0.7423523853340981 118
1634392306447 0.7598770323121202 119
1634392348949 0.7334643465818166 120
1634392389218 0.7469792546790105 121
1634392429821 0.7523875704001308 122
1634392470029 0.7593265245769572 123
1634392510551 0.7774857183196747 124
1634392551162 0.7418516542240432 125
1634392591806 0.7571318330210989 126
1634392632317 0.7658274175971225 127
1634392672646 0.7425082237547298 128
1634392713318 0.7680559802457553 129
1634392753632 0.7532265950250674 130
1634392794078 0.7615003431414025 131
1634392834325 0.7364934905203276 132
1634392874814 0.7501737707863732 133
1634392915177 0.7605811331153275 134
1634392955749 0.7475925907796424 135
1634392996133 0.7315876696098924 136
1634393036590 0.7477348097688988 137
1634393077142 0.7623530460065303 138
1634393117487 0.7689951547918966 139
1634393160230 0.7464348449300251 140
1634393201051 0.7657315218379251 141
1634393241652 0.7435446040165775 142
1634393282434 0.7718358551489122 143
1634393322982 0.7576977756437925 144
1634393363476 0.7772336673445622 145
1634393404304 0.7587185453673999 146
1634393444800 0.7547777924173423 147
1634393485226 0.7443702485441439 148
1634393525690 0.7448856398305983 149
1634393566572 0.7575222451640953 150
1634393607344 0.765110364139578 151
1634393647615 0.7576463966447007 152
1634393688048 0.7742688661195855 153
1634393728484 0.739438589755413 154
1634393768893 0.7605117906684374 155
1634393809311 0.7702559777294156 156
1634393849921 0.7490362332203657 157
1634393890378 0.7599226355935613 158
1634393930846 0.7774064906178336 159
1634393973669 0.7442406246403742 160
1634394014333 0.7589506852506189 161
1634394054854 0.768832832622355 162
1634394095605 0.7686126272283949 163
1634394136183 0.783112701700932 164
1634394177919 0.7642916480172908 165
1634394218437 0.7664672936795391 166
1634394259241 0.7588498620853811 167
1634394299941 0.7781918836959172 168
1634394340827 0.7747535902437479 169
1634394381233 0.7373747550500226 170
1634394421853 0.7770507422473791 171
1634394462344 0.7626540034339644 172
1634394502882 0.7619388326473157 173
1634394543463 0.7606673578906097 174
1634394584295 0.7655913277967178 175
1634394625045 0.7532177380980984 176
1634394665950 0.7850074741542171 177
1634394707564 0.7551865743733613 178
1634394748381 0.7866081999294534 179
1634394792154 0.752589534565813 180
1634394832998 0.7664510413080646 181
1634394874036 0.743182353419297 182
1634394914795 0.7652281075484806 183
1634394955943 0.7710816884502535 184
1634394996995 0.7893250009741788 185
1634395038809 0.7736530355707355 186
1634395079762 0.7629385172965417 187
1634395120654 0.7699031558269672 188
1634395161468 0.7685816045426604 189
1634395202581 0.7882027413266518 190
1634395243355 0.7602467114987536 191
1634395283940 0.7827176426309803 192
1634395324852 0.7701693375503682 193
1634395365447 0.7697645707809659 194
1634395406185 0.7584407022161792 195
1634395447162 0.7598958722940978 196
1634395487749 0.7848646009407053 197
1634395528663 0.7742882869274135 198
1634395569548 0.7456140648088472 199
1634395612749 0.7525634340395704 200
1634395653884 0.7686634439120635 201
1634395694770 0.7795095868549689 202
1634395735767 0.7773269246164588 203
1634395776896 0.762187683307363 204
1634395817785 0.7744508230560746 205
1634395858757 0.764496611112116 206
1634395899703 0.7759194717296619 207
1634395940412 0.7862285710788902 208
1634395981433 0.7829260099741976 209
1634396022455 0.7922611650445696 210
1634396064269 0.7566787562681216 211
1634396105137 0.7806635487610867 212
1634396145909 0.7862373771838518 213
1634396187025 0.788742343205931 214
1634396228085 0.7742914382545322 215
1634396268879 0.7639507360743952 216
1634396309817 0.7767243938165991 217
1634396350890 0.7735074374452184 218
1634396391658 0.7665574314243179 219
1634396434935 0.7718733442427463 220
1634396475800 0.7728823946500752 221
1634396516895 0.7846803375017773 222
1634396558123 0.7897205922607476 223
1634396599030 0.7610144689485675 224
1634396640095 0.7728641744360997 225
1634396681344 0.7812652297166833 226
1634396722474 0.7875138160380256 227
1634396763483 0.7879161004735098 228
1634396804313 0.7743436174277518 229
1634396845103 0.7785694329130975 230
1634396886138 0.7844566651411501 231
1634396926977 0.7793166429617843 232
1634396967949 0.7702622232347753 233
1634397009175 0.779831919491686 234
1634397050325 0.777043699330389 235
1634397091401 0.7959279195754765 236
1634397133624 0.780886966898315 237
1634397174959 0.7836018029950653 238
1634397215796 0.7533294058741985 239
1634397259474 0.795721117730477 240
1634397302141 0.7943999102190068 241
1634397343541 0.7877939306112295 242
1634397384485 0.7668170525901127 243
1634397425768 0.769003979047159 244
1634397467057 0.7636998770621276 245
1634397508120 0.7822183429259819 246
1634397549690 0.7910777692793559 247
1634397590741 0.7934322951582129 248
1634397632263 0.773352261756664 249
1634397673625 0.7727277140124498 250
1634397714542 0.7801129109742276 251
1634397755693 0.7808132329355079 252
1634397796634 0.7752547268984009 253
1634397837761 0.7862051896311688 254
1634397878654 0.7904686098794843 255
1634397919701 0.7744230760226938 256
1634397961054 0.7936023158050736 257
1634398002073 0.7842265057852301 258
1634398043047 0.7732777168893743 259
1634398086732 0.7822709603582704 260
1634398128120 0.7477360309843188 261
1634398169206 0.7716928463312694 262
1634398210651 0.763123224669626 263
1634398251998 0.777215984633299 264
1634398293377 0.7853407642188205 265
1634398334442 0.7868023747898464 266
1634398376074 0.7941401037743093 267
1634398417299 0.7707507019362808 268
1634398458658 0.7771845573432791 269
1634398500271 0.7772569728728276 270
1634398541473 0.7805608751005936 271
1634398583014 0.7755561373880425 272
1634398624555 0.7759941498265676 273
1634398665601 0.7896079681578259 274
1634398706876 0.7762249892434712 275
1634398748104 0.7899151419073162 276
1634398789405 0.7616405125202793 277
1634398830929 0.7716816380006235 278
1634398872251 0.7860574235599183 279
1634398916122 0.789161963777551 280
1634398957908 0.78389496649118 281
1634398999332 0.7795531844830016 282
1634399040821 0.7892376325600066 283
1634399082585 0.7844999511634959 284
1634399124223 0.7884872692772353 285
1634399165742 0.7814969669621424 286
1634399207313 0.7759328158853894 287
1634399248656 0.7854710042358055 288
1634399290360 0.7709785098998049 289
1634399331803 0.7876478673908393 290
1634399373570 0.7868665958736784 291
1634399414875 0.7760315363790821 292
1634399456567 0.7764031338554935 293
1634399498144 0.7777987486984784 294
1634399539559 0.7849137956386979 295
1634399581188 0.789960502229063 296
1634399622774 0.7856266451521222 297
1634399664093 0.7856607701503041 298
1634399705797 0.7839917810860165 299
1634399749447 0.7959616736743658 300
1634399791175 0.7865696846107528 301
1634399833146 0.7944008060123579 302
1634399874828 0.7761556637322343 303
1634399916481 0.793167960766981 304
1634399958212 0.783251427865886 305
1634399999978 0.7859630318231925 306
1634400041919 0.7868997783401913 307
1634400083691 0.7796497990309157 308
1634400125517 0.7906774519241342 309
1634400167514 0.7960692693096784 310
1634400209110 0.7970829491823967 311
1634400250972 0.7815095734303457 312
1634400292758 0.7875079213443131 313
1634400334758 0.7954300864141001 314
1634400376550 0.7908077100348208 315
1634400418285 0.7820737344876912 316
1634400460198 0.799121295805079 317
1634400503652 0.793587439141166 318
1634400545493 0.789336421584316 319
1634400589366 0.7954275533748575 320
1634400631257 0.8009206689070838 321
1634400674990 0.7965078617566524 322
1634400716913 0.7838842999314206 323
1634400758942 0.7908318476837886 324
1634400800726 0.7827932631155348 325
1634400842674 0.7881800890732893 326
1634400884591 0.7982779577907324 327
1634400926558 0.7951660245774681 328
1634400968549 0.7868278554874099 329
1634401010196 0.7939104385392418 330
1634401051831 0.7803270653953825 331
1634401093643 0.7909109620064201 332
1634401135618 0.7872659312041476 333
1634401177789 0.7918272120355906 334
1634401219919 0.7903325961179068 335
1634401261876 0.7957946708392464 336
1634401303560 0.7938346549084581 337
1634401345577 0.7938917598823535 338
1634401387643 0.7832613454022352 339
1634401431530 0.785316230606895 340
1634401473658 0.7933615014560529 341
1634401515971 0.7882818922447185 342
1634401557625 0.7742591283128066 343
1634401599662 0.7890817207472487 344
1634401641446 0.7885926937272167 345
1634401683506 0.7793381906927295 346
1634401725459 0.7808651133439205 347
1634401767481 0.7904809407553938 348
1634401809852 0.7868774745110161 349
1634401851595 0.773646934321506 350
1634401893558 0.7821264607846042 351
1634401935567 0.7842821026500746 352
1634401977477 0.7921714674663082 353
1634402019450 0.7970066092620633 354
1634402061684 0.7992955365590847 355
1634402103880 0.785593375028186 356
1634402145993 0.7983535455108164 357
1634402187852 0.799810745002845 358
1634402229978 0.7973811615893174 359
1634402274200 0.7839312997929287 360
1634402316249 0.7881208447220805 361
1634402358303 0.7990489149500994 362
1634402400165 0.7932301568947547 363
1634402442153 0.8004671681090062 364
1634402484168 0.8012086337313377 365
1634402526077 0.7996734046343855 366
1634402568195 0.80573967720005 367
1634402611836 0.8029562436905925 368
1634402653700 0.8004025482134403 369
1634402695554 0.7971915388731405 370
1634402739614 0.7927751045670784 371
1634402781870 0.7935545741410401 372
1634402824087 0.805593001789908 373
1634402868036 0.804993819006844 374
1634402910304 0.7891790728758408 375
1634402952434 0.7916107465550433 376
1634402994637 0.7865018204276442 377
1634403036546 0.7915734304082913 378
1634403078609 0.7991039807634863 379
1634403122661 0.8058499610106791 380
1634403166701 0.7934834514487833 381
1634403208980 0.796972012786637 382
1634403251291 0.8018331788986801 383
1634403293388 0.8013700994182456 384
1634403335710 0.7987055055778687 385
1634403378122 0.8012463029774132 386
1634403420348 0.8030498077736337 387
1634403463087 0.8064861301587979 388
1634403505640 0.8003622079332173 389
1634403552026 0.8093101503305414 390
1634403595982 0.7941868578381469 391
1634403638035 0.7799873971528605 392
1634403680432 0.8058766204591189 393
1634403722554 0.7996374257009038 394
1634403764811 0.7815463424285253 395
1634403807076 0.7834290027780767 396
1634403849432 0.8091513438416137 397
1634403891455 0.8117819325157516 398
1634403935908 0.7976282420522119 399
1634403980587 0.8010680276332836 400
1634404023105 0.7963713355120495 401
1634404065261 0.7829926445691425 402
1634404107629 0.7930104586070819 403
1634404150176 0.8001142774344644 404
1634404192517 0.7920364975256926 405
1634404234806 0.7861896685906427 406
1634404276947 0.8060893731365936 407
1634404319421 0.7837108338044343 408
1634404361874 0.7944394755139719 409
1634404404405 0.7907188950760563 410
1634404446973 0.7931325336294187 411
1634404489443 0.7922569536112688 412
1634404532105 0.7850696525919341 413
1634404574637 0.7943613096149502 414
1634404617165 0.7991961517580817 415
1634404659794 0.8023364076000249 416
1634404701960 0.7889695946120945 417
1634404744603 0.7842185172222368 418
1634404786985 0.7861791342205642 419
1634404831690 0.8003320721244026 420
1634404873993 0.8025525989316433 421
1634404916785 0.7996832952107392 422
1634404959283 0.8045388733783576 423
1634405002041 0.7837939638791518 424
1634405044328 0.7999569757424926 425
1634405086934 0.7913496444690936 426
1634405129492 0.8001243317235207 427
1634405172125 0.8006160373665836 428
1634405214807 0.8065868014117779 429
1634405257424 0.7987608819551896 430
1634405300194 0.7817414849061358 431
1634405342883 0.7999349845258962 432
1634405385402 0.7934156149380008 433
1634405427922 0.8093904376511198 434
1634405470481 0.7967922648097456 435
1634405512660 0.7969428585675177 436
1634405555358 0.8082667756253127 437
1634405597881 0.7862982208890494 438
1634405640106 0.8110833514994148 439
1634405684958 0.8067559562067984 440
1634405727520 0.7963255451803198 441
1634405770056 0.8067143985099448 442
1634405812821 0.8063616599106734 443
1634405855279 0.8099200494637872 444
1634405897508 0.7910874774909183 445
1634405940161 0.8031248019919264 446
1634405982593 0.7999074834724172 447
1634406025326 0.8043627717714645 448
1634406068038 0.8106592654201146 449
1634406110643 0.8073817515343107 450
1634406157996 0.805454117548766 451
1634406200693 0.8015438490593227 452
1634406243350 0.810928089842908 453
1634406286068 0.7987697235032315 454
1634406328718 0.8001049997947791 455
1634406371549 0.79362470164957 456
1634406414213 0.7999247280205728 457
1634406456934 0.7987249370204212 458
1634406499395 0.7926214622436157 459
1634406544248 0.7989483933497965 460
1634406587043 0.7995203358388722 461
1634406629902 0.7983357303551813 462
1634406672720 0.805456333393186 463
1634406715949 0.8078594480132274 464
1634406758991 0.7976659973203278 465
1634406802585 0.8070593553257885 466
1634406845854 0.8029611981604663 467
1634406888494 0.8104817493921258 468
1634406931384 0.7950794888921229 469
1634406974270 0.799789239855124 470
1634407017243 0.8021918328827499 471
1634407060036 0.7949563206904996 472
1634407103119 0.800604522245468 473
1634407145888 0.802193559790414 474
1634407188729 0.8077005403892576 475
1634407231668 0.8067384625443437 476
1634407274560 0.7982205932325772 477
1634407317265 0.8044835528623282 478
1634407360157 0.8007960362205337 479
1634407405479 0.8053636892599999 480
1634407448412 0.7994694933295929 481
1634407491199 0.8010711563364694 482
1634407534305 0.8044988827993491 483
1634407577325 0.8056230118562524 484
1634407622513 0.8041374111312861 485
1634407665357 0.8133954732119187 486
1634407710557 0.8044354760961969 487
1634407753800 0.800937650125623 488
1634407797429 0.8065774220436014 489
1634407840929 0.7996508233859051 490
1634407884479 0.808718879252024 491
1634407928064 0.8011930082955312 492
1634407971111 0.8038383050105458 493
1634408014114 0.8078842003572194 494
1634408056881 0.8012308503850456 495
1634408099804 0.8041386100407276 496
1634408147809 0.8011322200128767 497
1634408190466 0.8032408728457312 498
1634408233473 0.8022584520312347 499
1634408278167 0.8124966381323213 500
1634408321085 0.8046363340936203 501
1634408363940 0.8060816032465566 502
1634408407000 0.8057008636085349 503
1634408450010 0.8031573703289222 504
1634408493222 0.8066865391793545 505
1634408536140 0.809664513972565 506
1634408578904 0.8067669115808266 507
1634408622054 0.8005864706180268 508
1634408665130 0.8020567160712355 509
1634408708315 0.8089792177999612 510
1634408751453 0.8019115770713421 511
1634408794428 0.8105183883318868 512
1634408836925 0.8137597021677501 513
1634408879877 0.8074103787241468 514
1634408922663 0.8008325333572233 515
1634408965694 0.8037997363269482 516
1634409008365 0.8052637136617296 517
1634409051566 0.804571928395678 518
1634409094292 0.8039048990319773 519
1634409139590 0.8040459644694378 520
1634409182727 0.8114094748982326 521
1634409225642 0.8076989876072161 522
1634409268777 0.8026680261355775 523
1634409311616 0.801668609731034 524
1634409354615 0.7995992244062113 525
1634409397602 0.8009617409316196 526
1634409440859 0.8067243283341327 527
1634409483837 0.8036627233943401 528
1634409527002 0.8105196296999438 529
1634409570239 0.8026042525288204 530
1634409613373 0.8023596971465373 531
1634409656402 0.8052376737978865 532
1634409699567 0.8088418057441247 533
1634409744359 0.793994376568647 534
1634409787705 0.8007723757623212 535
1634409830673 0.7956680072525548 536
1634409873765 0.8075113143116945 537
1634409923938 0.7991947478670243 538
1634409966775 0.807820547886778 539
1634410012037 0.8090042956298432 540
1634410055390 0.8140664564657477 541
1634410098393 0.8136992788888014 542
1634410141500 0.8067533479525555 543
1634410184928 0.810512090622551 544
1634410227958 0.8011063115158866 545
1634410271364 0.8154301094134854 546
1634410316813 0.8044644499545386 547
1634410359932 0.8081045468017883 548
1634410403349 0.8058611040338068 549
1634410446608 0.8103069026042667 550
1634410489869 0.8073345472645816 551
1634410533270 0.803720188372185 552
1634410576465 0.811116818177551 553
1634410619418 0.8144007258158811 554
1634410662748 0.7945982980152632 555
1634410705884 0.8036461198617743 556
1634410749126 0.810803143647732 557
1634410792337 0.8054965663842251 558
1634410835519 0.803545582403548 559
1634410881150 0.8156818025415149 560
1634410927583 0.8029621592570123 561
1634410970605 0.8090053431132579 562
1634411014305 0.7878823110037412 563
1634411057719 0.812509105928688 564
1634411100857 0.8048175194441199 565
1634411144351 0.8099401707710325 566
1634411187461 0.8048230026327197 567
1634411230758 0.8078865246828001 568
1634411274252 0.7979667798141482 569
1634411317672 0.8068371048471572 570
1634411361010 0.8104695592203252 571
1634411404332 0.8043738337444496 572
1634411447824 0.8070478774793002 573
1634411491252 0.8090160935006169 574
1634411534395 0.8007300214332066 575
1634411577432 0.8096471791967212 576
1634411620274 0.7990078708618001 577
1634411663601 0.8107213768608247 578
1634411706789 0.8105003578679091 579
1634411752173 0.8177181910428404 580
1634411798623 0.8128037105270085 581
1634411842623 0.8120713974948878 582
1634411886321 0.8135474829618083 583
1634411929894 0.8066995191926115 584
1634411973494 0.8146129899990371 585
1634412016987 0.7947704535119408 586
1634412060375 0.8169842524215256 587
1634412108240 0.8153797735534264 588
1634412151478 0.8043332365766558 589
1634412194789 0.8116290824795211 590
1634412238436 0.8026863435510723 591
1634412281811 0.7969693154747326 592
1634412325249 0.8103806348644081 593
1634412369108 0.805698190367137 594
1634412412615 0.8007213526712905 595
1634412456211 0.810642926974429 596
1634412499924 0.8120635173044732 597
1634412543497 0.8129612616082956 598
1634412586939 0.8095113318729519 599
1634412632656 0.8129338116323925 600
1634412676605 0.8065610968425615 601
1634412719999 0.8119628923518732 602
1634412763834 0.8158250234728078 603
1634412807792 0.8042083651880656 604
1634412851706 0.8054764923463097 605
1634412895356 0.8059168787690572 606
1634412939161 0.8043249609254868 607
1634412982943 0.8082989686403542 608
1634413026408 0.8138669110779775 609
1634413069918 0.8089784986955523 610
1634413113361 0.8119380035208451 611
1634413156681 0.8096591795328053 612
1634413200203 0.81586200997268 613
1634413243796 0.8142712771980105 614
1634413287431 0.8014259778156289 615
1634413330893 0.804981219054041 616
1634413374520 0.8069196017534949 617
1634413418130 0.8142674629013256 618
1634413461549 0.8034465839476622 619
1634413507431 0.8062014114556052 620
1634413551126 0.8095314978352359 621
1634413594914 0.7998432993150901 622
1634413638831 0.8097263636648598 623
1634413682428 0.8135780351639567 624
1634413726481 0.8053043313549006 625
1634413770251 0.8106141691392245 626
1634413814366 0.7964273935027113 627
1634413858132 0.8030437042265901 628
1634413902145 0.8059194869541322 629
1634413945781 0.7950995680554924 630
1634413989489 0.8124741148941198 631
1634414033163 0.7880477394896179 632
1634414076927 0.8025595892438283 633
1634414120881 0.8118350624162097 634
1634414165016 0.8181216869291221 635
1634414214444 0.806469494994606 636
1634414258397 0.8153686164707693 637
1634414302643 0.8116559559112985 638
1634414346512 0.8139267658203629 639
1634414392696 0.8108646381585942 640
1634414437656 0.8059537424958239 641
1634414482054 0.8038731613544322 642
1634414525829 0.8098185784317362 643
1634414569939 0.819724213690389 644
1634414620765 0.8084492794646819 645
1634414664824 0.7775479214147724 646
1634414708793 0.8158069317208393 647
1634414752640 0.8099867956797364 648
1634414797134 0.8000211769107725 649
1634414840942 0.8063409825412701 650
1634414885054 0.8061110472816975 651
1634414928913 0.812435253785627 652
1634414972927 0.8179063838241822 653
1634415016989 0.8126675642376815 654
1634415060902 0.809123332803654 655
1634415104456 0.8150652490295464 656
1634415148140 0.8090802970043355 657
1634415192064 0.8112093362559963 658
1634415235716 0.8152803168976965 659
1634415282110 0.8153929257494319 660
1634415327034 0.8082641183564483 661
1634415371071 0.8099108620900046 662
1634415414871 0.8069199530943719 663
1634415459000 0.8038991282523009 664
1634415502864 0.8119568088519462 665
1634415547032 0.8130202802679827 666
1634415590876 0.813460315262924 667
1634415634967 0.8134633591893023 668
1634415678959 0.8119060935756772 669
1634415722813 0.8068134917095658 670
1634415766769 0.8083169536776413 671
1634415810669 0.8107114701592317 672
1634415854935 0.8029169125947638 673
1634415899137 0.8118286916914356 674
1634415943282 0.8083296238454628 675
1634415987098 0.813398895944732 676
1634416031026 0.8112983503550886 677
1634416075189 0.8101257635320661 678
1634416118950 0.7954405528361334 679
1634416165044 0.7967737102334664 680
1634416209662 0.7944838910202454 681
1634416253871 0.8070331827561178 682
1634416298230 0.8092284429551183 683
1634416342146 0.8024040997406386 684
1634416386303 0.7994439213619233 685
1634416430569 0.7995662581780824 686
1634416475071 0.8098786498226933 687
1634416519206 0.8058599673981792 688
1634416563189 0.8145841759845696 689
1634416607381 0.8127389588592412 690
1634416651879 0.8166585453330591 691
1634416696197 0.809637019068365 692
1634416740312 0.8038349961277527 693
1634416784598 0.8127806085418395 694
1634416828592 0.8151943301556923 695
1634416872689 0.8129881502332108 696
1634416916909 0.8106225250038483 697
1634416961049 0.8104671644992277 698
1634417005420 0.8094249640087756 699
1634417052030 0.8093429280917964 700
1634417096979 0.8054378811255828 701
1634417141619 0.8078208310777802 702
1634417186089 0.8031984069499973 703
1634417230553 0.8057365446745965 704
1634417275094 0.7956078007998131 705
1634417319500 0.8021859615599386 706
1634417363555 0.8005800352515917 707
1634417408141 0.7814604581763344 708
1634417452427 0.8040432673315824 709
1634417496607 0.813628772823459 710
1634417541068 0.8072960057808103 711
1634417585106 0.8093043227345824 712
1634417629673 0.8044639435917368 713
1634417674264 0.8056148910091259 714
1634417718624 0.8134230875204908 715
1634417763193 0.8124491825303771 716
1634417807885 0.8158995971772406 717
1634417852223 0.8192253466941309 718
1634417896423 0.8102070349741285 719
1634417942714 0.8119411565806225 720
1634417988147 0.810266399549591 721
1634418032708 0.8140308375606707 722
1634418077373 0.8109417816649083 723
1634418121689 0.8078213292683024 724
1634418166064 0.8113847496681889 725
1634418210919 0.7986580428869932 726
1634418255457 0.8133740803002044 727
1634418299955 0.8110524676383664 728
1634418344305 0.8150579838443509 729
1634418388662 0.8106900890349977 730
1634418433153 0.8087786563255638 731
1634418477623 0.8106915433634153 732
1634418522381 0.8089321894826242 733
1634418566686 0.8092388894959096 734
1634418611275 0.8106777782570429 735
1634418655483 0.8116634550179652 736
1634418699769 0.8166905586658617 737
1634418744081 0.792698570184022 738
1634418788693 0.810445537826019 739
1634418835359 0.8115946014341169 740
1634418880174 0.8065687749923274 741
1634418925234 0.8039955876041234 742
1634418970030 0.8104186789827876 743
1634419014685 0.815114431781638 744
1634419059197 0.8179289038145958 745
1634419104219 0.8093316069586863 746
1634419148874 0.8114590426213927 747
1634419193418 0.8135410838911187 748
1634419238125 0.8102174807273178 749
1634419282554 0.8135061030948363 750
1634419327136 0.7976261723454471 751
1634419371656 0.8130370308212767 752
1634419416233 0.801691201505844 753
1634419460539 0.8063712624438106 754
1634419505318 0.8143158454231912 755
1634419550106 0.8128284739573426 756
1634419594419 0.8143833183738887 757
1634419638952 0.8152682908158052 758
1634419683731 0.8081490669589251 759
1634419730635 0.8121616878722854 760
1634419775833 0.809930888592321 761
1634419820790 0.8073111121644285 762
1634419865888 0.8110290268400332 763
1634419911157 0.8130188329471506 764
1634419955954 0.8031712349722676 765
1634420000997 0.8086478637883797 766
1634420045883 0.8050225635736872 767
1634420091179 0.8119453819516432 768
1634420136205 0.807529656898561 769
1634420181369 0.8076935289877991 770
1634420226317 0.8100004447011749 771
1634420271134 0.8016779630122354 772
1634420316140 0.8012998212372656 773
1634420360868 0.798971549107872 774
1634420405901 0.8100633599850766 775
1634420450987 0.8092008142660849 776
1634420495844 0.8065257664077551 777
1634420540944 0.8002610925237434 778
1634420585965 0.8024316962594747 779
1634420632674 0.8114473432987942 780
1634420678725 0.7993766567781807 781
1634420723853 0.8058356578821219 782
1634420768751 0.8039075006111928 783
1634420813773 0.8152513843173895 784
1634420858681 0.8122267395400989 785
1634420903651 0.8008590398900818 786
1634420948620 0.8066676433426072 787
1634420993732 0.8121416141704347 788
1634421038679 0.8027925570558793 789
1634421083419 0.814919394600786 790
1634421128207 0.8062056692319977 791
1634421173128 0.8058247663114132 792
1634421218212 0.8090014625010387 793
1634421262878 0.8040197462806449 794
1634421307907 0.8083252424534878 795
1634421353169 0.8095847178865568 796
1634421398057 0.7977160348320188 797
1634421442626 0.8099082961697208 798
1634421487320 0.8141615466436282 799
1634421534525 0.8070433556230094 800
1634421579886 0.807655528730764 801
1634421625159 0.8120102092160569 802
1634421670028 0.8077144813530238 803
1634421715149 0.8058992979754095 804
1634421759975 0.8088837179073761 805
1634421804572 0.8016753596321813 806
1634421849839 0.8166208068460544 807
1634421894908 0.819028037511728 808
1634421939823 0.8180787449456111 809
1634421984431 0.8192527630965909 810
1634422029505 0.8099986380033741 811
1634422074366 0.8147794365705068 812
1634422119394 0.8100603111873487 813
1634422164183 0.8141048444274896 814
1634422209097 0.8090765121094332 815
1634422253974 0.8087559616581586 816
1634422298797 0.8044452532814153 817
1634422343732 0.8082983254914562 818
1634422388750 0.8132502501482524 819
1634422435873 0.8089279492418954 820
1634422481853 0.8053607369683945 821
1634422527215 0.8089126915953434 822
1634422572138 0.8142462821033968 823
1634422617159 0.806447169353832 824
1634422662092 0.799450579414066 825
1634422707072 0.8021635509130943 826
1634422752284 0.7999967493819694 827
1634422797373 0.8101769234234381 828
1634422842495 0.8052101738764588 829
1634422887567 0.8102441650021521 830
1634422932932 0.81197866720814 831
1634422978095 0.8093851033598113 832
1634423023350 0.7992084580520642 833
1634423068289 0.8103071814922126 834
1634423113416 0.8113139997513167 835
1634423158606 0.8115731830032064 836
1634423203639 0.8072455759529952 837
1634423248914 0.8103036036368639 838
1634423294205 0.8141358176881003 839
1634423341292 0.8049910267700626 840
1634423386611 0.8194166335417057 841
1634423431472 0.8092848660749393 842
1634423476685 0.8156019570325593 843
1634423521767 0.8109126113068628 844
1634423567193 0.808763324268682 845
1634423612152 0.8140186054612651 846
1634423657658 0.8053142386208679 847
1634423702873 0.8120287268610846 848
1634423747773 0.8147326014886962 849
1634423793197 0.8130900037424379 850
1634423838120 0.8090068324743546 851
1634423883347 0.813292510576056 852
1634423928460 0.8034047681586254 853
1634423973506 0.8154374251446455 854
1634424018801 0.8203915698444924 855
1634424064245 0.817913233719064 856
1634424109182 0.8163118831596491 857
1634424154141 0.8188709098250263 858
1634424199389 0.8168785218075952 859
1634424247201 0.8193368934909104 860
1634424292617 0.8062807231971845 861
1634424337851 0.8205175120171933 862
1634424383157 0.8205931016400584 863
1634424428656 0.8176125850973874 864
1634424473849 0.8161383193831049 865
1634424519134 0.8203865715558367 866
1634424564504 0.8147119934669836 867
1634424609793 0.8165784899593086 868
1634424655206 0.8161067805177129 869
1634424700546 0.816171355336603 870
1634424745778 0.8114140964789285 871
1634424790883 0.8075114181661356 872
1634424835714 0.804777935875037 873
1634424881154 0.8176252457542653 874
1634424926089 0.8207621189949387 875
1634424980126 0.8194464077386177 876
1634425025532 0.8083319562068104 877
1634425073587 0.8089890035489501 878
1634425118879 0.8231386078632792 879
1634425173974 0.8149518524211236 880
1634425219712 0.8055896987957236 881
1634425265516 0.8045287207949889 882
1634425310956 0.8189674827104513 883
1634425356557 0.8224410943224518 884
1634425401878 0.8091458404697979 885
1634425447219 0.8064981387248077 886
1634425492399 0.8174915602335898 887
1634425537566 0.817949893030476 888
1634425583058 0.8227904861124711 889
1634425628576 0.8199700462221226 890
1634425674129 0.8171618533976476 891
1634425719446 0.8137068550134658 892
1634425764861 0.8136962366808768 893
1634425810075 0.8234444971017397 894
1634425860037 0.8144511096056487 895
1634425905387 0.8102948953098948 896
1634425951028 0.8105834832947616 897
1634425996656 0.8079185004480357 898
1634426042140 0.8082682659781761 899
1634426090033 0.8121096513683744 900
1634426135459 0.808092991755382 901
1634426181380 0.8091102977561039 902
1634426226846 0.816245740100195 903
1634426272544 0.8111509875029206 904
1634426318096 0.8064033684424471 905
1634426363553 0.8143646391575335 906
1634426409353 0.8126089790069418 907
1634426455079 0.8151398284101752 908
1634426500693 0.8132432166380208 909
1634426546465 0.8139114264097824 910
1634426592368 0.8069280750150877 911
1634426638007 0.8124986426851015 912
1634426683417 0.8127260800819076 913
1634426732610 0.8059083743462313 914
1634426778038 0.8164475694375742 915
1634426825999 0.8131813922777079 916
1634426871791 0.8095763050780401 917
1634426917668 0.8165196839042485 918
1634426963075 0.8153518900232051 919
1634427010996 0.8124830377031902 920
1634427057560 0.8169380596403037 921
1634427103583 0.8162388749550267 922
1634427149436 0.8115105344146347 923
1634427195357 0.8134707900075511 924
1634427240830 0.812937032520387 925
1634427286887 0.8158596258636486 926
1634427332615 0.8098068833164099 927
1634427378002 0.8165491509763018 928
1634427423591 0.8170418021540978 929
1634427469027 0.8183373969160233 930
1634427514716 0.8183747655922071 931
1634427560825 0.8168282005710282 932
1634427606561 0.8147081117647449 933
1634427652305 0.813857102805992 934
1634427698412 0.813641180141631 935
1634427744444 0.8153857233371559 936
1634427790272 0.8140312046717184 937
1634427835836 0.8123446186274199 938
1634427881718 0.8088014004490126 939
1634427929666 0.8130913633559365 940
1634427983142 0.8207654506462488 941
1634428028896 0.8120526797555075 942
1634428074472 0.8129599805688327 943
1634428120308 0.8149816861033443 944
1634428166243 0.812370029759636 945
1634428211917 0.8179655234486086 946
1634428264347 0.8082085239050356 947
1634428316365 0.806180630888944 948
1634428362363 0.8123329799092427 949
1634428408087 0.807052423733367 950
1634428454503 0.7972862589268584 951
1634428500312 0.8115217810986175 952
1634428546793 0.812108908073881 953
1634428592653 0.8139944872966127 954
1634428638739 0.8093336181433054 955
1634428685187 0.8164328999330515 956
1634428730972 0.8164661619135023 957
1634428777064 0.8060485986943374 958
1634428823188 0.8126354048113695 959
1634428871210 0.8130171822050265 960
1634428918043 0.8085807598909392 961
1634428964501 0.807997476823456 962
1634429010598 0.8160490824395517 963
1634429056760 0.805893811684144 964
1634429108888 0.8031860913645502 965
1634429155240 0.8146800834299845 966
1634429201381 0.8118187388195396 967
1634429247633 0.8081326821587527 968
1634429293826 0.8074004081224696 969
1634429340049 0.8159366343960618 970
1634429386112 0.8185096758254629 971
1634429432245 0.8126029210739295 972
1634429478427 0.8145737519437568 973
1634429524723 0.8172929308738734 974
1634429570954 0.8164725035058958 975
1634429617423 0.8088092800815426 976
1634429663510 0.8212088404147285 977
1634429709766 0.8195381291573797 978
1634429756015 0.8182876740978232 979
1634429804216 0.8070440139792712 980
1634429850421 0.8102960548676603 981
1634429896960 0.8114910143070092 982
1634429942858 0.8117714064615692 983
1634429988738 0.8126312652492259 984
1634430035142 0.8133411196550758 985
1634430081124 0.8129355093019128 986
1634430127797 0.8166342074288849 987
1634430174058 0.8061751365900004 988
1634430220530 0.8113243808801263 989
1634430266976 0.8086566751077834 990
1634430313281 0.8132155462091355 991
1634430359407 0.8177224741419641 992
1634430405751 0.8143306631616396 993
1634430452453 0.8135092076419268 994
1634430498966 0.8175534934160541 995
1634430545293 0.8124100416637946 996
1634430591529 0.8129290585991681 997
1634430638384 0.819713059724048 998
1634430684611 0.8153910052213362 999
1634430733667 0.8133367431548203 1000
1634430780378 0.818708781547599 1001
1634430826629 0.8149242585185197 1002
1634430872905 0.8151718308619804 1003
1634430918829 0.8151875096759066 1004
1634430965022 0.7953686522179483 1005
1634431011330 0.809201485532879 1006
1634431057667 0.8108882485942533 1007
1634431103887 0.8085323074818744 1008
1634431150031 0.8093580848004159 1009
1634431196821 0.8127226210521287 1010
1634431242910 0.8177649430663714 1011
1634431289105 0.8181173564596084 1012
1634431335164 0.8175418579961621 1013
1634431382172 0.8224276512443913 1014
1634431428617 0.8188107511620935 1015
1634431475094 0.8257306378942099 1016
1634431526156 0.8165581832308457 1017
1634431572153 0.814887619192693 1018
1634431618762 0.8145264701660486 1019
1634431667037 0.8199218140529038 1020
1634431713894 0.8098772961483638 1021
1634431760597 0.8104299831766824 1022
1634431807061 0.806718354572337 1023
1634431853636 0.8168331833687931 1024
1634431900389 0.8158872281642505 1025
1634431946535 0.8173747544243526 1026
1634431993442 0.8154598156961756 1027
1634432039923 0.8196862062096752 1028
1634432086475 0.8132220205480634 1029
1634432132944 0.8168667319631789 1030
1634432179289 0.8201098723579237 1031
1634432225825 0.8134440735552677 1032
1634432272076 0.8180598934156901 1033
1634432318462 0.8096511166885502 1034
1634432364882 0.8190084246178877 1035
1634432411357 0.8179711065522818 1036
1634432458201 0.8192641627871607 1037
1634432504903 0.8209771810007552 1038
1634432551944 0.8189742608814351 1039
1634432600935 0.8230839954335897 1040
1634432648509 0.8213189207497913 1041
1634432695448 0.8220225613651868 1042
1634432742394 0.8121298581047572 1043
1634432788986 0.8183272096147911 1044
1634432835504 0.8009850472055133 1045
1634432882460 0.8152101658222903 1046
1634432929627 0.8162620263215462 1047
1634432976506 0.8153870150744125 1048
1634433023374 0.8248550650579543 1049
1634433074482 0.8263512063371167 1050
1634433126294 0.8188514906539782 1051
1634433172593 0.8127921901365333 1052
1634433219712 0.8057329459449394 1053
1634433266241 0.8134826783913202 1054
1634433313017 0.8063145742464995 1055
1634433359567 0.8145919856171834 1056
1634433406495 0.8155389250256322 1057
1634433453357 0.8142574068245704 1058
1634433499811 0.8126060991584146 1059
1634433548623 0.8193646072380779 1060
1634433596947 0.8145114122443966 1061
1634433644040 0.8191303901384237 1062
1634433692587 0.8205995271614814 1063
1634433739496 0.8208827933802187 1064
1634433786267 0.8157658135306969 1065
1634433832673 0.8136994596718992 1066
1634433879866 0.8086980587884693 1067
1634433926451 0.810274872322738 1068
1634433973724 0.8050369588310974 1069
1634434020281 0.8161857555668431 1070
1634434067215 0.814482948262667 1071
1634434114195 0.8073005949992271 1072
1634434162791 0.8184018044174526 1073
1634434209454 0.8171910361683895 1074
1634434256039 0.8185573783603016 1075
1634434303147 0.8170006319898401 1076
1634434349923 0.8153351242835488 1077
1634434396878 0.8195561516598798 1078
1634434446248 0.8204687996002037 1079
1634434495637 0.8217569310400576 1080
1634434542883 0.8185626766220887 1081
1634434589886 0.8171351490646075 1082
1634434638355 0.8205594850451258 1083
1634434685300 0.8206134251255207 1084
1634434732381 0.8192418535884425 1085
1634434778894 0.8176225172227786 1086
1634434827657 0.8200777223457539 1087
1634434874573 0.8148083501790206 1088
1634434922491 0.8177798529725391 1089
1634434969017 0.8136859889063713 1090
1634435016068 0.8233910976711389 1091
1634435062572 0.8153235983306094 1092
1634435112494 0.8163024072291519 1093
1634435159080 0.8162492656581091 1094
1634435206831 0.8209415891736529 1095
1634435253784 0.8137786779726139 1096
1634435300395 0.8146841087705866 1097
1634435347393 0.8243423037235614 1098
1634435393780 0.8199422540483151 1099
1634435443018 0.8053402789670449 1100
1634435491898 0.8141248134473411 1101
1634435538967 0.8125775337790571 1102
1634435589176 0.8146482160012043 1103
1634435636257 0.8131262945025256 1104
1634435683606 0.8126607826679249 1105
1634435730315 0.8110922553599227 1106
1634435780102 0.8147380880990052 1107
1634435827062 0.8151057555814185 1108
1634435880273 0.814713606673844 1109
1634435928083 0.8132799895339718 1110
1634435978206 0.813393098052994 1111
1634436025129 0.814058641606569 1112
1634436074724 0.8074293667537249 1113
1634436121937 0.8116310938709058 1114
1634436171412 0.816524722004019 1115
1634436218557 0.8109302199781546 1116
1634436267381 0.8165644970957358 1117
1634436314848 0.7991743666922149 1118
1634436364227 0.8104516789415092 1119
1634436413520 0.8067796932309058 1120
1634436462280 0.8115854743836457 1121
1634436510038 0.8109680539061018 1122
1634436558641 0.8075893255761893 1123
1634436605729 0.8107393236458792 1124
1634436654757 0.8133785130051453 1125
1634436701637 0.8115739662085865 1126
1634436751055 0.8165051005298248 1127
1634436798215 0.8134382426395436 1128
1634436848718 0.8135145796444581 1129
1634436896046 0.8151564952186674 1130
1634436945273 0.815289684480334 1131
1634436992082 0.8085585929572903 1132
1634437042906 0.8089870848292754 1133
1634437089745 0.8078330131695731 1134
1634437140717 0.8124478459448885 1135
1634437188133 0.8196002491315048 1136
1634437237333 0.8115943709136628 1137
1634437284617 0.8129192660800051 1138
1634437335412 0.81271221310974 1139
1634437384922 0.8145437984921571 1140
1634437434860 0.8151002057329643 1141
1634437482358 0.8134492950814143 1142
1634437534271 0.8123590475036582 1143
1634437581903 0.8119141856443839 1144
1634437632062 0.8146534499811986 1145
1634437679024 0.8111227270635074 1146
1634437730749 0.8054604215423751 1147
1634437778136 0.8110416634895683 1148
1634437828697 0.8126809822948964 1149
1634437876385 0.8122142218853617 1150
1634437928268 0.8029584904200727 1151
1634437975396 0.8169678777788336 1152
1634438025293 0.811977158258873 1153
1634438072674 0.8170784488587092 1154
1634438125265 0.8074876370228325 1155
1634438172473 0.8150530419135003 1156
1634438221957 0.8064464751470461 1157
1634438269098 0.8067219472828416 1158
1634438320656 0.8108814251586324 1159
1634438370117 0.814321881713438 1160
1634438420554 0.8130268920588823 1161
1634438468248 0.8122268718179557 1162
1634438519365 0.814810522547663 1163
1634438567083 0.8132058585708722 1164
1634438617635 0.8141542612515172 1165
1634438664887 0.8138370366507913 1166
1634438716621 0.8125881423824102 1167
1634438764230 0.81392145464077 1168
1634438816394 0.8135712293811003 1169
1634438863964 0.8158162923887302 1170
1634438915603 0.8152359154702442 1171
1634438963307 0.8162017888087536 1172
1634439015006 0.8107466349314225 1173
1634439062691 0.8137387172884246 1174
1634439113133 0.8115007379146097 1175
1634439160867 0.8074896476211052 1176
1634439212121 0.8078594440645218 1177
1634439259685 0.8159182882322483 1178
1634439311174 0.813708638985785 1179
1634439361003 0.8112997185275141 1180
1634439412207 0.8144645538869448 1181
1634439459643 0.8118725247935197 1182
1634439510921 0.8148359282450807 1183
1634439558552 0.8093354919901153 1184
1634439609565 0.8175468437934335 1185
1634439657205 0.8165882345342207 1186
1634439708363 0.8176674023062895 1187
1634439755805 0.8160642013952125 1188
1634439807661 0.8131416457430035 1189
1634439855069 0.814230706702785 1190
1634439905515 0.8156148867341926 1191
1634439952820 0.8170930487988571 1192
1634440003785 0.8152487395123201 1193
1634440051277 0.8158426721173435 1194
1634440102861 0.815781653920471 1195
1634440150570 0.8148522301741846 1196
1634440202821 0.8142655927497884 1197
1634440250688 0.8125889108258767 1198
1634440301703 0.8122710646977824 1199
1634440351722 0.8138650576064376 1200
1634440404700 0.8126600021491363 1201
1634440452765 0.8044310167295333 1202
1634440500079 0.8082460448406521 1203
1634440547641 0.8099470610507538 1204
1634440599912 0.8134974282898955 1205
1634440647667 0.813050612439484 1206
1634440700214 0.811837647232812 1207
1634440748101 0.8081830028603251 1208
1634440795701 0.8053615555344018 1209
1634440843365 0.8118511085922969 1210
1634440891103 0.8153182025069956 1211
1634440939142 0.8158079813423391 1212
1634440987126 0.8124018500882225 1213
1634441034741 0.8125451588545206 1214
1634441087715 0.8125809094629393 1215
1634441135110 0.8126869421449008 1216
1634441183000 0.8102330154753822 1217
1634441230693 0.8163313214215548 1218
1634441278525 0.8153691379163045 1219
1634441328447 0.8158013743234408 1220
1634441381461 0.814843346117586 1221
1634441429415 0.8095787882951515 1222
1634441482399 0.8112828034557789 1223
1634441530584 0.8135254565957811 1224
1634441578143 0.8164424949961604 1225
1634441625749 0.8138097176920308 1226
1634441673803 0.8188640440166708 1227
1634441721692 0.8170640402152619 1228
1634441769653 0.8139073653039064 1229
1634441817416 0.8103882694557181 1230
1634441866914 0.8164661897061504 1231
1634441914771 0.7936421198346587 1232
1634441962402 0.8153860380843624 1233
1634442010388 0.8144661454680934 1234
1634442063634 0.8144178827356425 1235
1634442111424 0.8152012338134653 1236
1634442159456 0.8174655444857667 1237
1634442207776 0.8139421773842165 1238
1634442255679 0.8158484270847475 1239
1634442305765 0.8123291601844845 1240
1634442354650 0.8160210023992487 1241
1634442403234 0.8195251949792586 1242
1634442456995 0.8162973588655261 1243
1634442505190 0.8156626746398382 1244
1634442558173 0.816502915369448 1245
1634442606422 0.8174754718437974 1246
1634442659486 0.8107735659894109 1247
1634442707287 0.8125279396418855 1248
1634442755386 0.8112835081437184 1249
1634442803157 0.8172391225633744 1250
1634442851332 0.8182711769697797 1251
1634442899177 0.8181995580525598 1252
1634442947255 0.8207107747730894 1253
1634442995481 0.8181589087026682 1254
1634443043714 0.8123042849238203 1255
1634443091754 0.8108093093108718 1256
1634443139136 0.8155667513772309 1257
1634443188167 0.8137382936880327 1258
1634443238760 0.8181848580101959 1259
1634443289155 0.8222399806018909 1260
1634443338023 0.8211120704855267 1261
1634443386030 0.8210984640952136 1262
1634443434030 0.8155524744184266 1263
1634443482393 0.8203299150527793 1264
1634443531109 0.791284937577263 1265
1634443580083 0.8129519389588717 1266
1634443628426 0.8186964784792901 1267
1634443677839 0.8156683270162775 1268
1634443727391 0.8133902489482364 1269
1634443776498 0.8143222011213929 1270
1634443825093 0.8195474274261462 1271
1634443874336 0.810403759206782 1272
1634443922809 0.8096781906436776 1273
1634443971795 0.8130247221643674 1274
1634444019760 0.8095605711054339 1275
1634444068755 0.8187441462975514 1276
1634444117568 0.8158662025889105 1277
1634444166461 0.8169551067558737 1278
1634444216478 0.8168616237568681 1279
