1634387547426 0.3940331097707638 1
1634387588666 0.5209089876665118 2
1634387630138 0.5560805706830385 3
1634387671533 0.5792216417489576 4
1634387711873 0.604427599253285 5
1634387752598 0.6345435485805886 6
1634387793152 0.6271346861385313 7
1634387833834 0.6391438193525589 8
1634387874635 0.6719519650201624 9
1634388036781 0.6877855943057165 13
1634388117432 0.6965555021468575 15
1634388362709 0.7050417120966397 21
1634388444218 0.7050590618773478 23
1634388484149 0.7050467171643808 24
1634388723068 0.709009977212429 30
1634388882568 0.7245462026199003 34
1634389082012 0.7461552247235366 39
1634389765033 0.7489895187064545 56
1634389805419 0.7487214659645693 57
1634390007848 0.7525448635384252 62
1634390248377 0.7637057204894351 68
1634390569895 0.7769790839187946 76
1634394136663 0.783112701700932 164
1634394666426 0.7850074741542171 177
1634394748851 0.7866081999294534 179
1634394997528 0.7893250009741788 185
1634396023015 0.7922611650445696 210
1634397092015 0.7959279195754765 236
1634397260122 0.795721117730477 240
1634400461044 0.799121295805079 317
1634400632160 0.8009206689070838 321
1634402569144 0.80573967720005 367
1634402825006 0.805593001789908 373
1634403123681 0.8058499610106791 380
1634403552973 0.8093101503305414 390
1634403892465 0.8117819325157516 398
1634407666641 0.8133954732119187 486
1634410272763 0.8154301094134854 546
1634410882616 0.8156818025415149 560
1634411753744 0.8177181910428404 580
1634412061865 0.8169842524215256 587
1634414166497 0.8181216869291221 635
1634414571483 0.819724213690389 644
1634424928213 0.8207621189949387 875
1634425120921 0.8231386078632792 879
1634425812386 0.8234444971017397 894
1634431477486 0.8257306378942099 1016
1634433025684 0.8248550650579543 1049
1634433077013 0.8263512063371167 1050
