1634387547428 0.5836763554533401 1
1634387588668 0.7228910243472462 2
1634387630139 0.7567414840580287 3
1634387671534 0.7779419178864755 4
1634387711875 0.8000385022992836 5
1634387752600 0.8079223043917019 6
1634387793153 0.8130021329208812 7
1634387833835 0.8239575721465678 8
1634387874637 0.8323022362772544 9
1634388036783 0.846770780376244 13
1634388117433 0.8514255604759748 15
1634388362711 0.8596372448614409 21
1634388444219 0.859218909464054 23
1634388484151 0.860052528191896 24
1634388723070 0.8629064604656669 30
1634388882569 0.8646690883855831 34
1634389082013 0.8741987987385593 39
1634389765035 0.880274523910959 56
1634389805420 0.8805494558249398 57
1634390007850 0.8814782640389374 62
1634390248378 0.8797497532802768 68
1634390569896 0.8830010712921925 76
1634394136664 0.8910904523876516 164
1634394666428 0.8927561493671781 177
1634394748853 0.8920113964471167 179
1634394997529 0.8925381282264033 185
1634396023016 0.8970913004825387 210
1634397092017 0.8890586305503316 236
1634397260123 0.8936447314958759 240
1634400461045 0.8984708602990961 317
1634400632161 0.8963982097848947 321
1634402569146 0.9006700918293982 367
1634402825007 0.897820511403396 373
1634403123683 0.9010156546173244 380
1634403552975 0.8991125268125828 390
1634403892466 0.9046954948065943 398
1634407666647 0.8994403938794033 486
1634410272764 0.8998995958848579 546
1634410882618 0.9030851891049855 560
1634411753746 0.9035277627251458 580
1634412061867 0.9046630417058483 587
1634414166498 0.905185688846677 635
1634414571484 0.9040473208919271 644
1634424928214 0.8992242991182852 875
1634425120923 0.8983807165938273 879
1634425812387 0.9047981701000926 894
1634431477488 0.9012667334546854 1016
1634433025685 0.9041285033814862 1049
1634433077015 0.9045561477950703 1050
