1634387547424 0.4630164397163097 1
1634387588665 0.6610349150764845 2
1634387630136 0.6977884957376352 3
1634387671531 0.6799763096040861 4
1634387711871 0.7362459074324129 5
1634387752596 0.8231581477732504 6
1634387793150 0.7449292724637323 7
1634387833832 0.7579774613771137 8
1634387874633 0.8716519807566174 9
1634388036779 0.8101463189732493 13
1634388117430 0.853762889905225 15
1634388362707 0.8337059891645681 21
1634388444216 0.8244013301139479 23
1634388484147 0.7929231510673612 24
1634388723066 0.8027490765732871 30
1634388882566 0.8048908862468401 34
1634389082010 0.8647490894381772 39
1634389765031 0.8284587191160726 56
1634389805417 0.8231171788786452 57
1634390007846 0.8370064348668567 62
1634390248375 0.83537473028457 68
1634390569893 0.8621833186352856 76
1634394136661 0.8573874465898569 164
1634394666424 0.8612821929427107 177
1634394748849 0.8579371712414053 179
1634394997526 0.8634270890041034 185
1634396023013 0.8613332278478443 210
1634397092013 0.8599202728905849 236
1634397260120 0.8718950764489598 240
1634400461042 0.8780678300637976 317
1634400632158 0.87140998776755 321
1634402569142 0.8791349487292117 367
1634402825004 0.8691894074859885 373
1634403123679 0.8753414833349299 380
1634403552971 0.8727991409810876 390
1634403892463 0.8897135239388625 398
1634407666633 0.8837836779917381 486
1634410272761 0.8908600040569118 546
1634410882614 0.8985530093048192 560
1634411753742 0.8996432143176726 580
1634412061863 0.897127130492722 587
1634414166495 0.9090939288942171 635
1634414571481 0.8966442565343589 644
1634424928211 0.9079581366875668 875
1634425120919 0.9054024065302106 879
1634425812384 0.9069222700907522 894
1634431477484 0.9044542749698132 1016
1634433025682 0.9108441143328215 1049
1634433077011 0.9129272752203925 1050
