1634387547348 0.4630164397163097 1
1634387588509 0.6610349150764845 2
1634387629987 0.6977884957376352 3
1634387671378 0.6799763096040861 4
1634387711718 0.7362459074324129 5
1634387752438 0.8231581477732504 6
1634387792992 0.7449292724637323 7
1634387833672 0.7579774613771137 8
1634387874481 0.8716519807566174 9
1634387915048 0.7993505531470427 10
1634387955331 0.7693074300263348 11
1634387996000 0.6884943898142777 12
1634388036627 0.8101463189732493 13
1634388076951 0.7624989714449899 14
1634388117271 0.853762889905225 15
1634388157941 0.7623246798450899 16
1634388197889 0.8433010730475358 17
1634388238915 0.6990792197907093 18
1634388279506 0.7333978365078616 19
1634388322071 0.7360781983140275 20
1634388362549 0.8337059891645681 21
1634388403795 0.7693594818408195 22
1634388444040 0.8244013301139479 23
1634388483970 0.7929231510673612 24
1634388524067 0.7924407052293413 25
1634388563817 0.7659569207952519 26
1634388603826 0.7671246270079591 27
1634388643474 0.7806296151973817 28
1634388683197 0.7660840343887753 29
1634388722890 0.8027490765732871 30
1634388763254 0.8317535055674781 31
1634388802815 0.7868586416654033 32
1634388842711 0.7317795986545929 33
1634388882371 0.8048908862468401 34
1634388922358 0.8156631506903976 35
1634388962516 0.7758337237755822 36
1634389002174 0.8087840488865415 37
1634389042251 0.8045178759385324 38
1634389081815 0.8647490894381772 39
1634389124428 0.8009077600803761 40
1634389164339 0.8403149380471198 41
1634389204511 0.8044337458264751 42
1634389244592 0.7864719696720303 43
1634389284579 0.8181743604308566 44
1634389324467 0.8107532784136667 45
1634389365035 0.8481548990876498 46
1634389405177 0.780536127873358 47
1634389444971 0.8008298613011263 48
1634389484858 0.8082564172340676 49
1634389525035 0.7762417681917868 50
1634389564652 0.7479962891799921 51
1634389604763 0.7851934106700625 52
1634389644534 0.7806962636385673 53
1634389684669 0.8218053646834234 54
1634389724907 0.7750327947172387 55
1634389764797 0.8284587191160726 56
1634389805179 0.8231171788786452 57
1634389845286 0.8280065647379438 58
1634389885292 0.7980040780294667 59
1634389927160 0.7982668445767066 60
1634389967432 0.8111674015499717 61
1634390007574 0.8370064348668567 62
1634390047955 0.8326362575238309 63
1634390087986 0.7799579621750931 64
1634390127858 0.8312778682500773 65
1634390168135 0.7587457845701004 66
1634390208143 0.790358991006376 67
1634390248101 0.83537473028457 68
1634390288854 0.771801086188363 69
1634390329188 0.8408153087562654 70
1634390369017 0.7388042746537139 71
1634390409275 0.7975558005856939 72
1634390449319 0.8075408635072419 73
1634390489458 0.7824447553565611 74
1634390529732 0.7771232410640528 75
1634390569617 0.8621833186352856 76
1634390610196 0.8510585493886589 77
1634390650427 0.7881248204120659 78
1634390690537 0.7980727349164084 79
1634390732945 0.8501980723673834 80
1634390773022 0.7608912546934722 81
1634390813331 0.8497532045629119 82
1634390853699 0.853804966373336 83
1634390894108 0.8373060459286081 84
1634390934257 0.8288079704195948 85
1634390974448 0.8145160514244171 86
1634391014897 0.8149913350968347 87
1634391055009 0.7955306905072761 88
1634391095432 0.8150744587404006 89
1634391135891 0.830224121387456 90
1634391175805 0.8026006630148762 91
1634391215853 0.8163347069829497 92
1634391256151 0.7731715693752961 93
1634391296455 0.8069322945149053 94
1634391336657 0.7924973767001708 95
1634391376979 0.8132051571078709 96
1634391417369 0.8052929811627729 97
1634391457499 0.7808512921754955 98
1634391497795 0.8121070979135492 99
1634391540318 0.8107831240794193 100
1634391580772 0.8433685947002423 101
1634391621155 0.8008638516510727 102
1634391661304 0.7967688602846309 103
1634391701442 0.8184401143680323 104
1634391741757 0.8032714753213579 105
1634391781945 0.8154048991463309 106
1634391822239 0.8358195875840216 107
1634391862659 0.7923166050606821 108
1634391903059 0.8209765138886551 109
1634391943391 0.8297102361524155 110
1634391983905 0.7971034773883422 111
1634392024316 0.7898928568461204 112
1634392064685 0.8427646207403642 113
1634392104738 0.8100416063268833 114
1634392145082 0.7790893671708792 115
1634392185202 0.8139372364819152 116
1634392225666 0.8167064047427298 117
1634392266110 0.7977546699067468 118
1634392306445 0.8222943280580994 119
1634392348946 0.7745622072427654 120
1634392389216 0.7983021716412799 121
1634392429819 0.803948571881201 122
1634392470027 0.8205040084321276 123
1634392510549 0.8504964614032595 124
1634392551159 0.786373357541782 125
1634392591803 0.8126373659257904 126
1634392632315 0.8374912045090742 127
1634392672643 0.8003466283214278 128
1634392713316 0.8361664359013772 129
1634392753630 0.8121586979850633 130
1634392794076 0.8238504095715423 131
1634392834323 0.7836407536254122 132
1634392874811 0.8011651988236059 133
1634392915175 0.8282797297745048 134
1634392955747 0.7923171198767293 135
1634392996130 0.7834816661283605 136
1634393036588 0.8010493346286304 137
1634393077140 0.8189495586067905 138
1634393117485 0.8352221163570199 139
1634393160228 0.8085662790664018 140
1634393201049 0.8285132483182851 141
1634393241649 0.8067623193395276 142
1634393282431 0.8385872715770482 143
1634393322980 0.8202513911025495 144
1634393363474 0.8418212618677966 145
1634393404302 0.8161544602668126 146
1634393444798 0.8284205369224157 147
1634393485224 0.810159167939982 148
1634393525687 0.8109845756799672 149
1634393566570 0.8134084714390759 150
1634393607342 0.8309012358028578 151
1634393647613 0.8147434622270343 152
1634393688046 0.8406349603421536 153
1634393728482 0.7891622711417003 154
1634393768891 0.8265337749946785 155
1634393809309 0.8385821662933894 156
1634393849918 0.8071619408447611 157
1634393890376 0.8123595901298852 158
1634393930844 0.8427987955810421 159
1634393973667 0.7867945735837611 160
1634394014331 0.8180311527152323 161
1634394054852 0.8288911253526963 162
1634394095602 0.8295769208599763 163
1634394136181 0.8573874465898569 164
1634394177917 0.819355314171294 165
1634394218435 0.8340363068623393 166
1634394259239 0.8191346167669266 167
1634394299939 0.8493710085508238 168
1634394340825 0.8488180996205633 169
1634394381230 0.7758165561395726 170
1634394421851 0.8502816421759077 171
1634394462342 0.8149272127411412 172
1634394502880 0.8128641152471546 173
1634394543461 0.8132312576154931 174
1634394584293 0.8126179301992426 175
1634394625043 0.7981898610827176 176
1634394665947 0.8612821929427107 177
1634394707562 0.8074823078715025 178
1634394748379 0.8579371712414053 179
1634394792152 0.8152590893383006 180
1634394832996 0.8274111738275945 181
1634394874034 0.787248513358673 182
1634394914792 0.8187793775527828 183
1634394955941 0.823813583721578 184
1634394996993 0.8634270890041034 185
1634395038807 0.8384315068342519 186
1634395079760 0.8051059573406225 187
1634395120651 0.8342489064500404 188
1634395161466 0.8429041600769099 189
1634395202579 0.8615578252708436 190
1634395243353 0.8138873422981305 191
1634395283937 0.8480764844336236 192
1634395324850 0.8159674194676277 193
1634395365445 0.8259252387988413 194
1634395406182 0.8204306909852295 195
1634395447160 0.8112752616045044 196
1634395487747 0.8531832141748511 197
1634395528661 0.8311140649852848 198
1634395569546 0.8000381831492954 199
1634395612747 0.8110278828765012 200
1634395653882 0.8328573152080707 201
1634395694768 0.8390015855720717 202
1634395735765 0.832679830926281 203
1634395776894 0.8189612091321952 204
1634395817782 0.8413801289355596 205
1634395858755 0.8278189266118468 206
1634395899701 0.8452430099251321 207
1634395940410 0.8632987358525592 208
1634395981431 0.8570322068091614 209
1634396022453 0.8613332278478443 210
1634396064266 0.8062610506937747 211
1634396105135 0.8517108384978681 212
1634396145907 0.8530781334715387 213
1634396187022 0.8659983297826573 214
1634396228083 0.8353724555983638 215
1634396268877 0.8190908645643399 216
1634396309815 0.8381158387780775 217
1634396350887 0.834155352085836 218
1634396391656 0.8293274990253408 219
1634396434933 0.8319257186954557 220
1634396475798 0.8438934512474024 221
1634396516893 0.8444834733592791 222
1634396558121 0.8519310577508631 223
1634396599028 0.8085938125943823 224
1634396640093 0.8335492988975114 225
1634396681342 0.8515055595852299 226
1634396722472 0.8492740628580321 227
1634396763481 0.856782148359731 228
1634396804311 0.8262012993763055 229
1634396845101 0.8386820213199901 230
1634396886136 0.8494129620354774 231
1634396926975 0.84464777468499 232
1634396967946 0.8257314769654962 233
1634397009173 0.8494451488200366 234
1634397050323 0.8390055372687693 235
1634397091399 0.8599202728905849 236
1634397133622 0.8446964153543298 237
1634397174957 0.8544415209820101 238
1634397215794 0.801992939977634 239
1634397259472 0.8718950764489598 240
1634397302139 0.8596042054408073 241
1634397343538 0.854878831498518 242
1634397384483 0.8257486452449464 243
1634397425766 0.8293278203515697 244
1634397467055 0.8250661979489204 245
1634397508118 0.8390614882889031 246
1634397549688 0.8555194539013588 247
1634397590738 0.8617737160424145 248
1634397632261 0.82582575405008 249
1634397673623 0.8272083937639911 250
1634397714539 0.8302520823345528 251
1634397755690 0.8552626185514499 252
1634397796631 0.82391508557122 253
1634397837759 0.8554933763007959 254
1634397878652 0.8603678276004656 255
1634397919699 0.8474159459959191 256
1634397961051 0.8608135117095134 257
1634398002071 0.8510280311412177 258
1634398043045 0.8369666841066465 259
1634398086730 0.8478161872807835 260
1634398128118 0.7993215516728622 261
1634398169204 0.8290400441134312 262
1634398210649 0.8131510233530114 263
1634398251995 0.8356714293237695 264
1634398293374 0.8410813229681149 265
1634398334440 0.8704034126612596 266
1634398376072 0.8645268272353793 267
1634398417297 0.8341011907934562 268
1634398458656 0.8292942412732822 269
1634398500269 0.8331087836474802 270
1634398541471 0.84869815568123 271
1634398583011 0.8262087429614192 272
1634398624553 0.8422225597208592 273
1634398665598 0.8456649629075815 274
1634398706874 0.825231384210847 275
1634398748101 0.8543999137562891 276
1634398789403 0.812536188452768 277
1634398830926 0.8390019924420046 278
1634398872249 0.8453038941076076 279
1634398916120 0.8633652877300731 280
1634398957905 0.8471402995651036 281
1634398999330 0.8517124375256734 282
1634399040819 0.859312614709247 283
1634399082582 0.8444658971291197 284
1634399124220 0.8554352540725879 285
1634399165740 0.8436545038738558 286
1634399207311 0.8330248361523571 287
1634399248654 0.8567697492503543 288
1634399290358 0.8345592652461898 289
1634399331801 0.8520162613026365 290
1634399373568 0.8591404227868717 291
1634399414873 0.84038070129627 292
1634399456565 0.8308110621599667 293
1634399498142 0.8390045215941473 294
1634399539557 0.8535782402922971 295
1634399581186 0.8535074077784368 296
1634399622772 0.8544434395699598 297
1634399664091 0.8484845996674976 298
1634399705794 0.8566452406705392 299
1634399749445 0.8712568756157849 300
1634399791173 0.8517500100626524 301
1634399833144 0.8599893639986922 302
1634399874826 0.8404042454595414 303
1634399916479 0.8579505091396675 304
1634399958210 0.8466166764975429 305
1634399999975 0.8553780562482628 306
1634400041917 0.8448248253688103 307
1634400083689 0.8358908988439047 308
1634400125515 0.8571207545934796 309
1634400167511 0.8665631597016243 310
1634400209108 0.8638387323732388 311
1634400250970 0.8289565125872747 312
1634400292755 0.8474158441126228 313
1634400334755 0.8708409683376739 314
1634400376547 0.8549118554668437 315
1634400418283 0.8414055262612838 316
1634400460196 0.8780678300637976 317
1634400503650 0.8716001101426348 318
1634400545491 0.8569860205589069 319
1634400589363 0.8611680846234123 320
1634400631254 0.87140998776755 321
1634400674987 0.8636392052010448 322
1634400716910 0.8380145881342015 323
1634400758940 0.848146880521058 324
1634400800724 0.8452924869164945 325
1634400842671 0.8613155858716286 326
1634400884589 0.8866552323518313 327
1634400926555 0.8692639567381982 328
1634400968547 0.856835112522626 329
1634401010194 0.8621778833964925 330
1634401051829 0.8535138759785876 331
1634401093641 0.8607456713564609 332
1634401135616 0.8451416227475712 333
1634401177787 0.8614302170088675 334
1634401219916 0.8580544423526386 335
1634401261874 0.8688047688069449 336
1634401303558 0.8601790067016974 337
1634401345574 0.854178292617787 338
1634401387641 0.8476600347940608 339
1634401431527 0.8554699981169054 340
1634401473656 0.8472573225973267 341
1634401515968 0.8531959538217978 342
1634401557623 0.8356705526230364 343
1634401599659 0.8607591655537457 344
1634401641443 0.8570767973616412 345
1634401683503 0.8445694446326231 346
1634401725457 0.8482150749295786 347
1634401767479 0.8490935519006797 348
1634401809850 0.8685423049460692 349
1634401851593 0.8333347418107677 350
1634401893556 0.8509136823760067 351
1634401935565 0.8547691129875157 352
1634401977474 0.8610644459513954 353
1634402019448 0.867664759845409 354
1634402061682 0.8819517849992073 355
1634402103877 0.8484262084511426 356
1634402145991 0.8752249456611778 357
1634402187850 0.869923913769129 358
1634402229975 0.8887070589655961 359
1634402274198 0.8433581109898761 360
1634402316246 0.8562345116190088 361
1634402358301 0.8645614420530913 362
1634402400163 0.8603116211403552 363
1634402442151 0.8692341242025389 364
1634402484166 0.878439819763093 365
1634402526075 0.8680892888254332 366
1634402568193 0.8791349487292117 367
1634402611833 0.8760401170557482 368
1634402653698 0.8849708247377988 369
1634402695552 0.8612296797720209 370
1634402739612 0.8505758524102953 371
1634402781867 0.8577600398391136 372
1634402824085 0.8691894074859885 373
1634402868034 0.8767593362021987 374
1634402910302 0.8509443466850266 375
1634402952432 0.8721771479473219 376
1634402994634 0.8638420127052312 377
1634403036544 0.8550182830912144 378
1634403078607 0.8595056819694871 379
1634403122658 0.8753414833349299 380
1634403166699 0.8597194382374145 381
1634403208977 0.87009377652431 382
1634403251289 0.87505319179186 383
1634403293386 0.8732822111954157 384
1634403335708 0.8646752181760865 385
1634403378120 0.8661802635510782 386
1634403420346 0.8664482060161878 387
1634403463085 0.8788535394702107 388
1634403505638 0.867255962641016 389
1634403552023 0.8727991409810876 390
1634403595980 0.8693288727074064 391
1634403638033 0.8497346521240636 392
1634403680430 0.8855488826994948 393
1634403722552 0.8721839951465484 394
1634403764809 0.8446088960960022 395
1634403807074 0.8501333934338079 396
1634403849430 0.892175850297584 397
1634403891453 0.8897135239388625 398
1634403935906 0.8735607502293975 399
1634403980585 0.8805193703182129 400
1634404023103 0.862332033263477 401
1634404065259 0.8435146487439086 402
1634404107627 0.8782225694485872 403
1634404150174 0.8840546559963851 404
1634404192515 0.8646008394715146 405
1634404234803 0.8536996504467386 406
1634404276943 0.8851962054794341 407
1634404319419 0.8508506528218232 408
1634404361872 0.8752054806263047 409
1634404404402 0.859658402148213 410
1634404446971 0.8675687470915622 411
1634404489441 0.8623525187770008 412
1634404532103 0.8612455448564457 413
1634404574635 0.861945586705667 414
1634404617163 0.8741115463782381 415
1634404659792 0.8816759110751786 416
1634404701958 0.8616465293760383 417
1634404744601 0.8568756143337163 418
1634404786983 0.857806988248045 419
1634404831687 0.8765175159411425 420
1634404873991 0.8902310468907405 421
1634404916783 0.8726902494742468 422
1634404959281 0.8732691735498718 423
1634405002039 0.855559211064742 424
1634405044326 0.8783341655710041 425
1634405086932 0.8728596752524987 426
1634405129490 0.8703955252351354 427
1634405172122 0.8757281196936825 428
1634405214805 0.8769991568186737 429
1634405257422 0.8820527384942627 430
1634405300192 0.846416693887046 431
1634405342881 0.8709089522930571 432
1634405385400 0.8546162095439761 433
1634405427919 0.8808891668882629 434
1634405470479 0.871140143094677 435
1634405512658 0.8698916224252891 436
1634405555355 0.8855670367498314 437
1634405597879 0.8478001953100995 438
1634405640104 0.8897319371459917 439
1634405684955 0.8822375776323205 440
1634405727518 0.86401354374935 441
1634405770054 0.8876777120661851 442
1634405812819 0.8819498810918533 443
1634405855277 0.8853010986150825 444
1634405897506 0.8641988627302211 445
1634405940158 0.8699120758207823 446
1634405982591 0.8866672804584216 447
1634406025324 0.8778749358345249 448
1634406068035 0.8892287811173021 449
1634406110640 0.8847168285986459 450
1634406157993 0.8868815105837694 451
1634406200691 0.8851145587643439 452
1634406243348 0.884760851949486 453
1634406286065 0.87452880503116 454
1634406328715 0.8727980666019706 455
1634406371547 0.8770933094992668 456
1634406414210 0.8658503978613149 457
1634406456932 0.8700526549926546 458
1634406499393 0.8732443347987792 459
1634406544246 0.8746680685655397 460
1634406587041 0.8846456128283647 461
1634406629900 0.874473993245665 462
1634406672718 0.8759833879872905 463
1634406715947 0.8874806236421355 464
1634406758988 0.8692207340814057 465
1634406802582 0.8892449453360067 466
1634406845851 0.8841796151170616 467
1634406888492 0.8906552804418442 468
1634406931382 0.8659201933208204 469
1634406974268 0.8758327558968968 470
1634407017241 0.876855290635328 471
1634407060034 0.8732327376748887 472
1634407103117 0.8775458607194978 473
1634407145886 0.87544319024401 474
1634407188727 0.8795800599443593 475
1634407231666 0.903256932276061 476
1634407274558 0.8672196541955958 477
1634407317263 0.8891836266333881 478
1634407360155 0.8725077536073604 479
1634407405477 0.8718349971798387 480
1634407448410 0.8711892320600684 481
1634407491197 0.8871052982639067 482
1634407534303 0.8863727273570365 483
1634407577323 0.8797036339870332 484
1634407622511 0.8773994389224585 485
1634407665355 0.8837836779917381 486
1634407710555 0.8788757999913958 487
1634407753798 0.8722707771904518 488
1634407797427 0.8860629519582242 489
1634407840927 0.8651283880147213 490
1634407884477 0.8857175838899255 491
1634407928062 0.8775057532166171 492
1634407971108 0.8801443290429656 493
1634408014112 0.8886451333663605 494
1634408056878 0.8703595095522807 495
1634408099802 0.8878393269119651 496
1634408147807 0.8768140148681176 497
1634408190463 0.887332363437874 498
1634408233471 0.8872262621951702 499
1634408278164 0.8955888969015434 500
1634408321083 0.8800266798191354 501
1634408363938 0.8902487200929046 502
1634408406998 0.8791181704763356 503
1634408450007 0.8869564188773168 504
1634408493220 0.8782687921607527 505
1634408536138 0.8796799025080955 506
1634408578902 0.8947174360250824 507
1634408622051 0.8791144650510031 508
1634408665128 0.8678238225003889 509
1634408708313 0.8869151488453516 510
1634408751451 0.8722190054533715 511
1634408794426 0.8987401793847949 512
1634408836923 0.8930499748241785 513
1634408879875 0.8896070591535563 514
1634408922661 0.8714587159369361 515
1634408965692 0.8804766615327743 516
1634409008363 0.8991437084164413 517
1634409051564 0.8791546362464733 518
1634409094290 0.8787704398124433 519
1634409139587 0.8942625735664558 520
1634409182725 0.8842871002326607 521
1634409225639 0.8880545434080587 522
1634409268775 0.8699186111806889 523
1634409311614 0.8703976259167497 524
1634409354613 0.8815624835836021 525
1634409397600 0.878123098017802 526
1634409440857 0.8892977161233571 527
1634409483835 0.8981779201902919 528
1634409527000 0.8890632204934548 529
1634409570237 0.8920751744037227 530
1634409613370 0.8780663690422603 531
1634409656400 0.8853808027930172 532
1634409699565 0.8802672199681192 533
1634409744357 0.8701752292942686 534
1634409787703 0.886140895582326 535
1634409830671 0.8677012949114319 536
1634409873763 0.8864456592967097 537
1634409923935 0.8787611427561545 538
1634409966773 0.8920410430328084 539
1634410012035 0.8734083150744787 540
1634410055387 0.8976404157370316 541
1634410098391 0.8960331047194258 542
1634410141498 0.8873891030445785 543
1634410184926 0.886690402358933 544
1634410227956 0.8708168517517304 545
1634410271362 0.8908600040569118 546
1634410316810 0.8737545654762567 547
1634410359930 0.8783967277004835 548
1634410403347 0.8854233456120714 549
1634410446606 0.8879596462281967 550
1634410489867 0.8863735307827286 551
1634410533268 0.8854861103359073 552
1634410576462 0.8865996927859127 553
1634410619415 0.8876462994601823 554
1634410662746 0.8679771082203049 555
1634410705882 0.8863795552233472 556
1634410749124 0.9074658353482004 557
1634410792335 0.8779639401460373 558
1634410835517 0.8789450199216363 559
1634410881148 0.8985530093048192 560
1634410927581 0.8855134787844168 561
1634410970602 0.8850342374343727 562
1634411014303 0.8587833038585935 563
1634411057717 0.8799832472740078 564
1634411100855 0.8766439584203487 565
1634411144349 0.8936008570469379 566
1634411187459 0.8757823532583013 567
1634411230756 0.8810276973059024 568
1634411274250 0.8727647623376615 569
1634411317670 0.8788959920303859 570
1634411361008 0.8889369313813863 571
1634411404330 0.8910548384984099 572
1634411447822 0.894577283231444 573
1634411491250 0.8790547406257064 574
1634411534393 0.8632321760453419 575
1634411577430 0.8900732493527781 576
1634411620271 0.8654488959883541 577
1634411663599 0.8860592125230851 578
1634411706787 0.8953196936566449 579
1634411752171 0.8996432143176726 580
1634411798621 0.8671298746236425 581
1634411842621 0.9027418913627104 582
1634411886319 0.8924709695740829 583
1634411929892 0.8860579844672826 584
1634411973492 0.8983241272949809 585
1634412016985 0.856907805481494 586
1634412060372 0.897127130492722 587
1634412108238 0.8845629736100094 588
1634412151476 0.8936986109822022 589
1634412194787 0.890688905882779 590
1634412238433 0.8804773036304039 591
1634412281809 0.8649313035169498 592
1634412325247 0.9076045151096822 593
1634412369106 0.8784928289814272 594
1634412412613 0.8740624892656546 595
1634412456209 0.8883761627500428 596
1634412499922 0.8849338185453997 597
1634412543494 0.8908441835562947 598
1634412586937 0.8938578550481926 599
1634412632654 0.8884645370231603 600
1634412676603 0.8828149342329771 601
1634412719997 0.8939920916412453 602
1634412763831 0.897752919439055 603
1634412807790 0.8813649516161659 604
1634412851703 0.8862946543563528 605
1634412895354 0.8762498173502085 606
1634412939159 0.8758604477544942 607
1634412982941 0.8773104064609716 608
1634413026406 0.8859756768975038 609
1634413069915 0.8965800195696357 610
1634413113359 0.890468047393164 611
1634413156679 0.896871290738625 612
1634413200201 0.8967057862829019 613
1634413243794 0.8985156316571133 614
1634413287429 0.8848762953050255 615
1634413330891 0.8889014535293028 616
1634413374518 0.8901816594976014 617
1634413418128 0.8957093734840589 618
1634413461547 0.8822669231927822 619
1634413507429 0.8818547535747974 620
1634413551124 0.8895659345879608 621
1634413594912 0.8763463183495047 622
1634413638829 0.8989227168934275 623
1634413682426 0.902678861433063 624
1634413726479 0.8768794836044527 625
1634413770248 0.8994610402875542 626
1634413814363 0.8787391452043972 627
1634413858129 0.8879609736755977 628
1634413902143 0.8869787407137418 629
1634413945778 0.8742937719904839 630
1634413989487 0.8926989828450559 631
1634414033161 0.8499871660552174 632
1634414076925 0.8822258335679422 633
1634414120879 0.8902862434979788 634
1634414165014 0.9090939288942171 635
1634414214442 0.8872267923907986 636
1634414258395 0.8946200008016291 637
1634414302640 0.8873887272244098 638
1634414346510 0.895096465432623 639
1634414392694 0.894377270675339 640
1634414437654 0.8834586969525224 641
1634414482051 0.8825333144266407 642
1634414525826 0.8839661468854786 643
1634414569937 0.8966442565343589 644
1634414620763 0.8895711145725339 645
1634414664822 0.862949520148762 646
1634414708791 0.9017333403870955 647
1634414752638 0.8820584575826038 648
1634414797132 0.8820385106391218 649
1634414840940 0.8929370115026427 650
1634414885052 0.8830152575039174 651
1634414928911 0.8901251095054485 652
1634414972925 0.9011894877791011 653
1634415016986 0.8914409790296993 654
1634415060900 0.8822831876589805 655
1634415104454 0.8974920373030355 656
1634415148138 0.8944813631430925 657
1634415192062 0.8903936580222936 658
1634415235714 0.884102628653295 659
1634415282107 0.8969976235368674 660
1634415327032 0.8806276464201136 661
1634415371069 0.8806664634883175 662
1634415414869 0.9011611137399881 663
1634415458998 0.9046865768181059 664
1634415502862 0.8888953991723284 665
1634415547030 0.8800393778236396 666
1634415590874 0.8892409912816418 667
1634415634965 0.8957376211705664 668
1634415678957 0.8912301726642406 669
1634415722810 0.8874449857928013 670
1634415766767 0.8862230357591063 671
1634415810667 0.887539933131207 672
1634415854933 0.8885934156585504 673
1634415899135 0.8932543179228546 674
1634415943280 0.8820799647675297 675
1634415987095 0.9042830163124215 676
1634416031023 0.903344891363211 677
1634416075187 0.8943110721914506 678
1634416118948 0.8790684121815615 679
1634416165042 0.8892333936071958 680
1634416209659 0.8731776371853761 681
1634416253869 0.8875599386035777 682
1634416298227 0.8829844343542337 683
1634416342144 0.884859868371062 684
1634416386300 0.8722180186706224 685
1634416430567 0.8867574576489806 686
1634416475069 0.8862879305262751 687
1634416519204 0.8783628966470869 688
1634416563187 0.894383539797927 689
1634416607379 0.8963103162233984 690
1634416651876 0.8877762422745326 691
1634416696195 0.8890026161669099 692
1634416740310 0.8912962822426517 693
1634416784596 0.8985480670621437 694
1634416828590 0.8898661313672867 695
1634416872687 0.8916305398379705 696
1634416916907 0.8983514590503239 697
1634416961047 0.8911758922766225 698
1634417005418 0.8945452622601197 699
1634417052027 0.8926194851108618 700
1634417096977 0.8953839643129962 701
1634417141617 0.8830096474815678 702
1634417186087 0.8835804679025944 703
1634417230551 0.8810488811927634 704
1634417275092 0.8786298283312989 705
1634417319498 0.8849797852984286 706
1634417363552 0.8830750200885346 707
1634417408139 0.9201338892253967 708
1634417452425 0.8900814628468702 709
1634417496605 0.8921402541322134 710
1634417541066 0.8861478756881279 711
1634417585103 0.8917233689553604 712
1634417629671 0.8889508823159511 713
1634417674262 0.8852812070261175 714
1634417718622 0.890855456289258 715
1634417763191 0.8880722926709105 716
1634417807883 0.9043958059861876 717
1634417852221 0.9004204363794348 718
1634417896421 0.8902437919226487 719
1634417942712 0.8929128394021366 720
1634417988144 0.8958751100338862 721
1634418032706 0.8979119139511538 722
1634418077371 0.8924492750176632 723
1634418121686 0.8887720833772357 724
1634418166062 0.8936630312625012 725
1634418210917 0.8862774552931505 726
1634418255455 0.8796241241193714 727
1634418299953 0.8898419031810633 728
1634418344303 0.8972550192447323 729
1634418388660 0.9011058977461809 730
1634418433151 0.8884452224694331 731
1634418477621 0.8963837701333816 732
1634418522378 0.8962509174002022 733
1634418566684 0.8893538627103819 734
1634418611273 0.884651174073158 735
1634418655481 0.8986132801852398 736
1634418699767 0.8867900947285634 737
1634418744079 0.9080190855164697 738
1634418788691 0.8862951246307904 739
1634418835357 0.9000401074596364 740
1634418880172 0.8930407146504808 741
1634418925232 0.8751006771437836 742
1634418970028 0.8886112279732576 743
1634419014683 0.8975253118978364 744
1634419059195 0.9007487081532208 745
1634419104217 0.8895428782882135 746
1634419148872 0.8871347732248825 747
1634419193416 0.894404009887105 748
1634419238123 0.8853756501723359 749
1634419282551 0.8929664453717442 750
1634419327134 0.8665779360814818 751
1634419371654 0.902316008385326 752
1634419416231 0.8862089161656544 753
1634419460537 0.8873546727166169 754
1634419505316 0.8864737341599429 755
1634419550103 0.8821709521952172 756
1634419594417 0.8867676651828554 757
1634419638950 0.8912766236270697 758
1634419683729 0.89104945002348 759
1634419730633 0.8839346813529656 760
1634419775827 0.8964902259566607 761
1634419820788 0.9082040230315865 762
1634419865886 0.8867741333164018 763
1634419911153 0.9007410149679982 764
1634419955952 0.8910175309263163 765
1634420000994 0.8934872162617321 766
1634420045881 0.8889906257120486 767
1634420091176 0.9010291889309916 768
1634420136183 0.8964781739874836 769
1634420181367 0.893681900792523 770
1634420226314 0.8879440417088891 771
1634420271132 0.8827954637534647 772
1634420316138 0.8907819999983186 773
1634420360858 0.8953530227540806 774
1634420405898 0.8868214545912846 775
1634420450985 0.9131141846068007 776
1634420495841 0.886758602120712 777
1634420540941 0.8812367935859129 778
1634420585962 0.896643663075297 779
1634420632671 0.8996998147190499 780
1634420678721 0.8783457198610375 781
1634420723850 0.905932336180986 782
1634420768749 0.8866315393721058 783
1634420813771 0.9021583831144842 784
1634420858679 0.8929763307084932 785
1634420903649 0.8779767919475108 786
1634420948617 0.8840663365952013 787
1634420993729 0.886460676233635 788
1634421038673 0.8866732278356019 789
1634421083416 0.8936456104769942 790
1634421128205 0.883011452672334 791
1634421173126 0.8820161546453074 792
1634421218210 0.8891258800472578 793
1634421262875 0.8817194776306845 794
1634421307904 0.8961858727932289 795
1634421353166 0.8908536817629551 796
1634421398055 0.8847529272973879 797
1634421442623 0.8912520012798082 798
1634421487317 0.8957387023193847 799
1634421534523 0.892814734244462 800
1634421579883 0.8996843567352946 801
1634421625156 0.8881097153328691 802
1634421670025 0.8843290377895923 803
1634421715146 0.8853199095150935 804
1634421759972 0.8885520486106285 805
1634421804570 0.8987579451925458 806
1634421849836 0.8989026437870712 807
1634421894906 0.9027328519434321 808
1634421939821 0.8939251018459017 809
1634421984429 0.8947566012364194 810
1634422029502 0.90579009305872 811
1634422074364 0.8938816410730326 812
1634422119392 0.8926090449030321 813
1634422164181 0.8851556415545614 814
1634422209095 0.8750935345172609 815
1634422253972 0.885096780467529 816
1634422298795 0.8925982224872806 817
1634422343730 0.8983118524650284 818
1634422388747 0.8939174701550684 819
1634422435871 0.8998978511828545 820
1634422481850 0.8968643445286565 821
1634422527209 0.8917551933900251 822
1634422572136 0.893012406870314 823
1634422617156 0.8909805227341985 824
1634422662089 0.8624390419792297 825
1634422707069 0.8931363965998724 826
1634422752282 0.8912356159797687 827
1634422797370 0.8894939374662305 828
1634422842492 0.8841722450468438 829
1634422887564 0.8928352028085209 830
1634422932929 0.9013699287883579 831
1634422978093 0.905784129145571 832
1634423023348 0.8854256978604688 833
1634423068287 0.8902675727757897 834
1634423113413 0.8953773621546796 835
1634423158603 0.8957996628020505 836
1634423203637 0.8843780301444142 837
1634423248912 0.8955399451978523 838
1634423294203 0.8961549310977233 839
1634423341290 0.9066190778245758 840
1634423386609 0.9006398678386835 841
1634423431470 0.8951132345745819 842
1634423476683 0.8938897557749044 843
1634423521765 0.889239671354835 844
1634423567191 0.8807065350551618 845
1634423612149 0.895923794808819 846
1634423657656 0.9001553390869127 847
1634423702871 0.8948732880497171 848
1634423747771 0.8940980678498198 849
1634423793195 0.897471088009196 850
1634423838118 0.8880569115311914 851
1634423883344 0.8954789911854283 852
1634423928457 0.8765862841329425 853
1634423973504 0.8880126505421433 854
1634424018798 0.8951005526326736 855
1634424064243 0.8986197268707823 856
1634424109180 0.895385968479897 857
1634424154139 0.8955880376618295 858
1634424199387 0.890927954741513 859
1634424247199 0.8969482911558548 860
1634424292615 0.8808954772233047 861
1634424337849 0.9009233880635498 862
1634424383155 0.897291507622155 863
1634424428654 0.9043362536002388 864
1634424473847 0.8972463092061148 865
1634424519131 0.9009190289696024 866
1634424564502 0.8901346700456988 867
1634424609791 0.9017452553748695 868
1634424655203 0.8996308154951782 869
1634424700544 0.8972190021867106 870
1634424745775 0.901215953635961 871
1634424790881 0.881150731102658 872
1634424835711 0.9069175973537713 873
1634424881151 0.895396595276482 874
1634424926087 0.9079581366875668 875
1634424980124 0.8997589557411158 876
1634425025530 0.8927463587749562 877
1634425073585 0.8886104707422899 878
1634425118877 0.9054024065302106 879
1634425173972 0.8942624763116135 880
1634425219710 0.8870741098352019 881
1634425265514 0.8785589324315733 882
1634425310954 0.9053530870871154 883
1634425356555 0.9010809224763655 884
1634425401876 0.882293243207885 885
1634425447217 0.8633694629732449 886
1634425492397 0.8998828046332117 887
1634425537563 0.9015832945521424 888
1634425583056 0.8943503418510956 889
1634425628574 0.8994327715402216 890
1634425674127 0.8952032909471 891
1634425719442 0.893958423385787 892
1634425764858 0.8964353609947818 893
1634425810073 0.9069222700907522 894
1634425860034 0.8979429034428434 895
1634425905385 0.8883571358123726 896
1634425951026 0.890518726161027 897
1634425996654 0.8842842826368911 898
1634426042137 0.8935490022838437 899
1634426090030 0.8849657506051144 900
1634426135457 0.8896378745511242 901
1634426181378 0.8944283147459338 902
1634426226844 0.9084952971334982 903
1634426272542 0.8926838932381412 904
1634426318094 0.8884830805619108 905
1634426363550 0.898742742791735 906
1634426409351 0.8914770618611446 907
1634426455077 0.8957182978029994 908
1634426500691 0.901030298057718 909
1634426546463 0.8880029358114743 910
1634426592365 0.8748560923362271 911
1634426638005 0.8912190650657072 912
1634426683415 0.8855162966198483 913
1634426732608 0.8966705110087723 914
1634426778035 0.896535869018924 915
1634426825997 0.8877657231042333 916
1634426871788 0.8819228113752868 917
1634426917666 0.9052349070432906 918
1634426963073 0.8959166594443221 919
1634427010994 0.891974104403666 920
1634427057558 0.8946425615175189 921
1634427103581 0.9110552183463946 922
1634427149434 0.8952287091001138 923
1634427195355 0.8936512575010219 924
1634427240827 0.8956369266632015 925
1634427286884 0.9016917952243372 926
1634427332613 0.884169711113237 927
1634427378000 0.8967230763498252 928
1634427423589 0.8919421422155444 929
1634427469024 0.9041983365380927 930
1634427514713 0.9030197600765605 931
1634427560822 0.9002767339094316 932
1634427606559 0.8863750394081987 933
1634427652303 0.9005294346482768 934
1634427698409 0.8965908538474235 935
1634427744441 0.8987749775343274 936
1634427790269 0.891479286405185 937
1634427835834 0.8897691838031123 938
1634427881716 0.8915147667112051 939
1634427929663 0.8971546644491448 940
1634427983139 0.9066815619646406 941
1634428028894 0.895519986374907 942
1634428074470 0.8983862684692915 943
1634428120306 0.8990175473985683 944
1634428166241 0.8996106667751701 945
1634428211915 0.9053471407212289 946
1634428264345 0.90494004323172 947
1634428316362 0.8722495032596272 948
1634428362360 0.8901400398039236 949
1634428408085 0.8908584382700071 950
1634428454501 0.8626049671422809 951
1634428500310 0.8933226392776388 952
1634428546791 0.9063762257140705 953
1634428592650 0.9008873912801305 954
1634428638737 0.8957795876718959 955
1634428685184 0.8975148917930398 956
1634428730969 0.8986908588443923 957
1634428777062 0.883695335348219 958
1634428823186 0.8996714698314968 959
1634428871207 0.9115805050364858 960
1634428918040 0.8962676297305104 961
1634428964499 0.9052925477840952 962
1634429010595 0.9139895998262297 963
1634429056758 0.8961093406076646 964
1634429108882 0.8825015800401976 965
1634429155237 0.9091673830357078 966
1634429201378 0.8897168203150662 967
1634429247631 0.881815013792945 968
1634429293823 0.895136147801972 969
1634429340046 0.9054134165355417 970
1634429386110 0.9097097836244488 971
1634429432242 0.9040437252761686 972
1634429478424 0.9005848137348477 973
1634429524721 0.9016506924763041 974
1634429570952 0.8895820404863566 975
1634429617421 0.8912287502021882 976
1634429663507 0.8940595242259113 977
1634429709763 0.8956697422832612 978
1634429756012 0.9029204276536438 979
1634429804214 0.8930541471154336 980
1634429850418 0.8894147751996999 981
1634429896957 0.8991856521343421 982
1634429942856 0.8934107745209764 983
1634429988736 0.8826690582346848 984
1634430035139 0.8990319766620848 985
1634430081121 0.8906063509102363 986
1634430127795 0.8946706500417946 987
1634430174056 0.9077358973481156 988
1634430220527 0.881240167515579 989
1634430266973 0.8837031220803025 990
1634430313278 0.900628795439413 991
1634430359405 0.8942072283815846 992
1634430405745 0.8942330145281169 993
1634430452451 0.8819867634210019 994
1634430498963 0.8956773758897255 995
1634430545290 0.8858844655959662 996
1634430591526 0.9038057844637801 997
1634430638381 0.9003768981932682 998
1634430684609 0.8962851843893207 999
1634430733665 0.8977212416350474 1000
1634430780375 0.8956033514772073 1001
1634430826626 0.8958578058207227 1002
1634430872903 0.8920184365546945 1003
1634430918827 0.8904415607482915 1004
1634430965020 0.8750352667922539 1005
1634431011327 0.9015738975257949 1006
1634431057665 0.9017781140099506 1007
1634431103884 0.8840237592299812 1008
1634431150029 0.8866612488696419 1009
1634431196819 0.8941157874635451 1010
1634431242907 0.8970776990548065 1011
1634431289102 0.8968154833877686 1012
1634431335162 0.8964221196423711 1013
1634431382169 0.9018910790081023 1014
1634431428615 0.9060759264027358 1015
1634431475091 0.9044542749698132 1016
1634431526154 0.8899813830427391 1017
1634431572151 0.8971895442469058 1018
1634431618760 0.8852449979234568 1019
1634431667034 0.8915010149664756 1020
1634431713891 0.8830964966388749 1021
1634431760595 0.8798097833918584 1022
1634431807059 0.8774176616640155 1023
1634431853634 0.8893026980713127 1024
1634431900386 0.8854343260550037 1025
1634431946533 0.894342425989722 1026
1634431993439 0.8893432728339873 1027
1634432039921 0.8969316495996948 1028
1634432086473 0.8878628881944973 1029
1634432132942 0.8935294566709602 1030
1634432179287 0.9038860971104128 1031
1634432225823 0.9107897775598572 1032
1634432272074 0.9006237537785892 1033
1634432318460 0.8908218223860314 1034
1634432364880 0.9009595853155431 1035
1634432411355 0.8941805988165681 1036
1634432458199 0.9093264851108592 1037
1634432504901 0.9014856434501171 1038
1634432551941 0.8942766137073327 1039
1634432600932 0.903288339583304 1040
1634432648507 0.9027055685341535 1041
1634432695445 0.8983650998871531 1042
1634432742387 0.8976557117500826 1043
1634432788983 0.9045725197449813 1044
1634432835502 0.8724112531554269 1045
1634432882456 0.8956059345847909 1046
1634432929625 0.8966624370009463 1047
1634432976503 0.9021847426774828 1048
1634433023372 0.9108441143328215 1049
1634433074479 0.9129272752203925 1050
1634433126292 0.9072369193166755 1051
1634433172591 0.9126699094899954 1052
1634433219710 0.8942442033264756 1053
1634433266239 0.8955656848004581 1054
1634433313014 0.8911132582965066 1055
1634433359564 0.900889687702762 1056
1634433406492 0.8895227713090198 1057
1634433453355 0.8995244425764621 1058
1634433499810 0.8952316917443613 1059
1634433548621 0.8965646735459103 1060
1634433596945 0.8965602323500668 1061
1634433644038 0.9134084223084931 1062
1634433692584 0.9085744019409825 1063
1634433739494 0.90775216478145 1064
1634433786264 0.9031487556207646 1065
1634433832671 0.9032410497931673 1066
1634433879864 0.8887807215109131 1067
1634433926449 0.8945058619299502 1068
1634433973721 0.8911765544391593 1069
1634434020279 0.8964148230742348 1070
1634434067212 0.89476101317712 1071
1634434114193 0.9108640841079304 1072
1634434162788 0.9022929881961429 1073
1634434209451 0.8985580203225236 1074
1634434256036 0.9019789175482285 1075
1634434303144 0.8998501534493466 1076
1634434349920 0.900333435077451 1077
1634434396875 0.903630106445337 1078
1634434446245 0.9032327615090766 1079
1634434495634 0.90051121257399 1080
1634434542881 0.8937392839495952 1081
1634434589883 0.8930868796969833 1082
1634434638353 0.9078843398643123 1083
1634434685298 0.9016057242977736 1084
1634434732379 0.9033052429320693 1085
1634434778891 0.8978363247648985 1086
1634434827655 0.8971042120800498 1087
1634434874571 0.9041345636613413 1088
1634434922489 0.9074711317102817 1089
1634434969014 0.8924180566150783 1090
1634435016066 0.9033486542909736 1091
1634435062570 0.8989321071503268 1092
1634435112492 0.9128496635127422 1093
1634435159078 0.9062888349771983 1094
1634435206829 0.9098229128293653 1095
1634435253782 0.9015079867283264 1096
1634435300393 0.9036030474349278 1097
1634435347391 0.9067776113027446 1098
1634435393778 0.9106423167021162 1099
1634435443016 0.8986140489050451 1100
1634435491895 0.9051932292015277 1101
1634435538964 0.9051783166931667 1102
1634435589174 0.8947720659139573 1103
1634435636249 0.8873065090227863 1104
1634435683604 0.9086154550434351 1105
1634435730312 0.9023331193080781 1106
1634435780100 0.9077990877981987 1107
1634435827060 0.898578510937877 1108
1634435880271 0.9053226779144122 1109
1634435928080 0.9063791969580482 1110
1634435978203 0.9043239188036901 1111
1634436025127 0.8915601740710356 1112
1634436074721 0.8832465319654894 1113
1634436121935 0.8944648254555623 1114
1634436171410 0.8942268842330964 1115
1634436218554 0.8902000111659865 1116
1634436267379 0.9025615173571744 1117
1634436314845 0.904056755455336 1118
1634436364224 0.8890355714155496 1119
1634436413518 0.9005460521101277 1120
1634436462278 0.894128746420047 1121
1634436510035 0.8893525369538529 1122
1634436558638 0.9000234282002991 1123
1634436605727 0.9146142121384834 1124
1634436654755 0.8954793013311254 1125
1634436701634 0.8863329774366843 1126
1634436751053 0.8935403851095343 1127
1634436798213 0.8923411495020042 1128
1634436848715 0.895466163815841 1129
1634436896043 0.8963545372759412 1130
1634436945270 0.897328979567471 1131
1634436992079 0.9096591052491309 1132
1634437042904 0.9045856013621827 1133
1634437089743 0.8943014171319155 1134
1634437140714 0.8952801943340708 1135
1634437188131 0.9004078959919547 1136
1634437237331 0.889733078433486 1137
1634437284615 0.8879637362625411 1138
1634437335410 0.8983736468827759 1139
1634437384919 0.8934562231878119 1140
1634437434857 0.8906728720741913 1141
1634437482355 0.9002215912798085 1142
1634437534269 0.9022904737188504 1143
1634437581900 0.8902136864607442 1144
1634437632060 0.889808835314773 1145
1634437679021 0.9042500618991322 1146
1634437730746 0.8986803673447823 1147
1634437778133 0.8957946026618187 1148
1634437828695 0.8986348124323393 1149
1634437876382 0.9000421071432507 1150
1634437928266 0.8609730231041623 1151
1634437975394 0.8943247339902848 1152
1634438025290 0.8856662890083057 1153
1634438072671 0.9022801378545966 1154
1634438125262 0.8821967168796354 1155
1634438172471 0.89943528879546 1156
1634438221954 0.8896253526761527 1157
1634438269096 0.8842807108364801 1158
1634438320653 0.8861508755173522 1159
1634438370115 0.8957002722566403 1160
1634438420551 0.8929388460082173 1161
1634438468246 0.8932762642745116 1162
1634438519362 0.8968311603742067 1163
1634438567081 0.8970473266859709 1164
1634438617633 0.8899215624966017 1165
1634438664885 0.8952723625348484 1166
1634438716619 0.8958083190614822 1167
1634438764227 0.8979640202217138 1168
1634438816392 0.8944007392507971 1169
1634438863962 0.8926124114091226 1170
1634438915600 0.9024187788301825 1171
1634438963305 0.8963091974405613 1172
1634439015004 0.8954756537154706 1173
1634439062689 0.9012414234862166 1174
1634439113131 0.9000586349763142 1175
1634439160865 0.9046253002405449 1176
1634439212117 0.9069805181701995 1177
1634439259683 0.8966276930970254 1178
1634439311172 0.898385429939942 1179
1634439361000 0.8917614961829597 1180
1634439412199 0.9046268043963034 1181
1634439459640 0.9006081172752536 1182
1634439510918 0.8989905035495528 1183
1634439558550 0.8872071679697178 1184
1634439609562 0.8996981502612899 1185
1634439657203 0.8996226699423495 1186
1634439708361 0.8931011422386471 1187
1634439755803 0.8900142825302747 1188
1634439807659 0.8881476867325404 1189
1634439855066 0.8960775461667287 1190
1634439905513 0.888727283469059 1191
1634439952818 0.8904251054627758 1192
1634440003783 0.9004023595117651 1193
1634440051274 0.9011739285844136 1194
1634440102859 0.887749621623775 1195
1634440150567 0.8906552879188713 1196
1634440202819 0.8890809813281334 1197
1634440250686 0.8984088925659369 1198
1634440301701 0.8930629633342582 1199
1634440351720 0.8930163812837546 1200
1634440404698 0.8941284105088917 1201
1634440452763 0.8845446113253642 1202
1634440500077 0.8972589004319528 1203
1634440547639 0.8973307200486095 1204
1634440599910 0.8924128474357788 1205
1634440647665 0.901313759333903 1206
1634440700211 0.8919175230882394 1207
1634440748099 0.8863137002435828 1208
1634440795699 0.906132678550485 1209
1634440843362 0.8983470876520303 1210
1634440891101 0.8960717421826238 1211
1634440939140 0.8990032496744468 1212
1634440987124 0.8961164526199539 1213
1634441034739 0.8846829735149602 1214
1634441087713 0.9016869534108825 1215
1634441135108 0.8936865774809345 1216
1634441182998 0.8790947971208362 1217
1634441230691 0.8952959946593831 1218
1634441278522 0.8961454325622126 1219
1634441328445 0.8906849692007842 1220
1634441381459 0.893310122779981 1221
1634441429412 0.8934308785029607 1222
1634441482397 0.8939959261601488 1223
1634441530582 0.8951592952056503 1224
1634441578141 0.890512069042644 1225
1634441625747 0.8991905779281234 1226
1634441673801 0.9014849684980681 1227
1634441721678 0.9045070558939255 1228
1634441769651 0.8914488272826554 1229
1634441817413 0.9010198204016574 1230
1634441866912 0.8943563046846951 1231
1634441914769 0.8831771204036101 1232
1634441962400 0.8971443389191357 1233
1634442010385 0.8937444802374906 1234
1634442063632 0.9023040590868352 1235
1634442111422 0.8939523661858922 1236
1634442159454 0.8987993951537054 1237
1634442207774 0.8932293265377586 1238
1634442255677 0.8927285139275118 1239
1634442305763 0.8945195557180515 1240
1634442354648 0.8928062060629565 1241
1634442403231 0.8988485341876266 1242
1634442456992 0.8967020643237038 1243
1634442505187 0.8996321105394011 1244
1634442558170 0.8928718195832643 1245
1634442606419 0.9007094592856694 1246
1634442659479 0.8789695320945886 1247
1634442707285 0.8868279062759042 1248
1634442755384 0.892791432338055 1249
1634442803148 0.8891654258857723 1250
1634442851329 0.8955422068861711 1251
1634442899175 0.9072394370851268 1252
1634442947252 0.9071596132101813 1253
1634442995469 0.8932836798511221 1254
1634443043712 0.8956151830648456 1255
1634443091742 0.8939155770897674 1256
1634443139134 0.8937853147185589 1257
1634443187873 0.8988503325593207 1258
1634443238757 0.8985700688182888 1259
1634443289148 0.8992991289484142 1260
1634443338020 0.904917490533354 1261
1634443386008 0.8995884485363985 1262
1634443434027 0.8882110070456212 1263
1634443482390 0.9011526617904323 1264
1634443531106 0.8463733541088673 1265
1634443580071 0.9071719639756703 1266
1634443628423 0.8955861514787602 1267
1634443677831 0.8920392284121345 1268
1634443727388 0.896722571282476 1269
1634443776483 0.889363455711482 1270
1634443825091 0.8929346765837762 1271
1634443874327 0.9000976162639742 1272
1634443922806 0.893411336748185 1273
1634443971787 0.8890617919476698 1274
1634444019758 0.8970390042301556 1275
1634444068748 0.8978097067608747 1276
1634444117565 0.8945226149131854 1277
1634444166457 0.8917174674790946 1278
1634444216476 0.8928629456011149 1279
