1634387547352 0.5836763554533401 1
1634387588513 0.7228910243472462 2
1634387629991 0.7567414840580287 3
1634387671382 0.7779419178864755 4
1634387711721 0.8000385022992836 5
1634387752442 0.8079223043917019 6
1634387792996 0.8130021329208812 7
1634387833676 0.8239575721465678 8
1634387874485 0.8323022362772544 9
1634387915052 0.8368253723305693 10
1634387955335 0.8334151241063872 11
1634387996004 0.8180135239947431 12
1634388036631 0.846770780376244 13
1634388076955 0.8433387452083568 14
1634388117274 0.8514255604759748 15
1634388157945 0.8439484636037029 16
1634388197893 0.8579569832710945 17
1634388238919 0.8282772755118727 18
1634388279510 0.8425890024190206 19
1634388322075 0.8426749786098716 20
1634388362553 0.8596372448614409 21
1634388403799 0.8520032307833998 22
1634388444044 0.859218909464054 23
1634388483974 0.860052528191896 24
1634388524071 0.8568385891985842 25
1634388563820 0.8517818636183466 26
1634388603830 0.8540934094677514 27
1634388643477 0.8563921743300631 28
1634388683201 0.859252907000274 29
1634388722894 0.8629064604656669 30
1634388763258 0.8694367048592361 31
1634388802819 0.8608748163331282 32
1634388842714 0.8488637723213341 33
1634388882375 0.8646690883855831 34
1634388922362 0.8703267654573671 35
1634388962519 0.8648280769388694 36
1634389002177 0.8683939429528189 37
1634389042255 0.8735774653784845 38
1634389081819 0.8741987987385593 39
1634389124432 0.866684387402492 40
1634389164343 0.8726834782493276 41
1634389204515 0.8731904247791686 42
1634389244596 0.8697299162800871 43
1634389284583 0.874312605190317 44
1634389324471 0.8746482975491203 45
1634389365038 0.874506840283593 46
1634389405181 0.8686096773953446 47
1634389444975 0.8735479064502469 48
1634389484862 0.8745528865957293 49
1634389525038 0.8675044503291502 50
1634389564655 0.8594756223815435 51
1634389604767 0.8719256048645434 52
1634389644538 0.8678736137694 53
1634389684673 0.8707388963795926 54
1634389724911 0.8684418283898264 55
1634389764801 0.880274523910959 56
1634389805183 0.8805494558249398 57
1634389845290 0.8778899002553451 58
1634389885296 0.8731346217547121 59
1634389927163 0.8759649523713897 60
1634389967436 0.8768446874484588 61
1634390007578 0.8814782640389374 62
1634390047959 0.8817072285683432 63
1634390087990 0.8711883425091453 64
1634390127862 0.8797827458374893 65
1634390168139 0.8669488531352747 66
1634390208147 0.8756925461916656 67
1634390248105 0.8797497532802768 68
1634390288858 0.8678975555085856 69
1634390329191 0.8793124456816482 70
1634390369021 0.8597535463228132 71
1634390409279 0.880591540169056 72
1634390449323 0.8809520687891477 73
1634390489462 0.875747550832024 74
1634390529735 0.8729684465906906 75
1634390569621 0.8830010712921925 76
1634390610200 0.8839421192039445 77
1634390650430 0.8708856234129305 78
1634390690541 0.8726449238040801 79
1634390732949 0.8808347747094547 80
1634390773026 0.867395562858438 81
1634390813334 0.8821534704875151 82
1634390853702 0.8847781862975356 83
1634390894112 0.8840372556740962 84
1634390934261 0.8819458461997223 85
1634390974452 0.8809899865380294 86
1634391014901 0.8821335760317992 87
1634391055012 0.8766331134622593 88
1634391095436 0.8797191919494176 89
1634391135895 0.8829874897137049 90
1634391175809 0.876611636174364 91
1634391215857 0.8817824080304328 92
1634391256155 0.8713965726044526 93
1634391296459 0.8781679594548862 94
1634391336660 0.8735273562595844 95
1634391376984 0.8772911677181605 96
1634391417373 0.8805258124352932 97
1634391457503 0.8769100822465867 98
1634391497799 0.8822584815260361 99
1634391540321 0.8820637544656141 100
1634391580776 0.8862121355837076 101
1634391621159 0.8787248835168772 102
1634391661308 0.8781277322945278 103
1634391701446 0.8809772721291911 104
1634391741761 0.8799151233669674 105
1634391781949 0.8808207351223128 106
1634391822243 0.886892384582785 107
1634391862663 0.8752141376295842 108
1634391903063 0.8827822383655637 109
1634391943395 0.8871380026503134 110
1634391983909 0.8746006151470214 111
1634392024320 0.8798951647440783 112
1634392064689 0.8884387786718605 113
1634392104742 0.881206557399673 114
1634392145086 0.8736667707546417 115
1634392185206 0.8824937426399303 116
1634392225670 0.885644054056882 117
1634392266114 0.8795691184010194 118
1634392306449 0.8846244834964202 119
1634392348950 0.8707355523050094 120
1634392389219 0.8821408001664249 121
1634392429822 0.8779725727754691 122
1634392470030 0.8845560362561691 123
1634392510553 0.8939721173720341 124
1634392551163 0.8757099504870787 125
1634392591807 0.8790318499471839 126
1634392632318 0.8857398655962885 127
1634392672647 0.8789965234936458 128
1634392713320 0.8831954627052622 129
1634392753634 0.8817905305213156 130
1634392794079 0.8846947512568335 131
1634392834327 0.8748368927514703 132
1634392874815 0.881284903877671 133
1634392915179 0.8857526794214121 134
1634392955751 0.8810954083866305 135
1634392996134 0.8778792078421666 136
1634393036592 0.8842209376447079 137
1634393077144 0.8846961170970187 138
1634393117489 0.8912176267284648 139
1634393160232 0.8833511627374291 140
1634393201053 0.8840084219117855 141
1634393241653 0.8860937011776252 142
1634393282435 0.8872922043764501 143
1634393322983 0.8883901204657019 144
1634393363477 0.892115030951922 145
1634393404306 0.8867095652101952 146
1634393444802 0.8854639619475209 147
1634393485227 0.8823515435196885 148
1634393525691 0.8839099641245036 149
1634393566574 0.8841149750002444 150
1634393607345 0.8856015667705932 151
1634393647617 0.884730484221027 152
1634393688050 0.8929866171019978 153
1634393728486 0.8830519286804414 154
1634393768895 0.8898846031754287 155
1634393809313 0.8898036789812716 156
1634393849922 0.8848763139348389 157
1634393890380 0.8836949065014431 158
1634393930847 0.8913200627067834 159
1634393973671 0.875966116753385 160
1634394014335 0.8874310878050093 161
1634394054855 0.883122213072846 162
1634394095606 0.8888464542907166 163
1634394136185 0.8910904523876516 164
1634394177921 0.8834177530501958 165
1634394218439 0.8903779864768692 166
1634394259242 0.886068808382992 167
1634394299943 0.8928473370958997 168
1634394340828 0.8900712303530134 169
1634394381234 0.8739042189315941 170
1634394421855 0.89248334844082 171
1634394462346 0.8869602812182581 172
1634394502883 0.8857330105452655 173
1634394543465 0.8825108157283738 174
1634394584297 0.8841470950378308 175
1634394625047 0.8787021656523109 176
1634394665951 0.8927561493671781 177
1634394707566 0.8834886093824559 178
1634394748382 0.8920113964471167 179
1634394792155 0.8829972869273476 180
1634394833000 0.8884105394145468 181
1634394874037 0.8781745414819332 182
1634394914796 0.8817617771411648 183
1634394955945 0.8849239346956197 184
1634394996997 0.8925381282264033 185
1634395038810 0.8870998437024579 186
1634395079763 0.8825433986739332 187
1634395120655 0.8922965260677629 188
1634395161470 0.8905862634612304 189
1634395202583 0.8894854433556548 190
1634395243356 0.8876252336147533 191
1634395283941 0.8883148094922126 192
1634395324854 0.8853821523404928 193
1634395365449 0.8868391284667595 194
1634395406186 0.8898953416076639 195
1634395447163 0.8846636426117453 196
1634395487751 0.8931634691372687 197
1634395528665 0.8909779118084015 198
1634395569549 0.8805985772329942 199
1634395612751 0.8839102908335675 200
1634395653886 0.8921617697763576 201
1634395694772 0.8896224665070411 202
1634395735769 0.8882568177782957 203
1634395776897 0.8868690497929529 204
1634395817786 0.8912291495922505 205
1634395858758 0.8917476487226716 206
1634395899705 0.891319311501679 207
1634395940413 0.8921794880518253 208
1634395981435 0.8940874274916868 209
1634396022456 0.8970913004825387 210
1634396064270 0.8858198534014621 211
1634396105139 0.8885698748136387 212
1634396145910 0.8928635296944293 213
1634396187026 0.894708273605278 214
1634396228087 0.8916025254905594 215
1634396268881 0.8889508479095147 216
1634396309819 0.8908818602486289 217
1634396350891 0.8927868786543754 218
1634396391659 0.8937340934453215 219
1634396434937 0.8897261843335508 220
1634396475801 0.889615210679938 221
1634396516896 0.8901791734719455 222
1634396558125 0.8887677384912359 223
1634396599032 0.8845329647080291 224
1634396640097 0.888745819884389 225
1634396681346 0.8913231199857212 226
1634396722476 0.8890658177709696 227
1634396763485 0.8941885935264386 228
1634396804315 0.8898880216834637 229
1634396845105 0.892627248744351 230
1634396886140 0.8928640312677985 231
1634396926979 0.8932256074149274 232
1634396967950 0.8905640000183681 233
1634397009177 0.8880299485294045 234
1634397050327 0.8903863350211906 235
1634397091402 0.8890586305503316 236
1634397133626 0.8928332248668258 237
1634397174961 0.8913711078981101 238
1634397215798 0.8849867154322024 239
1634397259475 0.8936447314958759 240
1634397302143 0.8931786538161515 241
1634397343542 0.8948745511097687 242
1634397384487 0.8900034220189633 243
1634397425770 0.8895783682064667 244
1634397467059 0.8891898123596493 245
1634397508121 0.8899283142528427 246
1634397549692 0.8918182252230404 247
1634397590742 0.8914551050313417 248
1634397632265 0.8876161421014745 249
1634397673626 0.8886175646698656 250
1634397714543 0.8895631248603638 251
1634397755694 0.8912177151622233 252
1634397796635 0.8857084069583493 253
1634397837762 0.8912921438967976 254
1634397878655 0.8935801019154842 255
1634397919702 0.8931449888190325 256
1634397961055 0.8947256791196105 257
1634398002075 0.8960893007280739 258
1634398043049 0.8914805967335817 259
1634398086734 0.8914482765011545 260
1634398128122 0.8823207700352711 261
1634398169208 0.8902771903685647 262
1634398210657 0.8890130923786983 263
1634398251999 0.8915440376583288 264
1634398293378 0.890242986476487 265
1634398334443 0.8902136525126931 266
1634398376075 0.8957522060303006 267
1634398417301 0.8891619122600076 268
1634398458659 0.8867151426800868 269
1634398500273 0.8886264024933672 270
1634398541475 0.8959154855696133 271
1634398583015 0.8913101485373215 272
1634398624556 0.8913119542251045 273
1634398665602 0.8902074311798691 274
1634398706877 0.884772047193191 275
1634398748105 0.891105840549256 276
1634398789407 0.8843344069793477 277
1634398830930 0.8920988130524915 278
1634398872253 0.8950226241589481 279
1634398916123 0.8967032577614223 280
1634398957909 0.8925653489174816 281
1634398999333 0.8927264800690631 282
1634399040822 0.8942158133171162 283
1634399082586 0.8880185665463318 284
1634399124224 0.8930108413682225 285
1634399165744 0.8949334695254513 286
1634399207315 0.8885557472516092 287
1634399248657 0.8908732243877826 288
1634399290361 0.8899553938612431 289
1634399331805 0.8956921906676121 290
1634399373571 0.8911701186506721 291
1634399414877 0.8894862307607297 292
1634399456569 0.888950978464488 293
1634399498146 0.8908243906824087 294
1634399539561 0.8954093723875269 295
1634399581190 0.894631299227312 296
1634399622776 0.8889179368789613 297
1634399664095 0.8929327975717233 298
1634399705798 0.8909995691059786 299
1634399749449 0.896635351825348 300
1634399791177 0.8928046394520512 301
1634399833147 0.8922710901319668 302
1634399874829 0.8933533962404795 303
1634399916483 0.8911845360965367 304
1634399958214 0.8986622007614226 305
1634399999979 0.8927998020258343 306
1634400041920 0.8932181805054968 307
1634400083693 0.8897666195582539 308
1634400125519 0.8957008302058239 309
1634400167515 0.8934022635868234 310
1634400209111 0.896982365693348 311
1634400250974 0.8874781737378353 312
1634400292759 0.8916624937352432 313
1634400334759 0.8955572068261852 314
1634400376551 0.8939977040730059 315
1634400418286 0.8887760699167943 316
1634400460200 0.8984708602990961 317
1634400503654 0.898229144897424 318
1634400545495 0.8955760449022503 319
1634400589367 0.8955198714597252 320
1634400631260 0.8963982097848947 321
1634400674991 0.8948395323922589 322
1634400716914 0.8898120586194515 323
1634400758944 0.8963245178625356 324
1634400800728 0.895979576096621 325
1634400842675 0.8946621365560071 326
1634400884592 0.9007253770443531 327
1634400926559 0.8982158269229665 328
1634400968551 0.8940575098989737 329
1634401010197 0.8963915685018242 330
1634401051833 0.8969151828562025 331
1634401093645 0.8965608078276083 332
1634401135619 0.8921437850081947 333
1634401177790 0.8977833324235478 334
1634401219920 0.8959355458976199 335
1634401261878 0.8946504188889071 336
1634401303562 0.8946442842386694 337
1634401345578 0.8977759426687794 338
1634401387645 0.8919411697313544 339
1634401431531 0.8963485004823276 340
1634401473660 0.8945751920946043 341
1634401515972 0.8982632552800545 342
1634401557627 0.8939671279300875 343
1634401599663 0.8939914697139412 344
1634401641447 0.8943502152246172 345
1634401683507 0.8955950029556977 346
1634401725460 0.890468133517951 347
1634401767483 0.8911015992839885 348
1634401809854 0.8954064898867035 349
1634401851597 0.8918993761352002 350
1634401893560 0.88624123976223 351
1634401935569 0.8980925934045192 352
1634401977478 0.8952108240698141 353
1634402019452 0.8944993130263265 354
1634402061685 0.8977861911180434 355
1634402103881 0.894637177058536 356
1634402145995 0.8973005435295858 357
1634402187854 0.9007569590594039 358
1634402229979 0.8986209533439913 359
1634402274201 0.8935055497819901 360
1634402316250 0.8975133595141016 361
1634402358305 0.898837204262992 362
1634402400167 0.8983199387564806 363
1634402442154 0.8941956723985923 364
1634402484170 0.8987085186715251 365
1634402526079 0.896788133972459 366
1634402568197 0.9006700918293982 367
1634402611837 0.8977053298310733 368
1634402653701 0.8937137211378037 369
1634402695556 0.8959824208314585 370
1634402739615 0.8957462069054819 371
1634402781871 0.8927627946163083 372
1634402824088 0.897820511403396 373
1634402868038 0.8962691105712378 374
1634402910306 0.8919060521194534 375
1634402952435 0.8992715447276032 376
1634402994638 0.9013906579427982 377
1634403036547 0.8973843924843723 378
1634403078610 0.8977785301428004 379
1634403122662 0.9010156546173244 380
1634403166702 0.8967630637302895 381
1634403208981 0.8983293572566321 382
1634403251293 0.8963892283353897 383
1634403293390 0.9000770386461159 384
1634403335712 0.8967478169561889 385
1634403378123 0.897846641776513 386
1634403420349 0.8915610328456444 387
1634403463089 0.9011373150904933 388
1634403505642 0.8993020679698175 389
1634403552027 0.8991125268125828 390
1634403595983 0.8994587842613799 391
1634403638037 0.893660919646571 392
1634403680434 0.9009868461024123 393
1634403722556 0.8989662867645862 394
1634403764813 0.8960805787205315 395
1634403807078 0.9005212562936907 396
1634403849434 0.9009426120618457 397
1634403891457 0.9046954948065943 398
1634403935910 0.9021488141207314 399
1634403980589 0.901383291414905 400
1634404023107 0.8975842206727378 401
1634404065262 0.8966388606625079 402
1634404107630 0.9029516853137147 403
1634404150177 0.9006236847187332 404
1634404192519 0.8983131885880659 405
1634404234808 0.89700319797628 406
1634404276948 0.8996054022337439 407
1634404319423 0.8976057158665856 408
1634404361876 0.8959532139886147 409
1634404404406 0.8969265019846214 410
1634404446974 0.8965181788547142 411
1634404489445 0.8983182169761755 412
1634404532106 0.9004389401429208 413
1634404574638 0.8997917530467961 414
1634404617167 0.9024717517407672 415
1634404659795 0.8995326236478901 416
1634404701961 0.8986873670377884 417
1634404744605 0.8992628153792986 418
1634404786986 0.8992085644489083 419
1634404831691 0.9028748703434789 420
1634404873995 0.8965320420180418 421
1634404916787 0.896475295636717 422
1634404959285 0.8963650331564756 423
1634405002042 0.8944680219156855 424
1634405044330 0.8942434651945819 425
1634405086935 0.8935174681549092 426
1634405129494 0.8956423087997949 427
1634405172126 0.8993888058876172 428
1634405214809 0.898936020962887 429
1634405257425 0.8957238427780994 430
1634405300196 0.8976138911093144 431
1634405342885 0.8920679104579833 432
1634405385404 0.8929290614422786 433
1634405427923 0.9002341353223648 434
1634405470482 0.9006914351338066 435
1634405512661 0.8961014470463863 436
1634405555359 0.8997240393858121 437
1634405597883 0.89743062388334 438
1634405640108 0.9026125283798807 439
1634405684959 0.9039262137348797 440
1634405727522 0.9028732691969167 441
1634405770058 0.9006585341151282 442
1634405812823 0.9023246952374038 443
1634405855281 0.9024115200120181 444
1634405897510 0.9009094706833661 445
1634405940162 0.8968847663322839 446
1634405982595 0.897868844061585 447
1634406025328 0.8961323493503306 448
1634406068039 0.900796775330352 449
1634406110644 0.8978267059650468 450
1634406157997 0.8998501036277071 451
1634406200695 0.8989667472981258 452
1634406243352 0.902699515669357 453
1634406286069 0.8950913416764708 454
1634406328719 0.896863053886534 455
1634406371551 0.9018297291023232 456
1634406414214 0.8973721705755837 457
1634406456936 0.8951070689366176 458
1634406499397 0.8989866850275743 459
1634406544250 0.8990310633640057 460
1634406587045 0.895896133070676 461
1634406629903 0.8993381408464651 462
1634406672722 0.898511837102827 463
1634406715951 0.8993853412889828 464
1634406758992 0.9025923000630064 465
1634406802586 0.9044461052719663 466
1634406845856 0.8992650103146993 467
1634406888496 0.8969906376403006 468
1634406931386 0.9003423065988655 469
1634406974271 0.8978446317451866 470
1634407017245 0.9016716267497651 471
1634407060038 0.9019167042009157 472
1634407103121 0.9040438848711176 473
1634407145889 0.9027246570754138 474
1634407188731 0.9041006749950558 475
1634407231670 0.9016595628207585 476
1634407274562 0.8982305083941553 477
1634407317267 0.9018987047848409 478
1634407360159 0.9036610720298384 479
1634407405481 0.8985675637742596 480
1634407448414 0.9013057067696925 481
1634407491201 0.8999980672831123 482
1634407534307 0.9044902223119581 483
1634407577326 0.9012692572556705 484
1634407622515 0.8941868002694945 485
1634407665359 0.8994403938794033 486
1634407710558 0.8994219170221106 487
1634407753802 0.8987734819050439 488
1634407797431 0.8974773159978703 489
1634407840931 0.8965091266477232 490
1634407884480 0.8975617068469367 491
1634407928066 0.8978767991017258 492
1634407971112 0.8979864260865358 493
1634408014116 0.9014020246160588 494
1634408056882 0.8988708161862844 495
1634408099806 0.8985736456533694 496
1634408147811 0.9006676022364505 497
1634408190467 0.8982238388883026 498
1634408233475 0.8925705840017772 499
1634408278168 0.8973629022822399 500
1634408321086 0.8980078255928603 501
1634408363941 0.9026561957755465 502
1634408407001 0.897974488286901 503
1634408450011 0.8983560111347672 504
1634408493224 0.8968869283621589 505
1634408536142 0.9043347315010997 506
1634408578906 0.8975363668930432 507
1634408622055 0.8977822772993973 508
1634408665132 0.8958595343900869 509
1634408708317 0.9039212570873947 510
1634408751455 0.8955628727332092 511
1634408794429 0.8977221516059087 512
1634408836927 0.8989353643443724 513
1634408879879 0.8982730242222958 514
1634408922665 0.8941440660348712 515
1634408965696 0.8980627769592067 516
1634409008367 0.9023045693581512 517
1634409051568 0.9003373036484669 518
1634409094294 0.8964481871103893 519
1634409139591 0.8980577355700692 520
1634409182729 0.896281604220166 521
1634409225643 0.8980421354054616 522
1634409268779 0.8979811059950277 523
1634409311618 0.8946475688795096 524
1634409354616 0.896274426320517 525
1634409397604 0.8976933091437798 526
1634409440861 0.8982055035621812 527
1634409483839 0.8974011395727239 528
1634409527004 0.9022379724969021 529
1634409570241 0.8951342189898145 530
1634409613374 0.8989663905168754 531
1634409656403 0.9029210428649201 532
1634409699568 0.8972948281375055 533
1634409744361 0.8937899372559127 534
1634409787707 0.9003336470698536 535
1634409830674 0.8968295965053048 536
1634409873766 0.8988760202649771 537
1634409923939 0.8957104797502831 538
1634409966777 0.9008756950733582 539
1634410012039 0.9005323550234735 540
1634410055391 0.8988825604419336 541
1634410098395 0.9010015204849519 542
1634410141502 0.8992703214424685 543
1634410184930 0.9017605740214145 544
1634410227960 0.901015134637137 545
1634410271366 0.8998995958848579 546
1634410316814 0.8944655859268573 547
1634410359934 0.8999439607355256 548
1634410403351 0.8984465762162753 549
1634410446609 0.9019634843222025 550
1634410489870 0.899117431060863 551
1634410533271 0.9017705174464584 552
1634410576466 0.9028044325860458 553
1634410619419 0.9002402918032395 554
1634410662750 0.9011704052473186 555
1634410705886 0.9016600231254049 556
1634410749127 0.9001707520361808 557
1634410792339 0.9021057238786903 558
1634410835521 0.8989537444734143 559
1634410881152 0.9030851891049855 560
1634410927585 0.9000463956755183 561
1634410970606 0.9010072273235847 562
1634411014307 0.9001845108347223 563
1634411057721 0.9042017293803352 564
1634411100859 0.9032630891897709 565
1634411144352 0.9020648266857719 566
1634411187462 0.8993163671974779 567
1634411230760 0.9007982800904242 568
1634411274254 0.8997098992621116 569
1634411317674 0.898642673283816 570
1634411361012 0.9013732708584954 571
1634411404334 0.9025456930082167 572
1634411447826 0.9026513388402928 573
1634411491253 0.8988509126056483 574
1634411534397 0.8980682112027987 575
1634411577433 0.9007812306256281 576
1634411620275 0.9004403591652319 577
1634411663602 0.9021902679300048 578
1634411706791 0.8992238098353909 579
1634411752175 0.9035277627251458 580
1634411798625 0.8961601068144582 581
1634411842625 0.9003520654506286 582
1634411886322 0.9011707150406497 583
1634411929896 0.8983961965581656 584
1634411973495 0.9049522797841467 585
1634412016989 0.8945975422704469 586
1634412060376 0.9046630417058483 587
1634412108242 0.8991457351082971 588
1634412151480 0.8966252364695876 589
1634412194791 0.9022297836053923 590
1634412238437 0.8989184943371931 591
1634412281813 0.8990671512631039 592
1634412325250 0.9001319722596223 593
1634412369109 0.8991336798958102 594
1634412412616 0.8998142737999717 595
1634412456213 0.900376136360327 596
1634412499926 0.9013661063832413 597
1634412543498 0.903352856489741 598
1634412586941 0.9052728840137826 599
1634412632657 0.9014784476939505 600
1634412676607 0.9011680236765389 601
1634412720001 0.9010354839259388 602
1634412763835 0.901619682405497 603
1634412807794 0.8981155846116025 604
1634412851708 0.9018567906261709 605
1634412895357 0.8980410415057125 606
1634412939162 0.8995988359948022 607
1634412982945 0.8998781356583996 608
1634413026410 0.9026302412444822 609
1634413069919 0.9013243648321512 610
1634413113363 0.9029813665290934 611
1634413156682 0.902562172067864 612
1634413200205 0.9026210743850825 613
1634413243798 0.9014210720958746 614
1634413287433 0.8988888240430158 615
1634413330895 0.9007043311777525 616
1634413374522 0.9032473818793023 617
1634413418132 0.9013190253581552 618
1634413461551 0.9025521092824264 619
1634413507433 0.9015782987328546 620
1634413551128 0.9027442146367022 621
1634413594916 0.9016738745406941 622
1634413638833 0.9023618503474046 623
1634413682430 0.9035582298035599 624
1634413726483 0.9013948567871387 625
1634413770252 0.9014578290176252 626
1634413814367 0.9033390731309204 627
1634413858133 0.9010048169939759 628
1634413902147 0.9016519775364003 629
1634413945782 0.9005063298942655 630
1634413989491 0.9024770236201648 631
1634414033165 0.8999079001688431 632
1634414076929 0.9004059651168294 633
1634414120883 0.9068421244981917 634
1634414165018 0.905185688846677 635
1634414214446 0.9020685278831215 636
1634414258399 0.899312001989582 637
1634414302644 0.9020943376090662 638
1634414346514 0.903105915567882 639
1634414392698 0.9014660025208717 640
1634414437658 0.9002738378960475 641
1634414482055 0.90327798498995 642
1634414525830 0.9006016650160621 643
1634414569941 0.9040473208919271 644
1634414620766 0.9039193810876877 645
1634414664826 0.9062270137379138 646
1634414708795 0.9005562723051332 647
1634414752642 0.8971167061324583 648
1634414797135 0.8987592931421926 649
1634414840944 0.8996877734906383 650
1634414885055 0.9000769031538239 651
1634414928915 0.903816033791522 652
1634414972928 0.9009932635859628 653
1634415016990 0.9004926406928476 654
1634415060904 0.9026158458908374 655
1634415104457 0.9021999380421434 656
1634415148142 0.8978446991946442 657
1634415192065 0.8971908968632902 658
1634415235718 0.8996020622943084 659
1634415282111 0.8998178621850036 660
1634415327036 0.898464941102898 661
1634415371072 0.9008444069931346 662
1634415414873 0.8973297251683892 663
1634415459002 0.8938301716224073 664
1634415502865 0.8937668237184689 665
1634415547034 0.9001316367777913 666
1634415590878 0.9025990562817973 667
1634415634968 0.8988725753349291 668
1634415678961 0.8981175982141498 669
1634415722814 0.8985640898611413 670
1634415766770 0.8947420229761306 671
1634415810671 0.9002911715840708 672
1634415854937 0.8992584933348314 673
1634415899139 0.9025288803046158 674
1634415943284 0.902479191999176 675
1634415987100 0.9020165114125254 676
1634416031027 0.8998719265093347 677
1634416075191 0.8959973084519615 678
1634416118951 0.8955936862420737 679
1634416165046 0.8963894103976517 680
1634416209663 0.895093304636651 681
1634416253873 0.894308508613202 682
1634416298231 0.8944540829567192 683
1634416342148 0.8941317565058584 684
1634416386304 0.8944861384174717 685
1634416430571 0.8969448126312184 686
1634416475072 0.8970034270548591 687
1634416519207 0.897745476896333 688
1634416563191 0.8990827162473508 689
1634416607383 0.8995535510085582 690
1634416651881 0.8991803196434978 691
1634416696199 0.8991609093497022 692
1634416740313 0.8944012446537246 693
1634416784600 0.8997776127320227 694
1634416828594 0.89986704873597 695
1634416872691 0.8993795005633394 696
1634416916911 0.896776130319395 697
1634416961051 0.8966359692736623 698
1634417005422 0.896472279975356 699
1634417052031 0.8998132781649194 700
1634417096981 0.8908836939234639 701
1634417141621 0.8955150738990318 702
1634417186091 0.8939707432594082 703
1634417230555 0.8955365246605858 704
1634417275095 0.8946560466401052 705
1634417319501 0.9005049726207708 706
1634417363556 0.8977319583370093 707
1634417408142 0.8797596287613477 708
1634417452429 0.8950809097255591 709
1634417496609 0.8955962769391843 710
1634417541069 0.896222275658356 711
1634417585107 0.8973247069607072 712
1634417629675 0.8987383345974248 713
1634417674266 0.8971213878401602 714
1634417718626 0.8961313610624806 715
1634417763195 0.8979254717348844 716
1634417807887 0.9010579489850344 717
1634417852225 0.8990395962594994 718
1634417896424 0.899556199395059 719
1634417942716 0.8973412348957536 720
1634417988149 0.8975571264590637 721
1634418032709 0.9021244196866002 722
1634418077375 0.9006995828552717 723
1634418121690 0.898644217627714 724
1634418166065 0.8974175154095636 725
1634418210920 0.8891270206763653 726
1634418255458 0.8972751537230181 727
1634418299957 0.8954876667603697 728
1634418344306 0.8973370199316519 729
1634418388663 0.8975926857301788 730
1634418433155 0.8954933761448719 731
1634418477625 0.8939149064153452 732
1634418522382 0.8966426598079861 733
1634418566688 0.8960933420702696 734
1634418611276 0.8968669320981314 735
1634418655485 0.8993983369463417 736
1634418699771 0.9026624520014329 737
1634418744082 0.8874471680346043 738
1634418788694 0.9030300276263722 739
1634418835361 0.8984434876668024 740
1634418880175 0.9010612655309168 741
1634418925235 0.8987492361635916 742
1634418970031 0.8994195311059707 743
1634419014687 0.9004782550249505 744
1634419059199 0.9022579555687197 745
1634419104221 0.8999252666117941 746
1634419148876 0.8955951396093105 747
1634419193420 0.8997986719061521 748
1634419238127 0.8943344014043569 749
1634419282555 0.8952564447958277 750
1634419327138 0.889155739966323 751
1634419371658 0.8987919242662972 752
1634419416235 0.8956060938213837 753
1634419460541 0.8989353180845717 754
1634419505320 0.894086681204055 755
1634419550108 0.8997514285670394 756
1634419594421 0.898839709447982 757
1634419638954 0.9021021120038063 758
1634419683733 0.9010537750948557 759
1634419730636 0.9002327633336017 760
1634419775838 0.8992406282337491 761
1634419820792 0.8951424293856058 762
1634419865890 0.8967149748969486 763
1634419911161 0.898302402191478 764
1634419955957 0.8969711578753278 765
1634420000998 0.8989084160333317 766
1634420045885 0.8991596873697836 767
1634420091181 0.9018173880176016 768
1634420136215 0.901073460128344 769
1634420181370 0.9016344450508186 770
1634420226318 0.8965575362201885 771
1634420271136 0.8980669399906729 772
1634420316141 0.8969468248326495 773
1634420360879 0.8995151833791933 774
1634420405903 0.89988778713966 775
1634420450988 0.9017207834690306 776
1634420495845 0.8971321989963019 777
1634420540946 0.8936893633814358 778
1634420585966 0.8971894922531745 779
1634420632676 0.8992266277103562 780
1634420678727 0.8974306249454311 781
1634420723855 0.8984192328638582 782
1634420768753 0.8948642782715781 783
1634420813775 0.8988121812131081 784
1634420858682 0.898667127944724 785
1634420903654 0.8964654858950258 786
1634420948622 0.8974378387198182 787
1634420993734 0.8951920650946724 788
1634421038683 0.8978366002431563 789
1634421083421 0.8977961053266549 790
1634421128209 0.8997850349916928 791
1634421173130 0.8995776352750363 792
1634421218214 0.8956959528513508 793
1634421262879 0.8973389205306782 794
1634421307909 0.8969883993493815 795
1634421353171 0.896214191045514 796
1634421398058 0.8959029210025775 797
1634421442628 0.8979175182480026 798
1634421487321 0.9004013894197253 799
1634421534527 0.8982651507508754 800
1634421579888 0.89655111229499 801
1634421625161 0.8974025764470136 802
1634421670030 0.8971913714126589 803
1634421715151 0.8970918843843763 804
1634421759977 0.8968384422572888 805
1634421804574 0.891185276059025 806
1634421849841 0.8991975230661253 807
1634421894910 0.8989874177479935 808
1634421939825 0.8991481150799463 809
1634421984433 0.9001174732768259 810
1634422029506 0.897196956734364 811
1634422074368 0.8963419770306795 812
1634422119396 0.8999326811389784 813
1634422164185 0.8982467696752405 814
1634422209099 0.8964369793372683 815
1634422253975 0.8952399512291035 816
1634422298799 0.8942161734213496 817
1634422343733 0.8937502372891357 818
1634422388751 0.8990190164724601 819
1634422435874 0.8990204808802185 820
1634422481855 0.8958567026841484 821
1634422527219 0.8998516808599462 822
1634422572140 0.9005518446035264 823
1634422617161 0.8978889411874902 824
1634422662094 0.8938168388826102 825
1634422707073 0.9017670915491423 826
1634422752285 0.9001688163804321 827
1634422797375 0.8982612724401053 828
1634422842496 0.9004854146404611 829
1634422887569 0.9012085717406181 830
1634422932936 0.9010617798833614 831
1634422978097 0.8968753871581224 832
1634423023352 0.8935207981493555 833
1634423068291 0.8975631057158876 834
1634423113418 0.897573632216803 835
1634423158608 0.8969095138987349 836
1634423203641 0.8978827910273576 837
1634423248916 0.8971489656962084 838
1634423294206 0.9001277515037873 839
1634423341294 0.9006505422958778 840
1634423386613 0.9009101124569082 841
1634423431473 0.8966224040045921 842
1634423476687 0.9008059107351438 843
1634423521769 0.897393303232875 844
1634423567195 0.8995436990677561 845
1634423612153 0.9024955639724235 846
1634423657659 0.8975778556269224 847
1634423702874 0.8995035411174319 848
1634423747775 0.9007133274817488 849
1634423793198 0.902468407957698 850
1634423838122 0.9001616581033997 851
1634423883348 0.9000273478771752 852
1634423928461 0.8945805962565663 853
1634423973507 0.8996517565239095 854
1634424018802 0.9017678500436643 855
1634424064246 0.9027770913552196 856
1634424109183 0.9009179429172289 857
1634424154142 0.9027627168546672 858
1634424199391 0.8996215199713569 859
1634424247203 0.898552603042925 860
1634424292619 0.8915874317357131 861
1634424337853 0.9007273019946096 862
1634424383158 0.8994400121509429 863
1634424428657 0.8997105874411195 864
1634424473850 0.8973704996883192 865
1634424519135 0.9007184734668289 866
1634424564505 0.8957195687884283 867
1634424609795 0.8976569569627932 868
1634424655207 0.8974198821985243 869
1634424700548 0.8974006319067627 870
1634424745779 0.895771948767914 871
1634424790885 0.8983515554474343 872
1634424835715 0.8933262027922996 873
1634424881155 0.8979836123288546 874
1634424926090 0.8992242991182852 875
1634424980128 0.8962478981837458 876
1634425025534 0.8991276683419257 877
1634425073588 0.8983818341437096 878
1634425118880 0.8983807165938273 879
1634425173976 0.8994065014373572 880
1634425219713 0.8970810644325061 881
1634425265518 0.892095875344723 882
1634425310958 0.902733540732946 883
1634425356559 0.9038100013936484 884
1634425401880 0.8975104479709156 885
1634425447221 0.8927751426632675 886
1634425492401 0.8985753383445529 887
1634425537567 0.8998140119681088 888
1634425583060 0.8983215387899961 889
1634425628578 0.9015576254337485 890
1634425674131 0.9021521206466738 891
1634425719448 0.8986737466239306 892
1634425764862 0.8992406932623095 893
1634425810077 0.9047981701000926 894
1634425860038 0.8997087974491386 895
1634425905389 0.8990069801120859 896
1634425951030 0.9005236962790565 897
1634425996658 0.9022713655676224 898
1634426042141 0.9013248760402593 899
1634426090034 0.9036300954087464 900
1634426135460 0.8997560271601833 901
1634426181382 0.9017055186385988 902
1634426226848 0.9002910606718282 903
1634426272546 0.9014129959957894 904
1634426318098 0.8956073928709608 905
1634426363554 0.9010711264874642 906
1634426409355 0.9041345796408092 907
1634426455081 0.9049704656979586 908
1634426500695 0.9051593495520183 909
1634426546466 0.9029545282071014 910
1634426592369 0.9000134845324245 911
1634426638009 0.9026725576453833 912
1634426683419 0.9020490419626833 913
1634426732612 0.8962105978054886 914
1634426778039 0.9042272782099144 915
1634426826001 0.9039508455646512 916
1634426871792 0.9050369970300924 917
1634426917670 0.9029153028552276 918
1634426963077 0.9011329616448052 919
1634427010997 0.9029157203913561 920
1634427057562 0.8979379896181974 921
1634427103585 0.8962632275281092 922
1634427149438 0.8995984616724381 923
1634427195358 0.9011662459027997 924
1634427240831 0.9019632265638324 925
1634427286889 0.8996566710047388 926
1634427332617 0.8969815422227589 927
1634427378004 0.9025091085634365 928
1634427423593 0.9020362226243125 929
1634427469029 0.9012711172320822 930
1634427514718 0.900584305014781 931
1634427560826 0.8977460426650058 932
1634427606563 0.8984486218410485 933
1634427652307 0.8960106997116958 934
1634427698413 0.8949220798387522 935
1634427744446 0.8962042504534975 936
1634427790274 0.8983860369660092 937
1634427835837 0.8973373587442601 938
1634427881719 0.894298787160185 939
1634427929667 0.8952917600754666 940
1634427983144 0.9031360109579595 941
1634428028898 0.8997333683223826 942
1634428074474 0.9008334637212124 943
1634428120310 0.9021835779242192 944
1634428166245 0.9006984865073503 945
1634428211919 0.901507200781746 946
1634428264349 0.8990068885200813 947
1634428316367 0.8988072211346403 948
1634428362364 0.9031145158399261 949
1634428408089 0.901833403587049 950
1634428454505 0.8987481503716781 951
1634428500313 0.9038473822289425 952
1634428546795 0.8984100846132835 953
1634428592654 0.9021818187308215 954
1634428638741 0.8984736445482491 955
1634428685189 0.9023894239808605 956
1634428730974 0.9028414713510168 957
1634428777066 0.8965804657091436 958
1634428823190 0.8992459965633336 959
1634428871212 0.8990218942021236 960
1634428918045 0.9006526880835719 961
1634428964502 0.8984181337794855 962
1634429010599 0.9013730305009162 963
1634429056762 0.8996030498591739 964
1634429108893 0.8991559414922483 965
1634429155242 0.8979225528867565 966
1634429201383 0.8984634816846913 967
1634429247635 0.8916829666364562 968
1634429293828 0.8962206178701657 969
1634429340051 0.9013465977496671 970
1634429386114 0.90322259529327 971
1634429432247 0.9012732880800658 972
1634429478428 0.9007741749909417 973
1634429524725 0.9020094623500134 974
1634429570955 0.8985486732602833 975
1634429617425 0.8971633220734645 976
1634429663512 0.8992522882870599 977
1634429709767 0.9018196369431455 978
1634429756017 0.9024404818935188 979
1634429804218 0.8995134019904182 980
1634429850422 0.8994751504877323 981
1634429896962 0.8993987496731816 982
1634429942860 0.8999307714622771 983
1634429988739 0.897773559630463 984
1634430035143 0.9020611907642316 985
1634430081126 0.898888192206453 986
1634430127799 0.901526615862512 987
1634430174060 0.8955591395925822 988
1634430220532 0.8963420401735849 989
1634430266978 0.8948792095466587 990
1634430313282 0.8979460173415884 991
1634430359409 0.8985518625674673 992
1634430405753 0.8995696909475877 993
1634430452455 0.8977139814076364 994
1634430498967 0.8979865638069837 995
1634430545295 0.8965714477016236 996
1634430591530 0.8979756956448763 997
1634430638386 0.9002446902557513 998
1634430684613 0.9002518469411254 999
1634430733669 0.8986299262649367 1000
1634430780380 0.89665924667051 1001
1634430826630 0.9000446657133301 1002
1634430872907 0.8996557919868647 1003
1634430918830 0.8995725584733443 1004
1634430965023 0.8867788385939996 1005
1634431011331 0.9026120242103047 1006
1634431057669 0.9028847689821317 1007
1634431103888 0.8984780530516516 1008
1634431150033 0.8988417171175466 1009
1634431196823 0.898227404456164 1010
1634431242912 0.8986927721439406 1011
1634431289106 0.8988111276421074 1012
1634431335166 0.8983524791055965 1013
1634431382174 0.8986784432247038 1014
1634431428618 0.8982701406929046 1015
1634431475095 0.9012667334546854 1016
1634431526157 0.8989197445367029 1017
1634431572155 0.8970010439002016 1018
1634431618764 0.8975085359676228 1019
1634431667038 0.8972996231874842 1020
1634431713896 0.8964007082557583 1021
1634431760598 0.8951375418546991 1022
1634431807063 0.896364346339916 1023
1634431853637 0.8989202549225672 1024
1634431900390 0.8954204816774574 1025
1634431946536 0.8993717354063793 1026
1634431993443 0.9007366359845321 1027
1634432039925 0.9008162496655001 1028
1634432086477 0.8977144982247771 1029
1634432132946 0.8997172367781471 1030
1634432179290 0.9015307600732478 1031
1634432225826 0.8998527445978843 1032
1634432272078 0.8999455489281761 1033
1634432318463 0.8993729951334041 1034
1634432364884 0.8997308044174969 1035
1634432411358 0.8988203055801356 1036
1634432458203 0.902410472123043 1037
1634432504905 0.9033057676389936 1038
1634432551945 0.8979003095441055 1039
1634432600937 0.9026107686527227 1040
1634432648511 0.9042827036305175 1041
1634432695450 0.902076761247473 1042
1634432742398 0.9005366758328897 1043
1634432788987 0.9040348498915098 1044
1634432835505 0.9003709882059185 1045
1634432882462 0.8995714294164068 1046
1634432929629 0.901116083917974 1047
1634432976508 0.9041016544872119 1048
1634433023376 0.9041285033814862 1049
1634433074483 0.9045561477950703 1050
1634433126296 0.9023939182565731 1051
1634433172595 0.8970891444988044 1052
1634433219713 0.8978404389552423 1053
1634433266243 0.8989413491239118 1054
1634433313019 0.8989038325835058 1055
1634433359569 0.9023457866095391 1056
1634433406497 0.90045764958211 1057
1634433453358 0.903124120088688 1058
1634433499813 0.8992213217014309 1059
1634433548624 0.8994082654268101 1060
1634433596950 0.8995174729123356 1061
1634433644043 0.903505502748777 1062
1634433692589 0.9044489753331297 1063
1634433739498 0.9041667101411952 1064
1634433786269 0.9028434409447101 1065
1634433832675 0.9008137732051955 1066
1634433879868 0.8998955034514481 1067
1634433926453 0.9006394495833208 1068
1634433973726 0.8975113346115434 1069
1634434020283 0.8968192037676874 1070
1634434067217 0.8997143604655361 1071
1634434114197 0.9004029382525186 1072
1634434162793 0.9004960093916271 1073
1634434209455 0.8987387446554891 1074
1634434256041 0.9010806501480759 1075
1634434303149 0.8994813457285548 1076
1634434349925 0.8970988073274476 1077
1634434396880 0.9005850496808685 1078
1634434446250 0.9015633979701525 1079
1634434495639 0.9021189052781544 1080
1634434542885 0.8966318732956158 1081
1634434589888 0.9012413446470225 1082
1634434638356 0.9014323097334508 1083
1634434685302 0.9011069201956132 1084
1634434732383 0.900980854048558 1085
1634434778895 0.9023004166472594 1086
1634434827659 0.9013148606919197 1087
1634434874575 0.8977278591451997 1088
1634434922493 0.9006928949066065 1089
1634434969018 0.8998355517767896 1090
1634435016069 0.8982022489492839 1091
1634435062574 0.9015329500721208 1092
1634435112496 0.8987350638557022 1093
1634435159082 0.8997802116413939 1094
1634435206832 0.9005644362318168 1095
1634435253786 0.9005818073124402 1096
1634435300397 0.9020189678614224 1097
1634435347395 0.9007719327743416 1098
1634435393782 0.9002674361972244 1099
1634435443020 0.8995666449877914 1100
1634435491900 0.8996910654668099 1101
1634435538969 0.9016985607587094 1102
1634435589178 0.8955243134469753 1103
1634435636263 0.8977401731191363 1104
1634435683608 0.8992355564044539 1105
1634435730316 0.8981766270862295 1106
1634435780104 0.8977990295460413 1107
1634435827064 0.8994290098539914 1108
1634435880274 0.9002423038840597 1109
1634435928085 0.8991504238266604 1110
1634435978208 0.8988795396485666 1111
1634436025131 0.8988255814566257 1112
1634436074726 0.8982086575809037 1113
1634436121939 0.8986172103069937 1114
1634436171415 0.8980364915986724 1115
1634436218559 0.898111140940832 1116
1634436267383 0.89897804407101 1117
1634436314850 0.8970219704868413 1118
1634436364229 0.8968788149999923 1119
1634436413522 0.8961417132255116 1120
1634436462282 0.8997214375215441 1121
1634436510040 0.8966137454349067 1122
1634436558643 0.8959808894666988 1123
1634436605731 0.8984491336341737 1124
1634436654759 0.8986605811685134 1125
1634436701638 0.8938289097053698 1126
1634436751057 0.8978150486873191 1127
1634436798217 0.8971700896150007 1128
1634436848720 0.8996316712077947 1129
1634436896048 0.900366364968931 1130
1634436945274 0.9005363552426425 1131
1634436992084 0.8950205755479567 1132
1634437042908 0.9011870477429527 1133
1634437089746 0.8977738377582212 1134
1634437140719 0.8983817206000879 1135
1634437188135 0.8994672612147174 1136
1634437237335 0.8974884862143631 1137
1634437284619 0.8998686369808588 1138
1634437335414 0.8995149651848351 1139
1634437384924 0.8977703172070255 1140
1634437434862 0.8998357950903775 1141
1634437482359 0.9002174475299105 1142
1634437534273 0.8996165902184907 1143
1634437581904 0.8978989735513622 1144
1634437632064 0.8996465745337611 1145
1634437679025 0.8987905189362718 1146
1634437730751 0.8968184544461956 1147
1634437778138 0.8989018196008726 1148
1634437828698 0.89952563874824 1149
1634437876387 0.8962543822129159 1150
1634437928270 0.893256330169678 1151
1634437975398 0.9000973964114799 1152
1634438025295 0.8982906371203652 1153
1634438072676 0.8987578011352052 1154
1634438125267 0.8976441225600209 1155
1634438172475 0.9005636825025871 1156
1634438221958 0.8930508794726757 1157
1634438269099 0.8981873377155253 1158
1634438320657 0.8976668830468754 1159
1634438370119 0.9004620413756109 1160
1634438420556 0.8982165781193154 1161
1634438468250 0.8977028190955779 1162
1634438519367 0.9009798044049799 1163
1634438567085 0.8977145082273194 1164
1634438617637 0.8988653320245484 1165
1634438664889 0.8994102964826474 1166
1634438716623 0.8988523076753765 1167
1634438764232 0.9009132440457424 1168
1634438816396 0.8992825087934332 1169
1634438863965 0.9028902757461137 1170
1634438915605 0.9025099618377821 1171
1634438963309 0.9019533782058649 1172
1634439015008 0.8986273438464739 1173
1634439062693 0.9018865756227262 1174
1634439113135 0.899494471784909 1175
1634439160869 0.8968472208870572 1176
1634439212123 0.8934283070760568 1177
1634439259687 0.9024957606248251 1178
1634439311176 0.8999239112745145 1179
1634439361004 0.8976513070914826 1180
1634439412211 0.9026421539479864 1181
1634439459645 0.9000539820270013 1182
1634439510923 0.9003161313871212 1183
1634439558554 0.8939164259034013 1184
1634439609567 0.90221376004438 1185
1634439657207 0.901835301146098 1186
1634439708364 0.8952909744746629 1187
1634439755806 0.900210623809125 1188
1634439807663 0.8974238831897382 1189
1634439855070 0.9006232453786192 1190
1634439905517 0.9005943930833498 1191
1634439952821 0.9010332300305138 1192
1634440003787 0.9027937040067852 1193
1634440051278 0.9018964882904688 1194
1634440102863 0.8978496306872585 1195
1634440150571 0.8977699428112769 1196
1634440202822 0.897921788521532 1197
1634440250690 0.8998076150118609 1198
1634440301705 0.8992611857192025 1199
1634440351724 0.8977419728325835 1200
1634440404702 0.8963164576332627 1201
1634440452767 0.8925064827570816 1202
1634440500080 0.895882243509305 1203
1634440547643 0.899850552122918 1204
1634440599913 0.899094052493952 1205
1634440647669 0.9005152354100779 1206
1634440700215 0.9006480452718694 1207
1634440748103 0.8957470110027513 1208
1634440795703 0.8980855964674632 1209
1634440843366 0.90046336358935 1210
1634440891105 0.9025114066652269 1211
1634440939144 0.9028424056591844 1212
1634440987127 0.9008846674331906 1213
1634441034743 0.8985849832765525 1214
1634441087717 0.9006453162575392 1215
1634441135112 0.899997896887347 1216
1634441183002 0.8940180206089999 1217
1634441230695 0.9026589933590026 1218
1634441278526 0.9027749568217558 1219
1634441328449 0.9022255529270558 1220
1634441381463 0.9012546582212134 1221
1634441429417 0.8989961212220017 1222
1634441482400 0.8997817518317072 1223
1634441530586 0.9016822973528855 1224
1634441578144 0.9006452000826641 1225
1634441625751 0.9004473973815087 1226
1634441673805 0.9050307166815178 1227
1634441721702 0.9042837855652917 1228
1634441769655 0.9007499987409421 1229
1634441817417 0.8996830653196639 1230
1634441866916 0.9007053993947131 1231
1634441914773 0.8891563106570705 1232
1634441962403 0.9026695965377669 1233
1634442010390 0.9017382666348349 1234
1634442063635 0.9026515678773578 1235
1634442111426 0.9016277020723048 1236
1634442159457 0.9039766287412457 1237
1634442207778 0.8996890159737023 1238
1634442255681 0.9005921961109175 1239
1634442305767 0.898469114393059 1240
1634442354653 0.9018261137060611 1241
1634442403236 0.9019674828361633 1242
1634442456997 0.9024361606495168 1243
1634442505191 0.9028087913795625 1244
1634442558175 0.9005256498377503 1245
1634442606424 0.8994014075437672 1246
1634442659490 0.8959032262105118 1247
1634442707289 0.899500339766243 1248
1634442755388 0.8981058904318082 1249
1634442803169 0.901370437122883 1250
1634442851334 0.90262989940034 1251
1634442899178 0.9047583668420061 1252
1634442947257 0.9025823289279532 1253
1634442995491 0.9044686327286603 1254
1634443043716 0.899704002474717 1255
1634443091763 0.8962399996317022 1256
1634443139137 0.9021848928969638 1257
1634443188383 0.9007431012889797 1258
1634443238762 0.9017547089183224 1259
1634443289161 0.8979323676569748 1260
1634443338025 0.9040008247895418 1261
1634443386038 0.9021079020090653 1262
1634443434032 0.9001818366710154 1263
1634443482394 0.9018167048789415 1264
1634443531111 0.8928109104843708 1265
1634443580090 0.8981244284059238 1266
1634443628428 0.900459942540032 1267
1634443677847 0.9010830978860281 1268
1634443727393 0.9004028215470592 1269
1634443776508 0.9001650179743977 1270
1634443825095 0.8998517413327397 1271
1634443874347 0.8986943531533166 1272
1634443922811 0.896597196084799 1273
1634443971801 0.8992521781742571 1274
1634444019761 0.8977641388802168 1275
1634444068763 0.9000119829507169 1276
1634444117570 0.8986082023231551 1277
1634444166463 0.8992586544110713 1278
1634444216480 0.8994434485148503 1279
