1634387547424 0.6366009604785333 1
1634387588665 0.6990532906804304 2
1634387630136 0.7314817773125568 3
1634387671531 0.8003396460172231 4
1634387711872 0.7822167560001012 5
1634387752597 0.7250404734218754 6
1634387793151 0.8074742665686659 7
1634387833832 0.8154052174976303 8
1634387874634 0.7355855491364756 9
1634388036780 0.8179581709734459 13
1634388117430 0.7865257823651234 15
1634388362707 0.8182469655501504 21
1634388444216 0.827481246132486 23
1634388484148 0.8628021189631159 24
1634388723067 0.8571628084691288 30
1634388882566 0.8662295213509407 34
1634389082010 0.8366037940130204 39
1634389765032 0.872875297306141 56
1634389805417 0.8779494729984918 57
1634390007847 0.8732358178181303 62
1634390248375 0.8789058958582973 68
1634390569893 0.8683688619888366 76
1634394136661 0.8832887644902172 164
1634394666425 0.8856995291233861 177
1634394748850 0.8880793911132827 179
1634394997526 0.8831232593574506 185
1634396023013 0.8956210940366637 210
1634397092014 0.884950868326684 236
1634397260120 0.8811243296316077 240
1634400461042 0.8829696406194527 317
1634400632158 0.888214113852264 321
1634402569143 0.8883285448846077 367
1634402825004 0.8944088129196355 373
1634403123680 0.894573746522701 380
1634403552972 0.8940236746582477 390
1634403892463 0.8858605888571858 398
1634407666636 0.8867704898705412 486
1634410272761 0.8795068383013492 546
1634410882615 0.8769202376906368 560
1634411753743 0.8790788774088696 580
1634412061863 0.8824081397741257 587
1634414166495 0.8706644423597497 635
1634414571481 0.8830738264035878 644
1634424928211 0.8693557120441046 875
1634425120920 0.8710216249421479 879
1634425812384 0.87696097209331 894
1634431477485 0.8774481058736423 1016
1634433025682 0.875275203965339 1049
1634433077012 0.8754335655073266 1050
