1634387547349 0.6366009604785333 1
1634387588510 0.6990532906804304 2
1634387629988 0.7314817773125568 3
1634387671379 0.8003396460172231 4
1634387711718 0.7822167560001012 5
1634387752439 0.7250404734218754 6
1634387792993 0.8074742665686659 7
1634387833673 0.8154052174976303 8
1634387874482 0.7355855491364756 9
1634387915049 0.7918635338783363 10
1634387955332 0.8242600962492468 11
1634387996001 0.8748512221061426 12
1634388036628 0.8179581709734459 13
1634388076952 0.8513418686486958 14
1634388117271 0.7865257823651234 15
1634388157942 0.857553444638117 16
1634388197890 0.7979415095871368 17
1634388238916 0.8871041506383013 18
1634388279507 0.8832063372909503 19
1634388322072 0.8766778752645251 20
1634388362550 0.8182469655501504 21
1634388403796 0.8631135747913936 22
1634388444041 0.827481246132486 23
1634388483970 0.8628021189631159 24
1634388524068 0.8596323979027636 25
1634388563817 0.8712899389690645 26
1634388603827 0.8764112778937195 27
1634388643474 0.8662164760080838 28
1634388683198 0.8787657112042431 29
1634388722891 0.8571628084691288 30
1634388763254 0.832085970640097 31
1634388802816 0.8635677463096537 32
1634388842711 0.896749093165331 33
1634388882372 0.8662295213509407 34
1634388922359 0.854968924958346 35
1634388962516 0.8804567950475802 36
1634389002174 0.8622603618744423 37
1634389042252 0.8724024273774856 38
1634389081816 0.8366037940130204 39
1634389124429 0.8705815160648359 40
1634389164340 0.845049622187488 41
1634389204512 0.8735705384818168 42
1634389244593 0.8876456266218109 43
1634389284579 0.8698553252249718 44
1634389324468 0.8705650290115434 45
1634389365035 0.846887369558246 46
1634389405178 0.8880477334902721 47
1634389444972 0.8693421515594258 48
1634389484859 0.8732521214414306 49
1634389525035 0.8876750395751617 50
1634389564652 0.900938214075788 51
1634389604764 0.8866485351496709 52
1634389644535 0.8864380556977358 53
1634389684670 0.8651870204982726 54
1634389724908 0.8866859859680258 55
1634389764798 0.872875297306141 56
1634389805180 0.8779494729984918 57
1634389845287 0.8741418421151329 58
1634389885293 0.883280593685453 59
1634389927160 0.8837584918481906 60
1634389967433 0.8838047702746711 61
1634390007575 0.8732358178181303 62
1634390047955 0.8682985181696924 63
1634390087987 0.8947474134144591 64
1634390127858 0.8745471225087376 65
1634390168136 0.9044047515788116 66
1634390208144 0.8873140967867711 67
1634390248101 0.8789058958582973 68
1634390288855 0.9075817419772926 69
1634390329188 0.864273666242695 70
1634390369018 0.9144536690280591 71
1634390409276 0.8946610272743084 72
1634390449320 0.887621582710658 73
1634390489459 0.9029541718414911 74
1634390529733 0.9027688765124117 75
1634390569617 0.8683688619888366 76
1634390610197 0.8785693132905321 77
1634390650427 0.9005808797521904 78
1634390690537 0.8970213163240137 79
1634390732946 0.8738551422292846 80
1634390773023 0.9106689551337409 81
1634390813331 0.8768445839518765 82
1634390853699 0.8767983458194405 83
1634390894109 0.8793449847846887 84
1634390934258 0.8840371698504499 85
1634390974448 0.892296867916307 86
1634391014898 0.8913969364432384 87
1634391055009 0.899864058322072 88
1634391095433 0.8918790584209012 89
1634391135892 0.8858314017471096 90
1634391175806 0.8954334004421309 91
1634391215854 0.8951230973749272 92
1634391256152 0.9107813441877574 93
1634391296455 0.8991430466114833 94
1634391336657 0.9018412823530975 95
1634391376980 0.8884383865391586 96
1634391417369 0.898252802447769 97
1634391457500 0.9117920591262475 98
1634391497796 0.8970359877523706 99
1634391540318 0.902340420845363 100
1634391580773 0.8751951735650542 101
1634391621156 0.8974116248200344 102
1634391661305 0.8966044977711661 103
1634391701443 0.8867476885960679 104
1634391741758 0.8967495121862812 105
1634391781946 0.9041299720542497 106
1634391822240 0.8863598675377893 107
1634391862660 0.9000457407683428 108
1634391903060 0.8914149271836616 109
1634391943392 0.891899679610821 110
1634391983906 0.8932601863279208 111
1634392024317 0.9080774975426109 112
1634392064686 0.8817138538146129 113
1634392104739 0.8949018576629655 114
1634392145083 0.9075964397733602 115
1634392185203 0.8991649534549359 116
1634392225667 0.898221649183692 117
1634392266111 0.902992473008657 118
1634392306446 0.8944192690570527 119
1634392348947 0.9111365219330093 120
1634392389216 0.9071266626619748 121
1634392429819 0.8968940322580363 122
1634392470027 0.894833731756289 123
1634392510549 0.8887485215801476 124
1634392551160 0.9127942907627039 125
1634392591804 0.8971506654436493 126
1634392632315 0.8832429511381531 127
1634392672644 0.8971720068365278 128
1634392713317 0.8826223233397141 129
1634392753631 0.8988216743772296 130
1634392794076 0.893169402822072 131
1634392834324 0.9121982940756859 132
1634392874812 0.906830576418912 133
1634392915176 0.8901027198529613 134
1634392955748 0.9173469876268527 135
1634392996131 0.9097701715775335 136
1634393036589 0.9089422876793887 137
1634393077141 0.8999083912739267 138
1634393117486 0.8943982832106719 139
1634393160228 0.897370910771536 140
1634393201050 0.891357453642983 141
1634393241650 0.9007707194092895 142
1634393282432 0.890180089644127 143
1634393322980 0.8996692297860452 144
1634393363474 0.8962262913931945 145
1634393404303 0.9054325076105519 146
1634393444799 0.8859853640327857 147
1634393485224 0.895950531847862 148
1634393525688 0.8951190480325545 149
1634393566571 0.9037713712924123 150
1634393607342 0.8901685602734543 151
1634393647614 0.9029065190360186 152
1634393688047 0.8963349809551556 153
1634393728483 0.9160079650961311 154
1634393768892 0.8988938776220929 155
1634393809310 0.8903732078855137 156
1634393849919 0.902907120185874 157
1634393890377 0.9047325523811692 158
1634393930844 0.894263172013538 159
1634393973668 0.9142712899366388 160
1634394014332 0.9041078811880537 161
1634394054852 0.893303260227019 162
1634394095603 0.8994934619282416 163
1634394136182 0.8832887644902172 164
1634394177918 0.9003257863491378 165
1634394218436 0.8959061239080591 166
1634394259239 0.8998628590745169 167
1634394299940 0.890579892813826 168
1634394340825 0.8847655644474309 169
1634394381231 0.9210299688887864 170
1634394421852 0.8889619877444442 171
1634394462343 0.9089730015502133 172
1634394502880 0.9115311365483387 173
1634394543461 0.9038300299567763 174
1634394584294 0.909315392119004 175
1634394625043 0.9134740229035763 176
1634394665948 0.8856995291233861 177
1634394707563 0.9044663743297859 178
1634394748379 0.8880793911132827 179
1634394792152 0.9004021119848149 180
1634394832997 0.9029701061565794 181
1634394874034 0.9169156942023818 182
1634394914793 0.9011329829480687 183
1634394955942 0.9020543269663541 184
1634394996994 0.8831232593574506 185
1634395038807 0.8902824015919968 186
1634395079760 0.9166192893826488 187
1634395120652 0.8975286947436147 188
1634395161467 0.8867844823738922 189
1634395202580 0.8788986915567886 190
1634395243353 0.9099534743643694 191
1634395283938 0.8907059728599563 192
1634395324851 0.9098704056699654 193
1634395365445 0.8993619605314518 194
1634395406183 0.9011162102584523 195
1634395447160 0.9073460154381643 196
1634395487747 0.891966244353232 197
1634395528662 0.9032969775099788 198
1634395569546 0.9062016108203744 199
1634395612748 0.90105810582685 200
1634395653882 0.903008974096495 201
1634395694769 0.8993107262746253 202
1634395735766 0.9034045803622002 203
1634395776894 0.9073110818584971 204
1634395817783 0.8943798197863412 205
1634395858755 0.9020083872370143 206
1634395899702 0.8908949239027356 207
1634395940410 0.8830650356672717 208
1634395981432 0.8882837688930425 209
1634396022453 0.8956210940366637 210
1634396064267 0.9117422467281108 211
1634396105136 0.8830956641546411 212
1634396145907 0.8924575333880119 213
1634396187023 0.8838262895455504 214
1634396228084 0.9024712359708971 215
1634396268878 0.9113692937899479 216
1634396309816 0.8980637852131741 217
1634396350888 0.9059809567868763 218
1634396391656 0.9014873210681158 219
1634396434934 0.8993460976718665 220
1634396475798 0.8885313619020576 221
1634396516893 0.8960766366814932 222
1634396558122 0.8888677499088309 223
1634396599029 0.9151209629427187 224
1634396640094 0.8992009300524932 225
1634396681343 0.8889543481265082 226
1634396722473 0.8938179785395789 227
1634396763481 0.8902914391930267 228
1634396804312 0.9069522321689285 229
1634396845102 0.8980199842358491 230
1634396886136 0.8950146250213245 231
1634396926976 0.892771670385585 232
1634396967947 0.9080635546103 233
1634397009174 0.8849259277073167 234
1634397050323 0.8973134817583892 235
1634397091399 0.884950868326684 236
1634397133623 0.8954661978760932 237
1634397174958 0.8848338891708366 238
1634397215795 0.9104577811302981 239
1634397259472 0.8811243296316077 240
1634397302140 0.8937868161687043 241
1634397343539 0.8937821934703384 242
1634397384484 0.9023177042765775 243
1634397425767 0.8978368958632464 244
1634397467055 0.8961810138434447 245
1634397508118 0.8977301923713816 246
1634397549689 0.8900172477985765 247
1634397590739 0.8842968723173231 248
1634397632262 0.9023850113997607 249
1634397673623 0.9019005535159317 250
1634397714540 0.9067025709578967 251
1634397755691 0.8834676753485675 252
1634397796632 0.9061331939279378 253
1634397837759 0.8838647255268595 254
1634397878652 0.8847673195125164 255
1634397919699 0.8876365572836119 256
1634397961052 0.8918611723837111 257
1634398002072 0.8958823739532608 258
1634398043046 0.8925781601942621 259
1634398086731 0.8892771352634774 260
1634398128119 0.9077176520680478 261
1634398169205 0.9005905816343582 262
1634398210650 0.9128992452848099 263
1634398251996 0.9002121691823102 264
1634398293375 0.9005828085925617 265
1634398334440 0.8695199510924718 266
1634398376072 0.8887579505273296 267
1634398417298 0.8961783030919644 268
1634398458657 0.9013126641118103 269
1634398500270 0.9003668018358055 270
1634398541472 0.89259008615489 271
1634398583012 0.9105763494715953 272
1634398624553 0.8902716057050515 273
1634398665599 0.8954124134205936 274
1634398706874 0.9014926349847029 275
1634398748102 0.8903816058329797 276
1634398789404 0.9060384421230157 277
1634398830927 0.8954399839126407 278
1634398872250 0.9051542900114339 279
1634398916120 0.8851713541511039 280
1634398957906 0.8969822841552161 281
1634398999330 0.8870530252402802 282
1634399040819 0.8865601052451391 283
1634399082583 0.8906115008783043 284
1634399124221 0.8876880289606354 285
1634399165741 0.9012807223623152 286
1634399207312 0.8989054258278503 287
1634399248654 0.8825216862487304 288
1634399290358 0.896429386202914 289
1634399331802 0.8989155557077055 290
1634399373568 0.8801538257133567 291
1634399414874 0.8887590183543017 292
1634399456566 0.9043069704870018 293
1634399498143 0.8981074666458789 294
1634399539558 0.8916869942947389 295
1634399581187 0.8944583721852364 296
1634399622772 0.8820270198773992 297
1634399664092 0.8956704362967278 298
1634399705795 0.8817654425570121 299
1634399749445 0.884671731212388 300
1634399791174 0.8936823913185533 301
1634399833144 0.8883592622317863 302
1634399874826 0.8984153370510066 303
1634399916480 0.8911751148252288 304
1634399958211 0.9027098282223723 305
1634399999976 0.8877127054179462 306
1634400041917 0.90288815756925 307
1634400083689 0.9005264940320379 308
1634400125516 0.8933683775995889 309
1634400167512 0.8830565578331783 310
1634400209108 0.8935656722923416 311
1634400250971 0.9043391863253427 312
1634400292756 0.8946720165481078 313
1634400334756 0.88136342154763 314
1634400376548 0.8919451136003793 315
1634400418283 0.8967512570686144 316
1634400460197 0.8829696406194527 317
1634400503650 0.8820698390972587 318
1634400545492 0.8927546073551959 319
1634400589364 0.8930724817598229 320
1634400631255 0.888214113852264 321
1634400674988 0.8875326396524269 322
1634400716911 0.903483186519432 323
1634400758941 0.905174212528679 324
1634400800725 0.9019579889012036 325
1634400842672 0.884858476970887 326
1634400884589 0.8769431886761064 327
1634400926556 0.8877304963190512 328
1634400968548 0.8893310099323679 329
1634401010194 0.8933769475825606 330
1634401051829 0.8905241192857687 331
1634401093642 0.8913568938429886 332
1634401135616 0.89969735481138 333
1634401177787 0.8930500078916304 334
1634401219917 0.89152551629028 335
1634401261875 0.8813696008036465 336
1634401303559 0.8909935713164856 337
1634401345575 0.9022843914366893 338
1634401387642 0.8901525434436889 339
1634401431528 0.8903188643683189 340
1634401473657 0.9044530776459961 341
1634401515969 0.8987277060068337 342
1634401557624 0.9001949275140342 343
1634401599660 0.8846748557989237 344
1634401641444 0.8903617733549606 345
1634401683504 0.8973773899661538 346
1634401725457 0.885758996079799 347
1634401767480 0.8935887265039335 348
1634401809851 0.8790905255308804 349
1634401851594 0.8988242773089348 350
1634401893557 0.8803223478187969 351
1634401935566 0.8915312140253184 352
1634401977475 0.887827129679302 353
1634402019449 0.8838787508865354 354
1634402061682 0.8747641678030169 355
1634402103878 0.8961807108935362 356
1634402145992 0.8811416744783409 357
1634402187851 0.8936775298531261 358
1634402229976 0.8668174527344393 359
1634402274198 0.899685976148695 360
1634402316247 0.8916141676576751 361
1634402358302 0.896281258240552 362
1634402400164 0.8960099703606855 363
1634402442151 0.8812615154937649 364
1634402484167 0.8810879430235725 365
1634402526076 0.8879483901540081 366
1634402568194 0.8883285448846077 367
1634402611834 0.8858606891078741 368
1634402653698 0.8667883543909065 369
1634402695553 0.893686073911652 370
1634402739613 0.8977175002796602 371
1634402781868 0.8914851429525313 372
1634402824085 0.8944088129196355 373
1634402868035 0.881602181123978 374
1634402910303 0.8923421021840764 375
1634402952433 0.8833492626555686 376
1634402994635 0.8873007103531672 377
1634403036544 0.8958700965251011 378
1634403078607 0.9008360831220957 379
1634403122659 0.894573746522701 380
1634403166699 0.8925962517470134 381
1634403208978 0.8881903628949129 382
1634403251289 0.8838328523488305 383
1634403293387 0.8897955552219158 384
1634403335709 0.8913008682722737 385
1634403378120 0.8927510236386489 386
1634403420346 0.883742281144213 387
1634403463086 0.8904808315503259 388
1634403505639 0.8935721716421162 389
1634403552024 0.8940236746582477 390
1634403595980 0.8877334982936855 391
1634403638034 0.886178843955525 392
1634403680431 0.8809192958905615 393
1634403722553 0.8880264703347368 394
1634403764810 0.9000491148745268 395
1634403807074 0.8983084826126085 396
1634403849431 0.8750202115111569 397
1634403891454 0.8858605888571858 398
1634403935907 0.8879582911912897 399
1634403980586 0.883930386032083 400
1634404023104 0.8926160900854812 401
1634404065259 0.9032869817892859 402
1634404107627 0.8781894135204849 403
1634404150174 0.8788430173358509 404
1634404192516 0.8856796098817813 405
1634404234804 0.8911306807757481 406
1634404276944 0.8801382071479895 407
1634404319420 0.8965289884630704 408
1634404361873 0.8733764708048075 409
1634404404403 0.8880329875885742 410
1634404446971 0.8823238755838996 411
1634404489442 0.8879147682770195 412
1634404532103 0.8852900949307699 413
1634404574635 0.8925200073622048 414
1634404617164 0.8882231060474376 415
1634404659792 0.8793554324468835 416
1634404701958 0.8852249231674972 417
1634404744601 0.889546962127355 418
1634404786983 0.8865774725408534 419
1634404831688 0.887980422323156 420
1634404873992 0.8673711387541145 421
1634404916784 0.8835220036844765 422
1634404959281 0.8887374387611686 423
1634405002039 0.8833727778378229 424
1634405044327 0.8711383705536351 425
1634405086933 0.8705606785837062 426
1634405129491 0.8846820872228512 427
1634405172123 0.8843703407360738 428
1634405214806 0.8886819049828983 429
1634405257422 0.8748314919517017 430
1634405300192 0.8954066214037425 431
1634405342882 0.8801684620155512 432
1634405385401 0.8911655851320774 433
1634405427920 0.8870398596840161 434
1634405470479 0.8884079556801339 435
1634405512658 0.8804391016839336 436
1634405555356 0.8807587986159323 437
1634405597879 0.8953050840621773 438
1634405640105 0.8819848877771015 439
1634405684956 0.8893659042458987 440
1634405727519 0.8965693779139668 441
1634405770054 0.8785686211517739 442
1634405812820 0.8851752218751266 443
1634405855278 0.8856660508516331 444
1634405897507 0.886862357156184 445
1634405940159 0.8872844592502789 446
1634405982592 0.869839665676661 447
1634406025325 0.8766375968945657 448
1634406068036 0.8786314694557646 449
1634406110641 0.8772193245139143 450
1634406157994 0.8799414472115569 451
1634406200692 0.874443499601195 452
1634406243349 0.8881400898334902 453
1634406286066 0.8777999666585461 454
1634406328716 0.8794987210146226 455
1634406371548 0.8776300244339137 456
1634406414211 0.8885689416294567 457
1634406456932 0.8784953983276306 458
1634406499394 0.8771378757723963 459
1634406544247 0.8818273207655908 460
1634406587042 0.8685392921017413 461
1634406629901 0.8825252805760726 462
1634406672719 0.8834906479181407 463
1634406715948 0.878101116296825 464
1634406758989 0.8899590272775976 465
1634406802583 0.879521595486211 466
1634406845852 0.8751640178043482 467
1634406888493 0.8741643308641668 468
1634406931382 0.8881447678029497 469
1634406974268 0.8779338644420304 470
1634407017242 0.8842038536750375 471
1634407060035 0.8832922343342122 472
1634407103118 0.8849475620436772 473
1634407145886 0.888279790376595 474
1634407188728 0.8919433607028483 475
1634407231667 0.8642493646779325 476
1634407274559 0.8891954558548434 477
1634407317264 0.8754475394750343 478
1634407360156 0.8884079493903323 479
1634407405478 0.8890200815389656 480
1634407448411 0.8927319373894512 481
1634407491197 0.8730250140764465 482
1634407534304 0.8801951521734566 483
1634407577323 0.8853574743636284 484
1634407622511 0.8763293797929714 485
1634407665356 0.8867704898705412 486
1634407710555 0.8828521421431381 487
1634407753798 0.883020060183162 488
1634407797427 0.8749791828554256 489
1634407840927 0.88781372394486 490
1634407884477 0.8772348965266216 491
1634407928063 0.88066304296683 492
1634407971109 0.8777595953327513 493
1634408014113 0.8758978406160972 494
1634408056879 0.8898816536377572 495
1634408099803 0.8707151607885725 496
1634408147808 0.8823890952449206 497
1634408190464 0.8703893872056176 498
1634408233472 0.8642181631963303 499
1634408278165 0.8701485844450729 500
1634408321083 0.8791444297321764 501
1634408363938 0.8752139623115339 502
1634408406998 0.8794494254375445 503
1634408450008 0.8700696416253032 504
1634408493221 0.877680408456866 505
1634408536139 0.8927360770329266 506
1634408578903 0.8663586808486048 507
1634408622052 0.8745783908318399 508
1634408665129 0.8864383152504587 509
1634408708314 0.8838431105018364 510
1634408751452 0.8817586596184407 511
1634408794426 0.8672311755470639 512
1634408836924 0.876421481626164 513
1634408879876 0.8731963885616812 514
1634408922661 0.8798885768920193 515
1634408965693 0.8781347426664792 516
1634409008364 0.8650976935623973 517
1634409051565 0.8844814261821661 518
1634409094291 0.881223359370015 519
1634409139588 0.8659817748750173 520
1634409182726 0.8803005686746331 521
1634409225640 0.8737103143906427 522
1634409268776 0.8895935362840794 523
1634409311614 0.8834465027917093 524
1634409354613 0.8722637413676037 525
1634409397601 0.8788046404389545 526
1634409440858 0.8736300277393417 527
1634409483836 0.8607096670022394 528
1634409527001 0.8814715073966377 529
1634409570238 0.8635594105771895 530
1634409613371 0.8808053472511064 531
1634409656400 0.8817473112117712 532
1634409699565 0.8828617371691546 533
1634409744358 0.8754220707005363 534
1634409787704 0.8748460958142927 535
1634409830671 0.8846238666327426 536
1634409873763 0.8776926814843077 537
1634409923936 0.8755711219566683 538
1634409966774 0.8755709994851145 539
1634410012036 0.8960114655396997 540
1634410055388 0.8706515948892991 541
1634410098392 0.876823742045064 542
1634410141498 0.8758604947474908 543
1634410184927 0.8823830973309522 544
1634410227957 0.8904882803214774 545
1634410271363 0.8795068383013492 546
1634410316811 0.8835655536390473 547
1634410359931 0.8887314373458125 548
1634410403348 0.876588510301263 549
1634410446606 0.8830898617976066 550
1634410489867 0.8787615722990819 551
1634410533268 0.8799610142720897 552
1634410576463 0.8857474277086885 553
1634410619416 0.8844364889464795 554
1634410662747 0.8890173107127128 555
1634410705883 0.8787402653414241 556
1634410749125 0.8619389274637528 557
1634410792335 0.8898976893088042 558
1634410835517 0.881637928802735 559
1634410881149 0.8769202376906368 560
1634410927582 0.8752918322821975 561
1634410970603 0.883408771977538 562
1634411014304 0.8933869529510874 563
1634411057718 0.8962619265635676 564
1634411100856 0.8909795668909709 565
1634411144349 0.8767654245780399 566
1634411187459 0.8868835113091376 567
1634411230757 0.8847212490778473 568
1634411274251 0.8872169027085189 569
1634411317670 0.8818475569620122 570
1634411361008 0.8794631907269838 571
1634411404331 0.8748552132623598 572
1634411447823 0.8745652276518764 573
1634411491250 0.8867549409492023 574
1634411534394 0.8934057247424149 575
1634411577430 0.8779224863778723 576
1634411620272 0.8962021980858219 577
1634411663599 0.8853055926565002 578
1634411706787 0.8721716435722953 579
1634411752172 0.8790788774088696 580
1634411798622 0.9012373079969911 581
1634411842622 0.867132536558882 582
1634411886319 0.8807674560113995 583
1634411929893 0.8758020641450677 584
1634411973492 0.88222083197529 585
1634412016985 0.892481866932088 586
1634412060373 0.8824081397741257 587
1634412108239 0.8860012289313903 588
1634412151477 0.8641039629509081 589
1634412194787 0.8805591925901627 590
1634412238434 0.8788021674245284 591
1634412281809 0.8934663564668398 592
1634412325247 0.8611645722175715 593
1634412369106 0.8836633558878078 594
1634412412613 0.8850700020280664 595
1634412456210 0.8794201357279491 596
1634412499923 0.885494519732181 597
1634412543495 0.8822258866411602 598
1634412586938 0.8778444224555476 599
1634412632654 0.883025190385489 600
1634412676604 0.8821520272488144 601
1634412719998 0.8750606350908247 602
1634412763832 0.8760417825374486 603
1634412807790 0.876669276069714 604
1634412851704 0.8793999497301362 605
1634412895354 0.8843198255818501 606
1634412939159 0.8867698420892846 607
1634412982942 0.8862910712415782 608
1634413026406 0.8871235827305048 609
1634413069916 0.8714229052717666 610
1634413113360 0.8811954656584347 611
1634413156679 0.8726404081118057 612
1634413200201 0.8791402222878824 613
1634413243795 0.8738052643799463 614
1634413287430 0.8730540707892019 615
1634413330892 0.8727687354228155 616
1634413374518 0.87783224160744 617
1634413418128 0.8783445088422925 618
1634413461548 0.8853482037110354 619
1634413507430 0.8839938886461315 620
1634413551125 0.8825134972707965 621
1634413594912 0.886165235230554 622
1634413638830 0.8697112526581634 623
1634413682427 0.8742649937335258 624
1634413726480 0.8904602564291345 625
1634413770249 0.8689781205012659 626
1634413814364 0.8820981957043594 627
1634413858130 0.874861186056068 628
1634413902144 0.8773932253365573 629
1634413945779 0.8806816585007821 630
1634413989488 0.8785625298129657 631
1634414033161 0.899945758477354 632
1634414076926 0.877956001605252 633
1634414120879 0.8860719643319933 634
1634414165015 0.8706644423597497 635
1634414214443 0.8797282623680279 636
1634414258396 0.8755300735376261 637
1634414302641 0.8839222640672441 638
1634414346511 0.8780656416246854 639
1634414392694 0.875081888019221 640
1634414437655 0.8796603315946677 641
1634414482052 0.8827378821705301 642
1634414525827 0.8847831497528983 643
1634414569938 0.8830738264035878 644
1634414620763 0.8813928504926355 645
1634414664823 0.880993620933135 646
1634414708792 0.8693778827924102 647
1634414752638 0.8796297830407532 648
1634414797132 0.8732657175531887 649
1634414840941 0.8722455313562295 650
1634414885052 0.8789311954746785 651
1634414928912 0.8835284670095672 652
1634414972925 0.8724149168534285 653
1634415016987 0.876955030437717 654
1634415060901 0.8866435534627771 655
1634415104454 0.8783316438282498 656
1634415148139 0.8710742728336232 657
1634415192062 0.8760657235922514 658
1634415235714 0.8884205946398575 659
1634415282108 0.8728027324750187 660
1634415327033 0.8828430391292977 661
1634415371069 0.883710376093625 662
1634415414870 0.86214539924484 663
1634415458998 0.8500332109279763 664
1634415502862 0.8702913149074059 665
1634415547031 0.8879642209811667 666
1634415590875 0.8833289489260743 667
1634415634965 0.872421999911887 668
1634415678958 0.8758669712076852 669
1634415722811 0.8750820595832706 670
1634415766767 0.873742168017881 671
1634415810668 0.8796409868753331 672
1634415854934 0.8702938984625084 673
1634415899136 0.8771394878232464 674
1634415943281 0.8855005684854375 675
1634415987097 0.8673642912979141 676
1634416031024 0.8661351205320723 677
1634416075188 0.8684236958401076 678
1634416118948 0.8674473183710688 679
1634416165043 0.8614393516638004 680
1634416209660 0.874180313445211 681
1634416253870 0.867031980687803 682
1634416298228 0.8788870935129757 683
1634416342145 0.8676315882777189 684
1634416386301 0.8790957001509241 685
1634416430568 0.8665240915448671 686
1634416475069 0.8782752505959546 687
1634416519204 0.8843550335058665 688
1634416563188 0.8785805805871657 689
1634416607380 0.8740344798395302 690
1634416651877 0.8824719246854406 691
1634416696196 0.8756153574632348 692
1634416740310 0.8680601069089405 693
1634416784597 0.8712866794362084 694
1634416828591 0.8813741999747591 695
1634416872688 0.8782749873976722 696
1634416916908 0.8645667500034793 697
1634416961048 0.8715697501140656 698
1634417005419 0.8687431771991965 699
1634417052028 0.8736124593605606 700
1634417096977 0.8605399910357004 701
1634417141618 0.8749088872246863 702
1634417186087 0.8706502444006537 703
1634417230551 0.8779076480689105 704
1634417275092 0.871056900169218 705
1634417319498 0.8767126458897664 706
1634417363553 0.8733565766218138 707
1634417408139 0.8126822414121133 708
1634417452426 0.870703397387005 709
1634417496606 0.8745817057310135 710
1634417541066 0.8764160581706624 711
1634417585104 0.8726129732337203 712
1634417629672 0.8739448153979698 713
1634417674263 0.8755863956512664 714
1634417718623 0.8767864524454086 715
1634417763192 0.8785087750532972 716
1634417807883 0.8714954844780552 717
1634417852222 0.8764890209068724 718
1634417896421 0.8793192183703588 719
1634417942713 0.8759872912438706 720
1634417988144 0.8693221229370076 721
1634418032706 0.876442476141245 722
1634418077372 0.8790445221737432 723
1634418121687 0.8743017205901257 724
1634418166062 0.8711216103042034 725
1634418210917 0.8625455241399018 726
1634418255455 0.8879237522154888 727
1634418299954 0.8713556470615312 728
1634418344303 0.8717374215545363 729
1634418388660 0.8628998152811588 730
1634418433151 0.8738228226152884 731
1634418477622 0.8666760501482764 732
1634418522379 0.866886327355624 733
1634418566685 0.8728391149837031 734
1634418611273 0.8807256227786121 735
1634418655481 0.8693614154891302 736
1634418699768 0.8914079983179798 737
1634418744079 0.8378560314259628 738
1634418788691 0.8858917572191547 739
1634418835358 0.8711644657518718 740
1634418880172 0.8739594985491269 741
1634418925232 0.8857415686898795 742
1634418970028 0.8764553034387227 743
1634419014684 0.8732487180314312 744
1634419059196 0.8778927211277007 745
1634419104218 0.8770798659687185 746
1634419148873 0.8756379140648056 747
1634419193417 0.8751382806183142 748
1634419238124 0.874417475939257 749
1634419282552 0.8722893740878294 750
1634419327135 0.8800871596593051 751
1634419371655 0.8687088822891659 752
1634419416232 0.8696399579520032 753
1634419460538 0.8755952209575727 754
1634419505317 0.8791902993212685 755
1634419550103 0.884683733772318 756
1634419594418 0.8821153647101199 757
1634419638951 0.8846175019727169 758
1634419683730 0.876312734129508 759
1634419730633 0.8840213903533134 760
1634419775828 0.8713052133120753 761
1634419820788 0.8549601603515464 762
1634419865887 0.8778634441302912 763
1634419911155 0.8692029713560518 764
1634419955952 0.866496161598519 765
1634420000995 0.8740201178677452 766
1634420045881 0.8754515449973209 767
1634420091177 0.8713067004605989 768
1634420136187 0.8705272899227592 769
1634420181367 0.873795348515165 770
1634420226315 0.8759442648690109 771
1634420271132 0.8737143459395407 772
1634420316138 0.8682229662289135 773
1634420360860 0.8623594648991205 774
1634420405899 0.8795657912328663 775
1634420450985 0.8573165474257209 776
1634420495842 0.8734619204414306 777
1634420540942 0.8718192397465413 778
1634420585963 0.8621723009267572 779
1634420632672 0.8664238678623656 780
1634420678721 0.8788277118957084 781
1634420723851 0.8571840839159661 782
1634420768749 0.8692436878042161 783
1634420813771 0.8678432076384982 784
1634420858679 0.8744207394645346 785
1634420903649 0.8771226760068871 786
1634420948618 0.8769318993584844 787
1634420993730 0.8788102804068862 788
1634421038675 0.8738619920325807 789
1634421083417 0.8754877075056338 790
1634421128205 0.8830259425978304 791
1634421173126 0.8824584798118402 792
1634421218211 0.8722530153297885 793
1634421262876 0.8782440831092626 794
1634421307905 0.866797700270956 795
1634421353167 0.8717309624839689 796
1634421398055 0.8675525188635506 797
1634421442624 0.8739130809484397 798
1634421487318 0.8746852295668599 799
1634421534524 0.8693522044984816 800
1634421579884 0.8622963992085577 801
1634421625157 0.8781058228429603 802
1634421670026 0.8770053607019139 803
1634421715147 0.8744260160232102 804
1634421759973 0.8752185280436509 805
1634421804571 0.8552948857886471 806
1634421849837 0.8727771713967729 807
1634421894906 0.8702202817204727 808
1634421939821 0.8790195659574843 809
1634421984430 0.8810207695513026 810
1634422029503 0.8612985038867257 811
1634422074365 0.8723894286774887 812
1634422119393 0.8730112698831073 813
1634422164182 0.8835661830768222 814
1634422209096 0.8858998936524581 815
1634422253972 0.8766451321682848 816
1634422298796 0.8652378662442533 817
1634422343730 0.8627322040369165 818
1634422388748 0.8748999653889669 819
1634422435871 0.8669722265893253 820
1634422481851 0.8653874831447124 821
1634422527211 0.8732373714328215 822
1634422572137 0.8781474406013604 823
1634422617157 0.8699403710530188 824
1634422662090 0.8894414523554918 825
1634422707070 0.868353452774507 826
1634422752282 0.8685006730588816 827
1634422797371 0.876489737293133 828
1634422842493 0.8782315631289924 829
1634422887565 0.8748710685195528 830
1634422932930 0.8697787060669779 831
1634422978094 0.8604588482726921 832
1634423023349 0.8674088018521425 833
1634423068287 0.8750678222943914 834
1634423113414 0.8689209208949155 835
1634423158604 0.8680841816285281 836
1634423203638 0.8771146896956316 837
1634423248912 0.8683042957486861 838
1634423294203 0.8735559769538456 839
1634423341291 0.8573623149778823 840
1634423386610 0.8759617265380338 841
1634423431470 0.8661367229835351 842
1634423476684 0.8786903036447646 843
1634423521765 0.8757679695872389 844
1634423567191 0.8865431832050757 845
1634423612150 0.8792643594219879 846
1634423657656 0.8638475115564423 847
1634423702871 0.8744379790468598 848
1634423747772 0.8778000669131191 849
1634423793195 0.8771397355849209 850
1634423838118 0.8786239034634792 851
1634423883345 0.875105170278634 852
1634423928458 0.8798448867102502 853
1634423973504 0.883788504044975 854
1634424018799 0.879305269726552 855
1634424064243 0.8771242843860773 856
1634424109180 0.8769810416443673 857
1634424154139 0.8811528588054084 858
1634424199388 0.8797652702374293 859
1634424247200 0.874582531181967 860
1634424292615 0.8723868045453361 861
1634424337849 0.8740194706364545 862
1634424383155 0.8766974974354915 863
1634424428654 0.8679046297350448 864
1634424473847 0.8712708614576595 865
1634424519132 0.8745770268621658 866
1634424564502 0.87673402025169 867
1634424609792 0.8672392871139505 868
1634424655204 0.869184731544494 869
1634424700545 0.8716657599103266 870
1634424745776 0.8624827933185515 871
1634424790882 0.880424825214543 872
1634424835712 0.8514511586727523 873
1634424881152 0.8753279172762521 874
1634424926087 0.8693557120441046 875
1634424980125 0.8721244324968754 876
1634425025531 0.8706636584419567 877
1634425073585 0.8741980973599215 878
1634425118877 0.8710216249421479 879
1634425173973 0.8746066141300213 880
1634425219710 0.8719942874200106 881
1634425265515 0.8785296887345518 882
1634425310955 0.8743783484756504 883
1634425356556 0.8804030441679942 884
1634425401877 0.883921806064392 885
1634425447217 0.8945849108690827 886
1634425492398 0.8711444292365311 887
1634425537564 0.8718170411392324 888
1634425583057 0.8827651628370531 889
1634425628574 0.8782171391691966 890
1634425674128 0.8791555592247772 891
1634425719444 0.8731915469934003 892
1634425764859 0.8716225637796872 893
1634425810074 0.87696097209331 894
1634425860035 0.8707740652866494 895
1634425905386 0.875326944643155 896
1634425951027 0.8763164505274116 897
1634425996654 0.8827612478612019 898
1634426042138 0.8729260038189451 899
1634426090031 0.8894581730732098 900
1634426135457 0.8754024520954493 901
1634426181379 0.872866659852253 902
1634426226845 0.8645327492815921 903
1634426272543 0.8762312576051385 904
1634426318095 0.8727191255587887 905
1634426363551 0.872741477093848 906
1634426409352 0.8831425989208895 907
1634426455078 0.8810695291151229 908
1634426500692 0.8737569587641697 909
1634426546463 0.8859292146283216 910
1634426592366 0.8881788541282926 911
1634426638006 0.8797407483861113 912
1634426683416 0.8855173327447402 913
1634426732609 0.8645073572907426 914
1634426778036 0.882291325468123 915
1634426825997 0.8869530472506681 916
1634426871789 0.8901371378515381 917
1634426917667 0.870209159386184 918
1634426963074 0.877321777162845 919
1634427010994 0.879465030010258 920
1634427057558 0.8769583094630318 921
1634427103581 0.8593314303427184 922
1634427149435 0.8740036603803645 923
1634427195355 0.8780164856385642 924
1634427240828 0.8778753914613243 925
1634427286885 0.8722204431693552 926
1634427332613 0.8768059124055941 927
1634427378001 0.8790208689083875 928
1634427423590 0.8833354109243075 929
1634427469025 0.8723709896228697 930
1634427514714 0.8729683511865918 931
1634427560822 0.8696439801256054 932
1634427606560 0.8823283444417963 933
1634427652303 0.866002379061394 934
1634427698410 0.867632022023987 935
1634427744442 0.8695238936883638 936
1634427790270 0.8764698743859088 937
1634427835834 0.8759311136841899 938
1634427881716 0.8675076835539435 939
1634427929664 0.8678750338619033 940
1634427983140 0.8744440198191922 941
1634428028895 0.8740217323793825 942
1634428074471 0.8726262059507658 943
1634428120307 0.8752327611832514 944
1634428166242 0.8708135491625458 945
1634428211916 0.8724946948447699 946
1634428264345 0.8628447716075887 947
1634428316363 0.8902292937086004 948
1634428362361 0.882328045259217 949
1634428408086 0.8726310208468797 950
1634428454501 0.8959356673451313 951
1634428500310 0.88056840644245 952
1634428546791 0.8644961864239069 953
1634428592651 0.8739444354920216 954
1634428638737 0.8710547141539603 955
1634428685185 0.8778818536082207 956
1634428730970 0.8771375826657483 957
1634428777063 0.8757961447739073 958
1634428823186 0.8675931292169484 959
1634428871208 0.8596234912510952 960
1634428918041 0.8701876267770764 961
1634428964499 0.8606981311666522 962
1634429010595 0.8613938878782755 963
1634429056758 0.8682881823102595 964
1634429108883 0.8783771250152609 965
1634429155238 0.8649046163088618 966
1634429201379 0.8782733651173307 967
1634429247632 0.872950127046415 968
1634429293824 0.8666177665544587 969
1634429340047 0.870924174090425 970
1634429386111 0.8701260479191282 971
1634429432243 0.8684826270850884 972
1634429478425 0.8744060797048206 973
1634429524722 0.876713980163911 974
1634429570953 0.8829851879974256 975
1634429617421 0.8733500567352078 976
1634429663508 0.8792719686946515 977
1634429709764 0.8843001822956825 978
1634429756013 0.8758333930114136 979
1634429804214 0.8716357332529975 980
1634429850419 0.8749107824898593 981
1634429896958 0.8686397835228923 982
1634429942857 0.8768307001610749 983
1634429988736 0.8847459947087016 984
1634430035140 0.8741390973899386 985
1634430081122 0.8777955202358766 986
1634430127795 0.8795394535451649 987
1634430174056 0.8564046620468513 988
1634430220528 0.8827381434573317 989
1634430266974 0.8762351741063253 990
1634430313279 0.8677592864220993 991
1634430359405 0.8776732172291779 992
1634430405747 0.8748041135577509 993
1634430452452 0.8852953889168095 994
1634430498964 0.8747249722934296 995
1634430545291 0.8784628910192369 996
1634430591527 0.8652802209446098 997
1634430638382 0.873683861933064 998
1634430684609 0.8742720724562293 999
1634430733665 0.8686080759063731 1000
1634430780376 0.8720524814637278 1001
1634430826627 0.8734440614955571 1002
1634430872904 0.8782548812455431 1003
1634430918827 0.8798087326123547 1004
1634430965021 0.8658077061733002 1005
1634431011328 0.8676370217447362 1006
1634431057666 0.868137712413374 1007
1634431103885 0.8786530857964011 1008
1634431150030 0.8772069610109221 1009
1634431196819 0.8726639798956873 1010
1634431242908 0.8748611434184846 1011
1634431289103 0.875476481942415 1012
1634431335163 0.875228406836535 1013
1634431382170 0.8747540619468341 1014
1634431428615 0.8638381641278007 1015
1634431475092 0.8774481058736423 1016
1634431526154 0.8790712203989577 1017
1634431572152 0.870205839232661 1018
1634431618761 0.8803873465617894 1019
1634431667035 0.8782410378227047 1020
1634431713892 0.8754954835706069 1021
1634431760595 0.8780512465250558 1022
1634431807060 0.8824364035609585 1023
1634431853634 0.8794947756535382 1024
1634431900387 0.8808519536302336 1025
1634431946533 0.8785343077608724 1026
1634431993440 0.8834776315355138 1027
1634432039922 0.8797156388677252 1028
1634432086474 0.8780233972410221 1029
1634432132943 0.8811161868240208 1030
1634432179287 0.8733421751743097 1031
1634432225823 0.8624337176420909 1032
1634432272075 0.8727706681758337 1033
1634432318460 0.8741849695693743 1034
1634432364881 0.8721557665421245 1035
1634432411355 0.8777722862647821 1036
1634432458200 0.8689499702356898 1037
1634432504901 0.8792406052092799 1038
1634432551942 0.8772691328608189 1039
1634432600933 0.8797426825404097 1040
1634432648507 0.8796133634222896 1041
1634432695446 0.879947913810768 1042
1634432742389 0.8722269957831246 1043
1634432788984 0.8762145971207547 1044
1634432835502 0.885994857444712 1045
1634432882457 0.8737287670629424 1046
1634432929625 0.8759154658077842 1047
1634432976504 0.8748328494184662 1048
1634433023372 0.875275203965339 1049
1634433074480 0.8754335655073266 1050
1634433126293 0.8716312614635419 1051
1634433172592 0.8598171675671796 1052
1634433219710 0.8660873726295328 1053
1634433266240 0.8730639622014539 1054
1634433313015 0.8715181245668162 1055
1634433359565 0.874128416228009 1056
1634433406493 0.882764152196802 1057
1634433453355 0.8764869623275459 1058
1634433499810 0.872986081369395 1059
1634433548621 0.877800378326246 1060
1634433596945 0.872665959312646 1061
1634433644038 0.8665899021924085 1062
1634433692584 0.8743969076587079 1063
1634433739494 0.875143517577705 1064
1634433786264 0.871217887789378 1065
1634433832672 0.8665864083286695 1066
1634433879865 0.8770310737344031 1067
1634433926449 0.872278025008065 1068
1634433973722 0.8679850491969878 1069
1634434020279 0.8721019865396434 1070
1634434067213 0.8757503030238791 1071
1634434114193 0.8571007782472916 1072
1634434162789 0.8752007119961732 1073
1634434209452 0.8740209299379527 1074
1634434256037 0.8752305979192403 1075
1634434303145 0.8741868808128612 1076
1634434349921 0.8687791154267908 1077
1634434396876 0.8718344421053159 1078
1634434446246 0.874394457341046 1079
1634434495635 0.8785895398300875 1080
1634434542881 0.875984563584397 1081
1634434589884 0.8809662978536305 1082
1634434638353 0.8690438557039909 1083
1634434685299 0.8758799811856409 1084
1634434732380 0.8727138298006668 1085
1634434778892 0.8775999731178338 1086
1634434827656 0.8799900410626358 1087
1634434874571 0.8653593767325455 1088
1634434922489 0.8675905825724793 1089
1634434969015 0.8783421614152175 1090
1634435016066 0.8721418826437503 1091
1634435062571 0.8743474137343753 1092
1634435112493 0.861455104619483 1093
1634435159079 0.8661128875662346 1094
1634435206829 0.8715368535948219 1095
1634435253783 0.8688916750827694 1096
1634435300394 0.869225352995658 1097
1634435347392 0.873827854530878 1098
1634435393779 0.8688076773601662 1099
1634435443017 0.8659918669693383 1100
1634435491896 0.8673539891979164 1101
1634435538965 0.8668987360271447 1102
1634435589175 0.871459460894391 1103
1634435636252 0.8793894875339603 1104
1634435683605 0.8624583510745992 1105
1634435730313 0.8672965105780327 1106
1634435780101 0.8662288509702961 1107
1634435827061 0.8750384111909824 1108
1634435880271 0.8687433375370304 1109
1634435928081 0.8649711898896438 1110
1634435978204 0.8668167957747471 1111
1634436025128 0.8769842173781695 1112
1634436074722 0.8789141893032899 1113
1634436121936 0.8729028671152284 1114
1634436171410 0.8770339951140798 1115
1634436218555 0.876134765674965 1116
1634436267380 0.8697909332682695 1117
1634436314846 0.8526298439325484 1118
1634436364225 0.875710008590985 1119
1634436413519 0.8603033977599412 1120
1634436462278 0.8757184051984503 1121
1634436510036 0.8757824754847988 1122
1634436558639 0.8609943780020637 1123
1634436605728 0.8554583394548787 1124
1634436654756 0.8723917559777742 1125
1634436701635 0.8725500890736981 1126
1634436751054 0.8716778025686631 1127
1634436798214 0.872808793022664 1128
1634436848716 0.8745861656568727 1129
1634436896044 0.8749935687160542 1130
1634436945271 0.8736993860446814 1131
1634436992080 0.8534301048097171 1132
1634437042904 0.8658815312540205 1133
1634437089743 0.8710304101752461 1134
1634437140715 0.8725460278949054 1135
1634437188131 0.8736719193147784 1136
1634437237332 0.8758570317934249 1137
1634437284616 0.8778462576982982 1138
1634437335411 0.8696336867090275 1139
1634437384920 0.8722543611149711 1140
1634437434858 0.8796664482681509 1141
1634437482356 0.8685055457236172 1142
1634437534269 0.8650062676817436 1143
1634437581901 0.8758232243432039 1144
1634437632061 0.8809367388150765 1145
1634437679022 0.8627750935847618 1146
1634437730747 0.8633867029278482 1147
1634437778134 0.8725136700543102 1148
1634437828695 0.8706982733093145 1149
1634437876383 0.8659924150871047 1150
1634437928266 0.8911057969435412 1151
1634437975395 0.8806083038300944 1152
1634438025291 0.8814178234300695 1153
1634438072672 0.8694174527326379 1154
1634438125263 0.880159370093069 1155
1634438172472 0.8713366295618608 1156
1634438221955 0.8670844416065697 1157
1634438269096 0.8784785793128898 1158
1634438320654 0.8794004182161942 1159
1634438370116 0.8751844081372542 1160
1634438420552 0.8737937100049118 1161
1634438468247 0.873297475557321 1162
1634438519363 0.8743060588789484 1163
1634438567082 0.8674280088113673 1164
1634438617634 0.8779991974205137 1165
1634438664886 0.8729539382964817 1166
1634438716620 0.8709113004765023 1167
1634438764228 0.8730130551944282 1168
1634438816392 0.874203688577206 1169
1634438863962 0.8841814247339446 1170
1634438915601 0.872079154768864 1171
1634438963305 0.8790020347553087 1172
1634439015004 0.8719249052401196 1173
1634439062689 0.8723106067863011 1174
1634439113131 0.8697121472105656 1175
1634439160866 0.8568486044472882 1176
1634439212118 0.8526070895211294 1177
1634439259684 0.8785283315207191 1178
1634439311172 0.8713493442627338 1179
1634439361001 0.8733947644131803 1180
1634439412201 0.8693383015473226 1181
1634439459641 0.8687725631862611 1182
1634439510919 0.8711190580867276 1183
1634439558550 0.8724365040453043 1184
1634439609563 0.8753370622748449 1185
1634439657204 0.8746655109857727 1186
1634439708361 0.8716981958978581 1187
1634439755803 0.882303817093412 1188
1634439807660 0.8786373571351171 1189
1634439855067 0.8760193362953465 1190
1634439905514 0.8840649118790634 1191
1634439952818 0.8833652110318825 1192
1634440003784 0.8743301442373845 1193
1634440051275 0.8723745830729421 1194
1634440102860 0.8807176948948795 1195
1634440150568 0.8765315545400045 1196
1634440202819 0.8780758727362158 1197
1634440250687 0.8721475980901172 1198
1634440301701 0.8764439781487225 1199
1634440351721 0.8727323212073541 1200
1634440404699 0.868722826964463 1201
1634440452764 0.8712029228307935 1202
1634440500077 0.8647178839618642 1203
1634440547639 0.8724670829247069 1204
1634440599910 0.8769278096369731 1205
1634440647666 0.868250139173311 1206
1634440700212 0.8803454827729921 1207
1634440748100 0.876386195376893 1208
1634440795700 0.8573381618538201 1209
1634440843363 0.8731805203076414 1210
1634440891102 0.8794130954269993 1211
1634440939140 0.8769313462408604 1212
1634440987124 0.8762384779652169 1213
1634441034740 0.8847999001026683 1214
1634441087714 0.8693054616172899 1215
1634441135109 0.8772908655278122 1216
1634441182999 0.8804125148069306 1217
1634441230692 0.8808659086626599 1218
1634441278523 0.8797984899642919 1219
1634441328446 0.8852068503466853 1220
1634441381460 0.8808987915903443 1221
1634441429413 0.8744718235748248 1222
1634441482397 0.8761464864014681 1223
1634441530583 0.8782785017331767 1224
1634441578141 0.8824774291238974 1225
1634441625748 0.8715234918600956 1226
1634441673801 0.8783832169880722 1227
1634441721681 0.8739318904318156 1228
1634441769652 0.881232588554031 1229
1634441817414 0.8686640148730915 1230
1634441866913 0.8785997146095232 1231
1634441914770 0.8616688377258955 1232
1634441962400 0.8796660724631243 1233
1634442010386 0.8805934374047866 1234
1634442063632 0.8725703113980324 1235
1634442111423 0.8805358961074391 1236
1634442159454 0.8788811871661772 1237
1634442207775 0.8761122039835884 1238
1634442255678 0.8804698003385851 1239
1634442305764 0.8724404319722082 1240
1634442354648 0.8817527563092591 1241
1634442403232 0.8759485854747336 1242
1634442456993 0.8795464140802962 1243
1634442505187 0.8756978946798201 1244
1634442558171 0.879062542249239 1245
1634442606420 0.8742965953726124 1246
1634442659481 0.8847533536638893 1247
1634442707286 0.8836412892386812 1248
1634442755385 0.8734708584451403 1249
1634442803152 0.8856459336640559 1250
1634442851330 0.8816929968057028 1251
1634442899175 0.8717293951022996 1252
1634442947253 0.8731360068319357 1253
1634442995472 0.8875374584595488 1254
1634443043713 0.8735453720923994 1255
1634443091746 0.8700449838087917 1256
1634443139134 0.8812291646788801 1257
1634443187944 0.8734497597693505 1258
1634443238758 0.879780293526141 1259
1634443289151 0.8760955238918848 1260
1634443338021 0.8769644250096913 1261
1634443386012 0.8797169722342656 1262
1634443434028 0.8836847624498609 1263
1634443482391 0.8765754034065358 1264
1634443531107 0.9024426964872007 1265
1634443580073 0.8613595949329508 1266
1634443628424 0.8808200368987675 1267
1634443677832 0.880878368336972 1268
1634443727389 0.8739162090861288 1269
1634443776487 0.8815950190215222 1270
1634443825091 0.8830753394015909 1271
1634443874327 0.8664419742268918 1272
1634443922807 0.8698453825645005 1273
1634443971790 0.8803862307414935 1274
1634444019758 0.8690528812411102 1275
1634444068750 0.8771607632026229 1276
1634444117566 0.8779369004924 1277
1634444166458 0.8818131521160255 1278
1634444216477 0.8813937996512378 1279
