1634387547427 0.7379036391794722 1
1634387588667 0.8270436205075407 2
1634387630139 0.8468866525780644 3
1634387671534 0.8755115445789855 4
1634387711874 0.8731933678068928 5
1634387752599 0.847364237246407 6
1634387793153 0.8826861644973206 7
1634387833835 0.889011291633552 8
1634387874636 0.8562066643173109 9
1634388036782 0.8954132131941165 13
1634388117433 0.8819714214045311 15
1634388362710 0.8980492329242449 21
1634388444219 0.9016623546107664 23
1634388484150 0.9166419384409782 24
1634388723069 0.9155274083668639 30
1634388882569 0.9193275715330959 34
1634389082013 0.9060732329727323 39
1634389765034 0.925342594365201 56
1634389805420 0.9282870625586311 57
1634390007849 0.9254029385239639 62
1634390248378 0.9275746272777033 68
1634390569896 0.9233462637659587 76
1634394136664 0.9305998972175458 164
1634394666427 0.9322951825504668 177
1634394748852 0.9333429567661214 179
1634394997529 0.9320318170956887 185
1634396023016 0.9375259077668917 210
1634397092016 0.9330287075359632 236
1634397260122 0.9311601118239645 240
1634400461045 0.9326147113230148 317
1634400632161 0.9340252169603971 321
1634402569145 0.9344063268811452 367
1634402825007 0.9361119681232936 373
1634403123682 0.93691026835809 380
1634403552974 0.9359732646454261 390
1634403892466 0.9333002308527033 398
1634407666645 0.9333472986102294 486
1634410272764 0.9305399641288372 546
1634410882617 0.9299329281677774 560
1634411753745 0.9295013200851175 580
1634412061866 0.9315066321616199 587
1634414166498 0.92720145410925 635
1634414571484 0.93242007185527 644
1634424928214 0.9253977248695 875
1634425120922 0.9253199606461487 879
1634425812387 0.9295364337715967 894
1634431477487 0.9291775172684555 1016
1634433025685 0.9290277163782082 1049
1634433077014 0.9282971556335164 1050
