1634387547351 0.7379036391794722 1
1634387588513 0.8270436205075407 2
1634387629991 0.8468866525780644 3
1634387671382 0.8755115445789855 4
1634387711721 0.8731933678068928 5
1634387752442 0.847364237246407 6
1634387792995 0.8826861644973206 7
1634387833676 0.889011291633552 8
1634387874484 0.8562066643173109 9
1634387915051 0.8831368138224812 10
1634387955335 0.895390883832134 11
1634387996003 0.914523535436055 12
1634388036630 0.8954132131941165 13
1634388076954 0.910059214166543 14
1634388117274 0.8819714214045311 15
1634388157944 0.9139129866552296 16
1634388197892 0.8899827970763039 17
1634388238919 0.923884699232109 18
1634388279509 0.9235402715561289 19
1634388322074 0.920613593285936 20
1634388362552 0.8980492329242449 21
1634388403799 0.9176698302118731 22
1634388444043 0.9016623546107664 23
1634388483973 0.9166419384409782 24
1634388524070 0.915245609379552 25
1634388563820 0.9209901807985347 26
1634388603829 0.9237227917925074 27
1634388643477 0.9190905209777276 28
1634388683200 0.9245388532475545 29
1634388722893 0.9155274083668639 30
1634388763257 0.9041565189473636 31
1634388802818 0.9162125390295469 32
1634388842714 0.9278294116803093 33
1634388882374 0.9193275715330959 34
1634388922362 0.9153039167196073 35
1634388962519 0.9251599333502937 36
1634389002177 0.9187679106484482 37
1634389042254 0.9244174045735061 38
1634389081818 0.9060732329727323 39
1634389124431 0.922098542587252 40
1634389164342 0.910782008912336 41
1634389204514 0.9240473259379755 42
1634389244595 0.9296792936208823 43
1634389284582 0.9232927000985106 44
1634389324471 0.9220340491359593 45
1634389365038 0.9116068990050854 46
1634389405180 0.9296667658341979 47
1634389444975 0.9235627982544099 48
1634389484861 0.9242684887519355 49
1634389525038 0.9297993491589557 50
1634389564655 0.9338861821639639 51
1634389604767 0.9302854364661544 52
1634389644538 0.9292959100048397 53
1634389684672 0.9207887584184107 54
1634389724910 0.9299238001579196 55
1634389764800 0.925342594365201 56
1634389805182 0.9282870625586311 57
1634389845290 0.9257915246570082 58
1634389885295 0.9293085211557157 59
1634389927163 0.9293935753469623 60
1634389967435 0.9296652965957537 61
1634390007577 0.9254029385239639 62
1634390047958 0.9241902058641918 63
1634390087990 0.9344985839028922 64
1634390127861 0.9262401145612615 65
1634390168138 0.9373593718684251 66
1634390208146 0.9319949573682602 67
1634390248104 0.9275746272777033 68
1634390288857 0.9390135685926166 69
1634390329191 0.9219514165439893 70
1634390369021 0.9413574082050716 71
1634390409279 0.9349047434168918 72
1634390449322 0.9323299851872391 73
1634390489462 0.9376804877872732 74
1634390529735 0.9382969428981904 75
1634390569620 0.9233462637659587 76
1634390610199 0.9282979165424063 77
1634390650430 0.9350573139796938 78
1634390690540 0.9340660439407538 79
1634390732949 0.924919880540524 80
1634390773026 0.9409577521356689 81
1634390813334 0.9274813221950123 82
1634390853702 0.9272746208157022 83
1634390894112 0.9291601629020516 84
1634390934260 0.9311944173198435 85
1634390974451 0.9341904979216078 86
1634391014901 0.9337080018318692 87
1634391055012 0.935978500611094 88
1634391095435 0.933768861615082 89
1634391135894 0.9319393641729851 90
1634391175808 0.9346329650438134 91
1634391215857 0.9349425811998147 92
1634391256155 0.9401837409021576 93
1634391296458 0.9358139070576895 94
1634391336660 0.9367070778190842 95
1634391376983 0.9328732526992247 96
1634391417372 0.9374713999290694 97
1634391457502 0.9429966694301082 98
1634391497799 0.9362923082901474 99
1634391540321 0.9385467828304541 100
1634391580775 0.9275065317172946 101
1634391621158 0.9346091601000215 102
1634391661307 0.9357138985721164 103
1634391701445 0.931881741891757 104
1634391741760 0.936533884420611 105
1634391781948 0.939041055845031 106
1634391822242 0.9328674930028226 107
1634391862663 0.937716492618126 108
1634391903062 0.9347510069339134 109
1634391943395 0.9349071315771976 110
1634391983908 0.9330427841304514 111
1634392024319 0.9405777286452647 112
1634392064688 0.9307007157574333 113
1634392104741 0.9357569359695929 114
1634392145086 0.9396963820459703 115
1634392185205 0.9375169983980436 116
1634392225670 0.9377694769108911 117
1634392266113 0.9382630589289123 118
1634392306448 0.9353821767401874 119
1634392348950 0.94089540543597 120
1634392389219 0.9408661097760026 121
1634392429822 0.9364764044710437 122
1634392470030 0.936082643527951 123
1634392510552 0.9344779590356538 124
1634392551163 0.942351614761947 125
1634392591807 0.9362233185460239 126
1634392632318 0.9310666258398945 127
1634392672647 0.9367761117254809 128
1634392713319 0.9312220949727263 129
1634392753633 0.9378686096351387 130
1634392794079 0.9354403197945832 131
1634392834326 0.9424965837154824 132
1634392874815 0.940733380280341 133
1634392915178 0.9339529582002851 134
1634392955750 0.9436824158734626 135
1634392996134 0.9418919208492039 136
1634393036591 0.9415731516724678 137
1634393077143 0.9375248844328936 138
1634393117488 0.9365690767400779 139
1634393160231 0.9375419399914463 140
1634393201052 0.9347212393760145 141
1634393241653 0.939641546399776 142
1634393282435 0.9349106268479224 143
1634393322983 0.9386288313644843 144
1634393363477 0.937799675620767 145
1634393404305 0.9404137521339618 146
1634393444801 0.9329735278364111 147
1634393485227 0.9372434655256816 148
1634393525691 0.9366287265956507 149
1634393566573 0.9396425892205322 150
1634393607345 0.9348217322439862 151
1634393647616 0.9398186528318029 152
1634393688049 0.9368477894468118 153
1634393728485 0.9444531969058277 154
1634393768894 0.9392042430785219 155
1634393809312 0.935569043912312 156
1634393849922 0.9403235602411751 157
1634393890379 0.9394222139582021 158
1634393930847 0.936056551393584 159
1634393973670 0.942109577104582 160
1634394014334 0.9409843019535228 161
1634394054855 0.9355672202414249 162
1634394095606 0.9385578568312017 163
1634394136184 0.9305998972175458 164
1634394177920 0.9387531841196765 165
1634394218439 0.9374954393458378 166
1634394259242 0.9381076946010765 167
1634394299942 0.934328414369089 168
1634394340828 0.9313407173514198 169
1634394381234 0.9454125194195612 170
1634394421854 0.9334647874858323 171
1634394462345 0.9420356329334295 172
1634394502883 0.942964145966879 173
1634394543464 0.9404675262633556 174
1634394584296 0.9426174751741359 175
1634394625046 0.9429597068495906 176
1634394665951 0.9322951825504668 177
1634394707566 0.9403782987072751 178
1634394748382 0.9333429567661214 179
1634394792155 0.9373408434927558 180
1634394832999 0.9401842060630894 181
1634394874037 0.9450620457572014 182
1634394914796 0.9389017841261317 183
1634394955945 0.9400536327610806 184
1634394996997 0.9320318170956887 185
1634395038810 0.9349837421247507 186
1634395079763 0.9422213476575197 187
1634395120655 0.9377624127331816 188
1634395161469 0.9341834540246734 189
1634395202582 0.9299175598710121 190
1634395243356 0.9424494217000106 191
1634395283941 0.9344446806981318 192
1634395324853 0.9412921527929305 193
1634395365448 0.939131328481551 194
1634395406186 0.9405647958722787 195
1634395447163 0.9414697825241706 196
1634395487750 0.9349557996679707 197
1634395528664 0.9406861279543628 198
1634395569549 0.9418018807600541 199
1634395612750 0.9395317850540582 200
1634395653885 0.9401044124576308 201
1634395694771 0.9396357568672662 202
1634395735768 0.9403917496311326 203
1634395776897 0.9419518017978368 204
1634395817785 0.9370704237902256 205
1634395858758 0.9409029758450319 206
1634395899704 0.9353986117347963 207
1634395940413 0.9310140277386744 208
1634395981434 0.9340769662605767 209
1634396022456 0.9375259077668917 210
1634396064270 0.9442706717014678 211
1634396105138 0.9316298466221715 212
1634396145910 0.9346986426048736 213
1634396187026 0.9326270374902169 214
1634396228086 0.9407300155008551 215
1634396268880 0.9414151635439677 216
1634396309818 0.9382435842478961 217
1634396350891 0.941277614262551 218
1634396391659 0.9392954430070971 219
1634396434936 0.9381478910523736 220
1634396475801 0.9337871277000167 221
1634396516896 0.9367839509639839 222
1634396558124 0.9341276375389717 223
1634396599031 0.9446846181821265 224
1634396640096 0.938143385089431 225
1634396681345 0.9341213453924143 226
1634396722475 0.9350488318749888 227
1634396763484 0.9344323581034877 228
1634396804314 0.941728191189031 229
1634396845104 0.9387738869369219 230
1634396886139 0.9371901035544644 231
1634396926978 0.9359128878487484 232
1634396967950 0.9414879881809063 233
1634397009176 0.9323338044342561 234
1634397050326 0.937569573947423 235
1634397091402 0.9330287075359632 236
1634397133625 0.9370599193155569 237
1634397174961 0.933923639456938 238
1634397215797 0.9427458699071355 239
1634397259475 0.9311601118239645 240
1634397302142 0.9363171651514085 241
1634397343542 0.9367290153083923 242
1634397384486 0.9403252263257087 243
1634397425769 0.9381245105708969 244
1634397467058 0.9370793162314964 245
1634397508121 0.9372577889550936 246
1634397549691 0.9353374143528808 247
1634397590742 0.9314119155151821 248
1634397632264 0.9394865163354638 249
1634397673626 0.9395647217904657 250
1634397714543 0.9414197800541539 251
1634397755694 0.9319687131602247 252
1634397796635 0.9396795270124159 253
1634397837762 0.9324394963326387 254
1634397878655 0.9333111535996861 255
1634397919702 0.9338259065941505 256
1634397961055 0.9351191266814339 257
1634398002074 0.9369728291975428 258
1634398043049 0.9360807115206943 259
1634398086733 0.9348825753782575 260
1634398128121 0.9418457569482088 261
1634398169207 0.9385050467668898 262
1634398210652 0.9429711690356507 263
1634398251999 0.9390944602412393 264
1634398293378 0.9381133149836808 265
1634398334443 0.925420971451266 266
1634398376075 0.9341068616733517 267
1634398417301 0.935241405722608 268
1634398458659 0.9388077641560441 269
1634398500272 0.9389350928532726 270
1634398541474 0.9366729422966307 271
1634398583015 0.9419366003755448 272
1634398624556 0.9345238095894051 273
1634398665602 0.9367130810963437 274
1634398706877 0.9388137841347509 275
1634398748105 0.9344254341063786 276
1634398789406 0.9403805939804099 277
1634398830930 0.936241320457585 278
1634398872252 0.9412223494678197 279
1634398916123 0.9332576731981136 280
1634398957909 0.9373035962652884 281
1634398999333 0.9329101050396804 282
1634399040822 0.9328390761474341 283
1634399082586 0.9345492199106138 284
1634399124224 0.9343051073541636 285
1634399165743 0.9398182701457134 286
1634399207314 0.9384689885191742 287
1634399248657 0.9306343244219514 288
1634399290361 0.936997666863859 289
1634399331804 0.938371049968525 290
1634399373571 0.9302806114506029 291
1634399414876 0.9337287275549037 292
1634399456568 0.9401540009882757 293
1634399498145 0.9372254719338854 294
1634399539560 0.9353143320925671 295
1634399581189 0.9366860622329262 296
1634399622775 0.9303505887386351 297
1634399664094 0.9370769934014329 298
1634399705798 0.9312893414404567 299
1634399749448 0.932146003806008 300
1634399791176 0.936187175010273 301
1634399833147 0.9336086615830331 302
1634399874829 0.937624518003079 303
1634399916482 0.9356437565206349 304
1634399958213 0.9401154059514508 305
1634399999979 0.9338647618282458 306
1634400041920 0.9386894675731025 307
1634400083692 0.938178023251544 308
1634400125518 0.9367348795728927 309
1634400167515 0.9314391033060245 310
1634400209111 0.9360510255580798 311
1634400250973 0.9388142745453453 312
1634400292759 0.9366872275098289 313
1634400334759 0.9305360721352111 314
1634400376550 0.9356022507190319 315
1634400418286 0.9355351692044505 316
1634400460199 0.9326147113230148 317
1634400503653 0.9315472014279195 318
1634400545494 0.935878627894938 319
1634400589367 0.9361017377009656 320
1634400631259 0.9340252169603971 321
1634400674991 0.9344591129859339 322
1634400716914 0.9381736658727249 323
1634400758943 0.9404752353618013 324
1634400800727 0.9390234250837834 325
1634400842675 0.9326330894546137 326
1634400884592 0.9297237352790073 327
1634400926558 0.9343418724596727 328
1634400968550 0.9334875567567016 329
1634401010197 0.9355601015326483 330
1634401051832 0.934844114974809 331
1634401093644 0.9344098987316375 332
1634401135619 0.9377294851958756 333
1634401177790 0.9355869278046939 334
1634401219920 0.9357493134180689 335
1634401261877 0.9309251711461384 336
1634401303561 0.9350449066005919 337
1634401345578 0.9386755197071796 338
1634401387644 0.9351123974893174 339
1634401431531 0.9350715971676417 340
1634401473659 0.9390612264221292 341
1634401515972 0.9382101876828256 342
1634401557626 0.9386885069489539 343
1634401599663 0.9324833729771536 344
1634401641447 0.9344518276757546 345
1634401683507 0.9383586935672744 346
1634401725460 0.9333806599743594 347
1634401767482 0.9355377311711931 348
1634401809853 0.9292931974837282 349
1634401851597 0.9384810494687247 350
1634401893559 0.9290336056774102 351
1634401935568 0.9361421686561152 352
1634401977478 0.9335911763030795 353
1634402019451 0.9313893001246834 354
1634402061685 0.9278047689116639 355
1634402103881 0.9371546798252973 356
1634402145994 0.9301967813712673 357
1634402187853 0.936537372577003 358
1634402229979 0.9251045205562544 359
1634402274201 0.9383955192623005 360
1634402316250 0.9360975285885894 361
1634402358304 0.9370794245873206 362
1634402400166 0.9371249458039372 363
1634402442154 0.9311229489196395 364
1634402484169 0.9302061051430277 365
1634402526078 0.9341349725479204 366
1634402568196 0.9344063268811452 367
1634402611837 0.9325944659381201 368
1634402653701 0.9246575079352372 369
1634402695555 0.9364195556298429 370
1634402739615 0.9376569353264685 371
1634402781871 0.9346170834924729 372
1634402824088 0.9361119681232936 373
1634402868037 0.9312816874205435 374
1634402910305 0.9354752684509018 375
1634402952435 0.9320226862995042 376
1634402994638 0.9346270714103407 377
1634403036547 0.9366742480175424 378
1634403078610 0.9389543139023754 379
1634403122662 0.93691026835809 380
1634403166702 0.9358589237851771 381
1634403208981 0.9336844200688954 382
1634403251292 0.931731830272114 383
1634403293389 0.9344972202522035 384
1634403335711 0.9361842906073987 385
1634403378123 0.9364223466385677 386
1634403420349 0.9321915583513091 387
1634403463089 0.934738812370228 388
1634403505641 0.9365729815668145 389
1634403552027 0.9359732646454261 390
1634403595983 0.9333203859018607 391
1634403638036 0.9327538900393303 392
1634403680434 0.9319747695489801 393
1634403722555 0.9341934008065889 394
1634403764812 0.9371112955690377 395
1634403807077 0.9382941980842 396
1634403849433 0.9283045750033277 397
1634403891456 0.9333002308527033 398
1634403935909 0.9348962864753796 399
1634403980588 0.9323109798954359 400
1634404023106 0.9350682176930093 401
1634404065262 0.9385471645732406 402
1634404107630 0.9306934285262406 403
1634404150177 0.9294513590926142 404
1634404192518 0.9332460971280543 405
1634404234807 0.935281303973616 406
1634404276948 0.9304500901116259 407
1634404319422 0.9356186876031589 408
1634404361875 0.9273638312133184 409
1634404404406 0.9338095871771638 410
1634404446974 0.9317226851093718 411
1634404489445 0.9345338539338576 412
1634404532106 0.9321052179531395 413
1634404574638 0.9355283265145521 414
1634404617166 0.9344258138988526 415
1634404659795 0.9299648971810451 416
1634404701961 0.9324837815768493 417
1634404744604 0.933072155139893 418
1634404786986 0.9340391242583154 419
1634404831691 0.9338074623005314 420
1634404873994 0.9246535117359335 421
1634404916786 0.9310145218172208 422
1634404959284 0.9323391528619596 423
1634405002042 0.9311892643492143 424
1634405044329 0.9269648874656912 425
1634405086935 0.9251030881249652 426
1634405129493 0.9312821966628113 427
1634405172126 0.9324145319403755 428
1634405214808 0.9334067497810365 429
1634405257425 0.9273092733779865 430
1634405300195 0.9364568117987454 431
1634405342884 0.9301643768811254 432
1634405385403 0.933886441057866 433
1634405427923 0.9330667835716433 434
1634405470482 0.9337275521064445 435
1634405512661 0.9299395160205907 436
1634405555359 0.9303078948474126 437
1634405597882 0.9364806561188733 438
1634405640107 0.9315194410111974 439
1634405684959 0.9344095233745986 440
1634405727521 0.9380507272482707 441
1634405770057 0.9300754371291484 442
1634405812822 0.9324333686360464 443
1634405855280 0.9335858003795763 444
1634405897509 0.9340458521837394 445
1634405940162 0.9341731802436997 446
1634405982594 0.926179833464158 447
1634406025327 0.9289387845940912 448
1634406068039 0.9304687576660281 449
1634406110644 0.9291336658545277 450
1634406157997 0.9289426869011672 451
1634406200694 0.9272145432408387 452
1634406243351 0.9337614575750978 453
1634406286069 0.9286874485578386 454
1634406328719 0.9297080553345296 455
1634406371550 0.9298510700692091 456
1634406414214 0.9335930343094259 457
1634406456935 0.9293762086582149 458
1634406499396 0.9292028067922325 459
1634406544249 0.9304865695515434 460
1634406587044 0.9244632539936629 461
1634406629903 0.9310547213955459 462
1634406672721 0.9321405184056694 463
1634406715950 0.9280898330752783 464
1634406758992 0.9344045504130676 465
1634406802586 0.9306273053445873 466
1634406845855 0.9284833672656473 467
1634406888495 0.9271534197000514 468
1634406931385 0.9347478773079526 469
1634406974271 0.9294695481251992 470
1634407017244 0.9330106068581259 471
1634407060037 0.9323449059203266 472
1634407103121 0.9317371255271751 473
1634407145889 0.9339670599526704 474
1634407188730 0.9352944041530649 475
1634407231669 0.9237609898359588 476
1634407274561 0.9333522692021613 477
1634407317266 0.9284050187175513 478
1634407360158 0.9349986407170069 479
1634407405480 0.9339342091365173 480
1634407448413 0.9348264439324961 481
1634407491200 0.9284011671959617 482
1634407534306 0.9311719914250866 483
1634407577326 0.9325361485526699 484
1634407622514 0.9286734665415753 485
1634407665358 0.9333472986102294 486
1634407710558 0.9308350248056106 487
1634407753801 0.9324206439151743 488
1634407797430 0.9277701137683789 489
1634407840930 0.9331915573769594 490
1634407884480 0.9276759723375045 491
1634407928065 0.9298911708843016 492
1634407971112 0.9291956733679578 493
1634408014115 0.9289113542834051 494
1634408056882 0.9346259139895844 495
1634408099805 0.9263259033044605 496
1634408147811 0.9314161577345257 497
1634408190467 0.9255241292607624 498
1634408233474 0.922016791192492 499
1634408278168 0.92463131019725 500
1634408321086 0.9291617933587575 501
1634408363941 0.9293498331174422 502
1634408407001 0.9301331800611595 503
1634408450011 0.9265008177993603 504
1634408493223 0.9298592009627478 505
1634408536141 0.9356872876614996 506
1634408578905 0.9240522300649764 507
1634408622055 0.9276138996320934 508
1634408665131 0.9331214517840213 509
1634408708316 0.9318225049206922 510
1634408751454 0.930551481194408 511
1634408794429 0.9239141001693963 512
1634408836926 0.9284247012398089 513
1634408879878 0.9274720742299997 514
1634408922664 0.9291317827106862 515
1634408965695 0.9288702235051712 516
1634409008366 0.9248564925888318 517
1634409051567 0.9319883275754546 518
1634409094293 0.9296631628329208 519
1634409139591 0.924455317377583 520
1634409182728 0.9293924292346089 521
1634409225643 0.927834351652548 522
1634409268778 0.934136549386213 523
1634409311617 0.9302163366005917 524
1634409354616 0.9267193914246872 525
1634409397603 0.9296744509752497 526
1634409440860 0.9267596602033126 527
1634409483838 0.9218767833039394 528
1634409527003 0.9308842560601542 529
1634409570240 0.9224622496380067 530
1634409613374 0.9316743249233252 531
1634409656403 0.9307144680257138 532
1634409699568 0.9297201837246929 533
1634409744360 0.9271957442683205 534
1634409787706 0.9281464821677347 535
1634409830674 0.9315062603519153 536
1634409873766 0.9291104054986704 537
1634409923939 0.9271191047422999 538
1634409966776 0.9284500350207177 539
1634410012038 0.9374153701367928 540
1634410055390 0.9263716399421429 541
1634410098394 0.9287736841620011 542
1634410141501 0.9288374249541238 543
1634410184929 0.9319667957921101 544
1634410227959 0.934631368447715 545
1634410271365 0.9305399641288372 546
1634410316814 0.9302576160722222 547
1634410359933 0.9344238849764659 548
1634410403350 0.9293521403810387 549
1634410446609 0.9310439377969516 550
1634410489870 0.9286233078003053 551
1634410533271 0.9304947307904626 552
1634410576466 0.9329399612595362 553
1634410619419 0.9319577496779234 554
1634410662750 0.9339843209141871 555
1634410705885 0.9299462598992483 556
1634410749127 0.9217059182816325 557
1634410792338 0.9343876561199758 558
1634410835520 0.9300987187490729 559
1634410881151 0.9299329281677774 560
1634410927585 0.9276664887498225 561
1634410970605 0.9315880274707845 562
1634411014306 0.9353919247049195 563
1634411057721 0.937465662340896 564
1634411100858 0.9365150904556993 565
1634411144352 0.9284897167580379 566
1634411187462 0.9315113926805904 567
1634411230759 0.9311232854777028 568
1634411274253 0.9322202590788351 569
1634411317673 0.9306810803463699 570
1634411361011 0.9305896748771422 571
1634411404333 0.9279064699600127 572
1634411447825 0.9284863683129132 573
1634411491253 0.9325139400772108 574
1634411534396 0.935139572458696 575
1634411577433 0.9285794854969356 576
1634411620275 0.9357995570461697 577
1634411663602 0.9324326837728677 578
1634411706790 0.9272033210414267 579
1634411752174 0.9295013200851175 580
1634411798625 0.9367799440314738 581
1634411842624 0.9247199572405651 582
1634411886322 0.9300711560325651 583
1634411929895 0.9287850606597005 584
1634411973495 0.9308978733168896 585
1634412016988 0.9351957489924932 586
1634412060376 0.9315066321616199 587
1634412108241 0.9325062066797659 588
1634412151480 0.9233232759372981 589
1634412194790 0.9299636461922961 590
1634412238437 0.9296208363967198 591
1634412281812 0.9346559721772972 592
1634412325250 0.9220132321626235 593
1634412369109 0.9309932849240993 594
1634412412616 0.9321746298818041 595
1634412456212 0.9293065803586095 596
1634412499925 0.9320978812989574 597
1634412543498 0.9315656882515626 598
1634412586941 0.9301956831595076 599
1634412632657 0.9304731668409967 600
1634412676606 0.9306218098135381 601
1634412720000 0.9274092765291635 602
1634412763835 0.9284904242955524 603
1634412807793 0.9288919106845731 604
1634412851707 0.9302274702334158 605
1634412895357 0.9307512844174473 606
1634412939162 0.9320061598050315 607
1634412982945 0.9320972086152878 608
1634413026409 0.9323832569727643 609
1634413069919 0.9262728890387598 610
1634413113362 0.9309506422158066 611
1634413156682 0.9278572015956101 612
1634413200204 0.9298424698328597 613
1634413243797 0.927853875881691 614
1634413287432 0.9271441716514022 615
1634413330894 0.927842070394654 616
1634413374521 0.9295500890853043 617
1634413418131 0.9284738027865742 618
1634413461550 0.933125599574185 619
1634413507432 0.9313590421372566 620
1634413551127 0.9317777939169115 621
1634413594915 0.9324972922971304 622
1634413638832 0.9271000613659375 623
1634413682429 0.927282591241655 624
1634413726482 0.9337144211692889 625
1634413770252 0.9253159618480515 626
1634413814367 0.9313831928905049 627
1634413858133 0.9280298521764522 628
1634413902146 0.9298352132990915 629
1634413945782 0.9301893094725251 630
1634413989490 0.9297901000885315 631
1634414033164 0.9378276329839923 632
1634414076928 0.9292473148740725 633
1634414120882 0.9338455713704387 634
1634414165017 0.92720145410925 635
1634414214445 0.92970384349152 636
1634414258398 0.928243073764756 637
1634414302644 0.9326365271321049 638
1634414346513 0.929869469141787 639
1634414392697 0.9277381288160828 640
1634414437657 0.9299171254929288 641
1634414482055 0.9310977500977264 642
1634414525830 0.9323215767905677 643
1634414569940 0.93242007185527 644
1634414620766 0.9310838444634538 645
1634414664825 0.9322765246132854 646
1634414708794 0.9260730644471492 647
1634414752641 0.9302765247371767 648
1634414797135 0.9272203923166131 649
1634414840943 0.9270617897964937 650
1634414885055 0.9302449670160072 651
1634414928914 0.9327216391083246 652
1634414972928 0.926832076947444 653
1634415016989 0.9290654321623887 654
1634415060903 0.9321258515266675 655
1634415104457 0.9287826323448966 656
1634415148141 0.925826083737348 657
1634415192065 0.9270456759317386 658
1634415235717 0.9335534165951589 659
1634415282111 0.9275594412800469 660
1634415327035 0.9313740534699211 661
1634415371072 0.9325517806116675 662
1634415414872 0.9221411189366177 663
1634415459001 0.9174399539116856 664
1634415502865 0.925095623262502 665
1634415547033 0.9337366551344028 666
1634415590877 0.9319052291676789 667
1634415634968 0.9272790915495045 668
1634415678961 0.927816197139673 669
1634415722814 0.9288034254103821 670
1634415766770 0.9268365599918489 671
1634415810670 0.9297158542359552 672
1634415854936 0.9261222714467238 673
1634415899138 0.9296981907888986 674
1634415943283 0.9326714908079329 675
1634415987099 0.9259872086229507 676
1634416031027 0.9237293179093158 677
1634416075190 0.9239168974250771 678
1634416118951 0.9250332003028432 679
1634416165045 0.9222041316978524 680
1634416209662 0.9266780863771252 681
1634416253872 0.924360760961276 682
1634416298231 0.927463220982832 683
1634416342147 0.9251239671829335 684
1634416386304 0.9288646440442244 685
1634416430570 0.9245813310569868 686
1634416475072 0.9293091685278295 687
1634416519207 0.9308198158351366 688
1634416563190 0.9298489278116235 689
1634416607382 0.9266434112632683 690
1634416651880 0.9310184379573287 691
1634416696198 0.9283382129881405 692
1634416740313 0.923606558486717 693
1634416784600 0.9262774800953535 694
1634416828593 0.9304216605650413 695
1634416872690 0.9292656580897092 696
1634416916910 0.9235748669106784 697
1634416961050 0.9269212942468771 698
1634417005421 0.9245540889411665 699
1634417052031 0.9268819863028116 700
1634417096980 0.9197802730696049 701
1634417141620 0.9270720123429882 702
1634417186090 0.9251160505708311 703
1634417230554 0.928140190346119 704
1634417275095 0.9260280851242956 705
1634417319501 0.9291815170283904 706
1634417363556 0.9273057741187921 707
1634417408142 0.8981942220518093 708
1634417452429 0.924642811274531 709
1634417496608 0.9268843531388103 710
1634417541069 0.9283665700005056 711
1634417585107 0.9269159423525843 712
1634417629674 0.9269999034779246 713
1634417674265 0.9277844839119187 714
1634417718625 0.9274519410856604 715
1634417763194 0.9292321015516947 716
1634417807886 0.9266390817079849 717
1634417852224 0.9284205516691588 718
1634417896424 0.9291577345992789 719
1634417942715 0.9277973707290602 720
1634417988148 0.92496017701846 721
1634418032709 0.9287685065893646 722
1634418077374 0.9297054518257366 723
1634418121690 0.9275682905086379 724
1634418166065 0.9260520881952443 725
1634418210920 0.9201746874036034 726
1634418255458 0.9325504716091256 727
1634418299956 0.9264782636268286 728
1634418344306 0.9265372700347249 729
1634418388663 0.9230508497964651 730
1634418433154 0.9261647216033998 731
1634418477624 0.9225899694228883 732
1634418522382 0.9238590889395336 733
1634418566687 0.9269415729992205 734
1634418611276 0.9298522054376156 735
1634418655484 0.9259949084089285 736
1634418699770 0.9338689941876669 737
1634418744082 0.9092369048740215 738
1634418788694 0.9331715337611907 739
1634418835360 0.9254819541978954 740
1634418880175 0.9279264481242012 741
1634418925235 0.9324257376155635 742
1634418970031 0.9288524018280647 743
1634419014686 0.9280053667511183 744
1634419059198 0.9296256804763139 745
1634419104220 0.9285321118459768 746
1634419148875 0.9273737317807015 747
1634419193419 0.9281184722137853 748
1634419238126 0.9269234357392245 749
1634419282555 0.9261771165516542 750
1634419327137 0.9283642171041655 751
1634419371657 0.9253380465203381 752
1634419416234 0.9259812497056632 753
1634419460541 0.9286225689107747 754
1634419505319 0.9274634793231393 755
1634419550107 0.9316638357753859 756
1634419594421 0.9306583957598755 757
1634419638953 0.9315758103114327 758
1634419683732 0.9284584604815548 759
1634419730636 0.9310277313128885 760
1634419775837 0.9260246624535345 761
1634419820792 0.9179615605075255 762
1634419865889 0.9281884046132157 763
1634419911160 0.924977874209898 764
1634419955956 0.9246358300776345 765
1634420000998 0.9267765249499527 766
1634420045884 0.9269611429217386 767
1634420091180 0.9266692668284255 768
1634420136212 0.9257713492552158 769
1634420181370 0.9279352901060786 770
1634420226318 0.9274019054397021 771
1634420271136 0.9275146674343125 772
1634420316141 0.9240814695389197 773
1634420360876 0.922720564640465 774
1634420405902 0.929638266938742 775
1634420450988 0.9208588437364899 776
1634420495845 0.9268676211264695 777
1634420540945 0.925792625511648 778
1634420585966 0.9218481157232793 779
1634420632675 0.9253862890483 780
1634420678726 0.9280478437316166 781
1634420723854 0.9206419821217614 782
1634420768753 0.9242810025177741 783
1634420813775 0.9256931874020871 784
1634420858682 0.928004037333749 785
1634420903653 0.9282065396508327 786
1634420948621 0.9287672240113143 787
1634420993734 0.9294578677470687 788
1634421038682 0.9269001726057532 789
1634421083420 0.9286487635707187 790
1634421128208 0.9311908029738807 791
1634421173130 0.9314476671781503 792
1634421218213 0.9260984432140518 793
1634421262879 0.9294805637193773 794
1634421307908 0.9243319290998321 795
1634421353170 0.9261932728659601 796
1634421398058 0.9245816650473475 797
1634421442627 0.9277378573647184 798
1634421487321 0.9283323526264471 799
1634421534526 0.9254743883867966 800
1634421579887 0.9222323986352585 801
1634421625160 0.9286669179894509 802
1634421670029 0.9279739533304715 803
1634421715150 0.9273736970657411 804
1634421759976 0.9277192792744395 805
1634421804573 0.9174240131545062 806
1634421849840 0.9275139112324133 807
1634421894909 0.9256605955452091 808
1634421939825 0.9302764434412449 809
1634421984432 0.9305205825667017 810
1634422029506 0.9213904504405613 811
1634422074367 0.9274041337308658 812
1634422119395 0.9270898216933346 813
1634422164184 0.9306146249895818 814
1634422209098 0.9318579576359552 815
1634422253975 0.9275375317556932 816
1634422298798 0.9229442710732502 817
1634422343733 0.9225051717783722 818
1634422388751 0.927656792215884 819
1634422435874 0.9243588868980896 820
1634422481854 0.9220426954545579 821
1634422527218 0.9272341038536152 822
1634422572139 0.9297010091305321 823
1634422617160 0.9257362556420119 824
1634422662093 0.9332480196698637 825
1634422707073 0.9269435507390351 826
1634422752285 0.9256774504591532 827
1634422797374 0.9287061419124941 828
1634422842496 0.9296463466313901 829
1634422887568 0.9285634122951595 830
1634422932934 0.9257935027193755 831
1634422978097 0.92108657735107 832
1634423023351 0.9234010244244143 833
1634423068291 0.9271300359855005 834
1634423113417 0.9257241274483191 835
1634423158607 0.9247064256143004 836
1634423203640 0.928656542552656 837
1634423248915 0.9249886541023125 838
1634423294206 0.9277507396864122 839
1634423341293 0.9213267918306279 840
1634423386613 0.9283955447872616 841
1634423431473 0.9245922150097857 842
1634423476686 0.9292750675324958 843
1634423521769 0.9280478539302794 844
1634423567194 0.9319381322984305 845
1634423612153 0.9300769901104274 846
1634423657659 0.9225969781272815 847
1634423702874 0.9276886441732286 848
1634423747774 0.9296218581051043 849
1634423793198 0.9293877258760221 850
1634423838121 0.9296135111910664 851
1634423883348 0.9277008504852021 852
1634423928461 0.9287207065728029 853
1634423973507 0.9303428078862888 854
1634424018802 0.930616585728655 855
1634424064246 0.9293562432124629 856
1634424109183 0.9288160782349562 857
1634424154142 0.9306062966416926 858
1634424199390 0.9296502747708371 859
1634424247202 0.9279937401045686 860
1634424292618 0.9267289972867875 861
1634424337852 0.9285329092791059 862
1634424383158 0.9287974542766979 863
1634424428657 0.925815524688441 864
1634424473850 0.9264794058718379 865
1634424519135 0.9284646854729932 866
1634424564505 0.9281616169269182 867
1634424609794 0.9247977067771842 868
1634424655207 0.9252538058746714 869
1634424700547 0.9262085324853524 870
1634424745779 0.923059647419281 871
1634424790884 0.9319212719137198 872
1634424835715 0.9170078676225646 873
1634424881155 0.928074951791597 874
1634424926090 0.9253977248695 875
1634424980127 0.925890167702423 876
1634425025533 0.9262886213511139 877
1634425073588 0.9275189674152386 878
1634425118880 0.9253199606461487 879
1634425173975 0.9279515744141424 880
1634425219713 0.9269524065286278 881
1634425265517 0.926866523324614 882
1634425310957 0.9276230884317523 883
1634425356558 0.9311635401782393 884
1634425401879 0.9312952806407337 885
1634425447220 0.9358327099270024 886
1634425492400 0.926501658568189 887
1634425537567 0.9268717190831991 888
1634425583059 0.9305297187528504 889
1634425628577 0.9295070358297413 890
1634425674130 0.9303152364732167 891
1634425719447 0.9272795250362867 892
1634425764862 0.9266601080419296 893
1634425810077 0.9295364337715967 894
1634425860038 0.9267313179966056 895
1634425905388 0.928553809171203 896
1634425951029 0.9289088096402085 897
1634425996657 0.9313147598836526 898
1634426042141 0.928057568891522 899
1634426090034 0.9345635022519135 900
1634426135460 0.9278486146109381 901
1634426181381 0.9281572396162295 902
1634426226847 0.9239144936487947 903
1634426272545 0.9282693539249891 904
1634426318097 0.9263980683990388 905
1634426363554 0.9277359951338614 906
1634426409354 0.9322288462028652 907
1634426455080 0.9309518693063378 908
1634426500694 0.9287473241226596 909
1634426546466 0.9323990507068867 910
1634426592369 0.933076548150404 911
1634426638008 0.9307236536451532 912
1634426683418 0.9324932946516262 913
1634426732611 0.9232172047779145 914
1634426778038 0.9320835664295369 915
1634426826000 0.9337162493876147 916
1634426871792 0.9355535798176688 917
1634426917669 0.9264272517158512 918
1634426963076 0.928775814603342 919
1634427010997 0.9307769130843039 920
1634427057561 0.9287004833306699 921
1634427103584 0.921003862779036 922
1634427149437 0.9274413168553702 923
1634427195358 0.9298184572901382 924
1634427240831 0.929825753793666 925
1634427286888 0.9262338039307494 926
1634427332617 0.9290552778605905 927
1634427378003 0.9300678801059896 928
1634427423593 0.9318025032004781 929
1634427469028 0.9272557932539194 930
1634427514717 0.9265836378133336 931
1634427560826 0.9256380696766391 932
1634427606562 0.9304344036418057 933
1634427652307 0.9234216748950612 934
1634427698413 0.9243969078409046 935
1634427744445 0.9246482319062879 936
1634427790273 0.9277951618513427 937
1634427835837 0.9278935952621888 938
1634427881719 0.924201240401942 939
1634427929667 0.9247520104518665 940
1634427983144 0.9279831686142685 941
1634428028897 0.927260637941719 942
1634428074473 0.9269012719618752 943
1634428120310 0.9280464701023287 944
1634428166244 0.9263418133963053 945
1634428211918 0.9267271454283152 946
1634428264349 0.9219568323748684 947
1634428316366 0.9331078582610105 948
1634428362363 0.9315283677578 949
1634428408089 0.9285703908064354 950
1634428454504 0.9345588828625728 951
1634428500313 0.930899885901958 952
1634428546795 0.9237605905144894 953
1634428592654 0.9278986449441892 954
1634428638741 0.9261463896415982 955
1634428685188 0.9292329226531162 956
1634428730973 0.9296689608280322 957
1634428777066 0.9280422542254345 958
1634428823190 0.9258943631861644 959
1634428871211 0.9212260891482796 960
1634428918044 0.9260324942466854 961
1634428964502 0.9211775991750055 962
1634429010599 0.9228024835635344 963
1634429056762 0.9252581042133627 964
1634429108891 0.9284548082366123 965
1634429155241 0.923024471848301 966
1634429201382 0.9290791348789189 967
1634429247634 0.9263251370714123 968
1634429293827 0.924242345630777 969
1634429340050 0.9266562767323785 970
1634429386113 0.9265871849869539 971
1634429432246 0.9251503308013289 972
1634429478428 0.9280641125802408 973
1634429524724 0.9289568226888767 974
1634429570955 0.9309702804146939 975
1634429617425 0.9260408706212708 976
1634429663511 0.9304039417439105 977
1634429709767 0.9307745895776897 978
1634429756016 0.9283144600406114 979
1634429804217 0.9255215134091407 980
1634429850422 0.9282328000072808 981
1634429896961 0.9249045083070324 982
1634429942859 0.9280153934772959 983
1634429988739 0.9311305642489184 984
1634430035143 0.9278775430040267 985
1634430081125 0.9293366575860449 986
1634430127799 0.929938881856047 987
1634430174060 0.9186891996407472 988
1634430220531 0.930464138719643 989
1634430266978 0.9284225147541464 990
1634430313282 0.9255576979681257 991
1634430359408 0.9285880372186566 992
1634430405752 0.9280340832411818 993
1634430452454 0.9317888713605417 994
1634430498967 0.9279613769167169 995
1634430545294 0.9295086278746804 996
1634430591530 0.9231500948179545 997
1634430638386 0.9278323057164037 998
1634430684612 0.928083604224097 999
1634430733668 0.9256830349534567 1000
1634430780379 0.9266456350620947 1001
1634430826629 0.9274834669330342 1002
1634430872906 0.9288285002762515 1003
1634430918830 0.9297209552709198 1004
1634430965023 0.9212659861716722 1005
1634431011331 0.9251847088081943 1006
1634431057668 0.9255210746471434 1007
1634431103887 0.9300869147374283 1008
1634431150032 0.9289842240398003 1009
1634431196822 0.9270092365164169 1010
1634431242911 0.9283301302889719 1011
1634431289106 0.9283948298744654 1012
1634431335165 0.9280158808041505 1013
1634431382174 0.9275656258076203 1014
1634431428618 0.923964667150436 1015
1634431475095 0.9291775172684555 1016
1634431526157 0.9294697405588372 1017
1634431572154 0.9254829080953351 1018
1634431618763 0.9303286145402772 1019
1634431667038 0.929506562411473 1020
1634431713895 0.9287613236360222 1021
1634431760598 0.9289640212067855 1022
1634431807062 0.9305287355996943 1023
1634431853637 0.9303952754810229 1024
1634431900390 0.9301840384537156 1025
1634431946536 0.9300400993470245 1026
1634431993442 0.9313081222374889 1027
1634432039924 0.9299393992500015 1028
1634432086477 0.9295759678603447 1029
1634432132945 0.9304895640602763 1030
1634432179290 0.9279454440476246 1031
1634432225826 0.9219014943025374 1032
1634432272077 0.9275669480418861 1033
1634432318463 0.9271339033164904 1034
1634432364883 0.9272672244031661 1035
1634432411358 0.9293449309633113 1036
1634432458202 0.9250909429959259 1037
1634432504904 0.930682510140179 1038
1634432551945 0.9284391519073094 1039
1634432600936 0.931091470680469 1040
1634432648511 0.9310307903416424 1041
1634432695449 0.931358426320765 1042
1634432742396 0.9273329935577547 1043
1634432788987 0.9297363200171895 1044
1634432835505 0.9334506214040605 1045
1634432882461 0.9273528718531603 1046
1634432929628 0.9286543412089239 1047
1634432976507 0.9291168446380634 1048
1634433023375 0.9290277163782082 1049
1634433074483 0.9282971556335164 1050
1634433126295 0.9267207320988762 1051
1634433172594 0.9204958971513844 1052
1634433219713 0.9244490141191696 1053
1634433266242 0.9270067138423035 1054
1634433313018 0.9268834195154431 1055
1634433359568 0.9275008798127309 1056
1634433406496 0.930932357924062 1057
1634433453358 0.9291058947985371 1058
1634433499813 0.9272062694483674 1059
1634433548624 0.9291895260441708 1060
1634433596949 0.927224311820132 1061
1634433644041 0.9250267851307555 1062
1634433692588 0.928274367961505 1063
1634433739498 0.9281607446780048 1064
1634433786268 0.927333735351049 1065
1634433832674 0.9252681855773282 1066
1634433879867 0.9291219442640458 1067
1634433926453 0.9267460356512512 1068
1634433973725 0.9252991778787919 1069
1634434020283 0.9264253279107703 1070
1634434067216 0.9280291574637397 1071
1634434114197 0.9206812726862821 1072
1634434162792 0.9270217578210597 1073
1634434209455 0.9269766667974925 1074
1634434256040 0.9277721164587759 1075
1634434303148 0.9269155935632136 1076
1634434349924 0.9247183744926774 1077
1634434396879 0.9268154319330049 1078
1634434446249 0.9282138664421905 1079
1634434495638 0.9300051772508651 1080
1634434542885 0.9276711004040166 1081
1634434589887 0.9300397846904707 1082
1634434638356 0.9260516826965228 1083
1634434685301 0.9281993959873577 1084
1634434732382 0.9274755107205374 1085
1634434778895 0.9292437603799857 1086
1634434827658 0.93065677486772 1087
1634434874574 0.9238697059998446 1088
1634434922492 0.9251604901918903 1089
1634434969018 0.929146110942547 1090
1634435016069 0.9271374319276228 1091
1634435062573 0.9274553542087789 1092
1634435112495 0.9212913531855054 1093
1634435159081 0.9243218033154919 1094
1634435206832 0.9249522521752388 1095
1634435253785 0.9257643983887953 1096
1634435300396 0.9259178473853211 1097
1634435347394 0.927472517668502 1098
1634435393781 0.9246863435320543 1099
1634435443019 0.9228211488158269 1100
1634435491899 0.9243504259473263 1101
1634435538968 0.9247253823653735 1102
1634435589177 0.9253011053773619 1103
1634435636262 0.9290378848629789 1104
1634435683607 0.9222717703555727 1105
1634435730316 0.9239645343589942 1106
1634435780103 0.9232151115586449 1107
1634435827063 0.9272049689115736 1108
1634435880274 0.9250257094090398 1109
1634435928084 0.9232208122113806 1110
1634435978208 0.9238689635945718 1111
1634436025130 0.9286038587918141 1112
1634436074725 0.9295140056149046 1113
1634436121938 0.9264693495320389 1114
1634436171414 0.9279315677395745 1115
1634436218558 0.9281558970197648 1116
1634436267382 0.9258600418562247 1117
1634436314849 0.9183823912846327 1118
1634436364229 0.9274627788843404 1119
1634436413521 0.9209182797223846 1120
1634436462282 0.9278760074223533 1121
1634436510039 0.9269358276470383 1122
1634436558642 0.9215766573834939 1123
1634436605730 0.918762324864093 1124
1634436654758 0.9263170902309281 1125
1634436701638 0.9263931392768017 1126
1634436751056 0.927840298831942 1127
1634436798217 0.9270771413879405 1128
1634436848719 0.9277689908290854 1129
1634436896047 0.9278364161594973 1130
1634436945274 0.9277294236341751 1131
1634436992084 0.91792399905588 1132
1634437042908 0.9242340230369845 1133
1634437089746 0.9251625893441678 1134
1634437140719 0.9263725498728391 1135
1634437188134 0.9267174329196 1136
1634437237334 0.9274830034142676 1137
1634437284618 0.930158051853677 1138
1634437335414 0.9251465984670898 1139
1634437384923 0.9265220722637253 1140
1634437434861 0.9297974995964531 1141
1634437482359 0.9258435914606072 1142
1634437534272 0.9241014829781407 1143
1634437581904 0.9279497401547134 1144
1634437632064 0.9296524744832406 1145
1634437679025 0.9220977826901091 1146
1634437730750 0.921733889729453 1147
1634437778137 0.9262522156263028 1148
1634437828698 0.9258137630724775 1149
1634437876386 0.9232035916716856 1150
1634437928270 0.9331623876342644 1151
1634437975397 0.9299802936094048 1152
1634438025294 0.9305571771481675 1153
1634438072675 0.925626488122887 1154
1634438125266 0.9293205701960338 1155
1634438172474 0.9266566680799901 1156
1634438221958 0.9225822111656441 1157
1634438269099 0.9289524809875783 1158
1634438320657 0.9293638829380972 1159
1634438370119 0.9281642062624619 1160
1634438420555 0.9270822008315036 1161
1634438468250 0.9256246422135268 1162
1634438519366 0.9281964233217574 1163
1634438567085 0.9249151685704377 1164
1634438617636 0.9293014705725241 1165
1634438664889 0.9273343493644691 1166
1634438716622 0.9260417992690756 1167
1634438764231 0.9275462441691061 1168
1634438816396 0.9275074116171641 1169
1634438863965 0.9317877142218753 1170
1634438915604 0.9270884640085038 1171
1634438963308 0.929130739204246 1172
1634439015007 0.9262732906624745 1173
1634439062692 0.926431611903306 1174
1634439113135 0.9246940450337925 1175
1634439160868 0.920178552073777 1176
1634439212122 0.9171752459697211 1177
1634439259686 0.929606655619227 1178
1634439311175 0.9263736343550394 1179
1634439361004 0.9269611306360003 1180
1634439412210 0.926251697847108 1181
1634439459644 0.9253211571656398 1182
1634439510922 0.926601368044794 1183
1634439558553 0.9253146882509179 1184
1634439609566 0.9279206824890807 1185
1634439657206 0.9276629414265417 1186
1634439708364 0.9270240317856093 1187
1634439755806 0.9306429676490146 1188
1634439807662 0.9281504485798351 1189
1634439855070 0.9278589691776944 1190
1634439905516 0.9311860341775575 1191
1634439952821 0.9310325425458535 1192
1634440003786 0.9283037038851879 1193
1634440051278 0.9269266558248946 1194
1634440102862 0.9289719903467304 1195
1634440150571 0.9280785184295943 1196
1634440202822 0.9285012887059932 1197
1634440250689 0.9252199915292606 1198
1634440301704 0.9276919546953681 1199
1634440351724 0.9269325794963582 1200
1634440404701 0.9248857473223834 1201
1634440452766 0.9244558318109387 1202
1634440500080 0.9227982043322001 1203
1634440547642 0.9263242313720021 1204
1634440599913 0.9281710580909754 1205
1634440647668 0.9263701897589849 1206
1634440700215 0.9298744805021971 1207
1634440748102 0.9263384623874146 1208
1634440795702 0.9199430920382068 1209
1634440843366 0.9267148534733871 1210
1634440891104 0.9302406314232996 1211
1634440939143 0.9285798928606246 1212
1634440987127 0.9281322298254449 1213
1634441034742 0.9314741857928165 1214
1634441087716 0.9253984374587637 1215
1634441135111 0.9280827275690681 1216
1634441183001 0.929838579208556 1217
1634441230694 0.9302386541414062 1218
1634441278526 0.930014555735507 1219
1634441328448 0.9321420499395662 1220
1634441381463 0.9292362851791282 1221
1634441429416 0.9274519425208484 1222
1634441482400 0.9282570816799103 1223
1634441530585 0.9296084365056063 1224
1634441578144 0.9306904647560649 1225
1634441625750 0.9267878406082979 1226
1634441673804 0.9305617507205848 1227
1634441721698 0.9280705913596612 1228
1634441769654 0.9306391770837139 1229
1634441817417 0.9246230860410818 1230
1634441866915 0.9294525669370722 1231
1634441914772 0.920601020668177 1232
1634441962403 0.9295284419009482 1233
1634442010389 0.9302339837886687 1234
1634442063635 0.9269262450984641 1235
1634442111425 0.9301282186868233 1236
1634442159457 0.9302490290116424 1237
1634442207777 0.928870813586189 1238
1634442255680 0.9291385424888904 1239
1634442305766 0.9267796727045802 1240
1634442354652 0.9307766852774941 1241
1634442403235 0.9285193640355252 1242
1634442456996 0.9291043238777235 1243
1634442505191 0.9287614729864333 1244
1634442558174 0.9299587496347644 1245
1634442606423 0.9261920856928529 1246
1634442659489 0.9313898258717108 1247
1634442707288 0.9308468653712145 1248
1634442755388 0.9272379361437095 1249
1634442803165 0.9319712171455461 1250
1634442851333 0.930226757052417 1251
1634442899178 0.9276700520378961 1252
1634442947256 0.9268934340775635 1253
1634442995489 0.9329542899706457 1254
1634443043716 0.9275295470976007 1255
1634443091761 0.9245716588683783 1256
1634443139137 0.9303788316319099 1257
1634443188311 0.9263827636688674 1258
1634443238762 0.9303704410174248 1259
1634443289158 0.9281799146301085 1260
1634443338024 0.9295770551275649 1261
1634443386037 0.9304251137649118 1262
1634443434031 0.9314072590608652 1263
1634443482394 0.929535418301808 1264
1634443531110 0.9360138094466467 1265
1634443580089 0.9227289004817674 1266
1634443628427 0.9301423795987971 1267
1634443677843 0.9305117428486542 1268
1634443727392 0.9274586671168581 1269
1634443776505 0.9307892552120989 1270
1634443825095 0.9307821515982303 1271
1634443874345 0.9243406085652035 1272
1634443922810 0.9252962273412625 1273
1634443971799 0.9299012903457118 1274
1634444019761 0.9244658194769778 1275
1634444068759 0.929032365732498 1276
1634444117569 0.9286601489016308 1277
1634444166463 0.9307795438720029 1278
1634444216479 0.9303710414367853 1279
