1634387547349 0.8413424329129384 1
1634387588511 0.9564112662706629 2
1634387629988 0.9630943769484321 3
1634387671379 0.9520429954738365 4
1634387711719 0.9651323627940561 5
1634387752440 0.9707797614035663 6
1634387792993 0.9595097768900204 7
1634387833674 0.9639496400784391 8
1634387874482 0.9780883968403976 9
1634387915049 0.9749327240775486 10
1634387955333 0.9673679728508432 11
1634387996001 0.954341017258234 12
1634388036628 0.9736758274132118 13
1634388076952 0.969277422125314 14
1634388117272 0.9784008477849225 15
1634388157942 0.9709271063454784 16
1634388197890 0.9826389835931486 17
1634388238917 0.9609323609298255 18
1634388279507 0.964158656191911 19
1634388322072 0.9648953974940288 20
1634388362550 0.9783958574057846 21
1634388403796 0.9724023912403991 22
1634388444041 0.9768532174981249 23
1634388483971 0.9713428196290809 24
1634388524068 0.9720844982862911 25
1634388563818 0.9715060380784943 26
1634388603827 0.9712817692499187 27
1634388643475 0.9723514376887745 28
1634388683198 0.9711387778873861 29
1634388722891 0.9742272290162897 30
1634388763255 0.9772753672415645 31
1634388802816 0.9700439697627863 32
1634388842712 0.9595861580750756 33
1634388882372 0.9733955246427621 34
1634388922360 0.9763607210575959 35
1634388962517 0.970280084568525 36
1634389002175 0.9760752982515087 37
1634389042252 0.9771695592810453 38
1634389081816 0.9767032868717856 39
1634389124429 0.9745505202701866 40
1634389164340 0.9778201195149672 41
1634389204512 0.9751635903626861 42
1634389244593 0.9723216060576784 43
1634389284580 0.977370512703232 44
1634389324469 0.9742375154775106 45
1634389365036 0.977272401233993 46
1634389405178 0.9720756952810298 47
1634389444973 0.9784359032595502 48
1634389484859 0.9758013079180455 49
1634389525036 0.9724576302201736 50
1634389564653 0.9672766262313724 51
1634389604765 0.974025594010453 52
1634389644536 0.9729662444651903 53
1634389684670 0.9771887731809755 54
1634389724908 0.9732674993639208 55
1634389764798 0.9783520219191593 56
1634389805180 0.979041114596447 57
1634389845287 0.977859746283762 58
1634389885293 0.9753856005799661 59
1634389927161 0.9755335784007051 60
1634389967433 0.9757909515745369 61
1634390007575 0.9783410988597517 62
1634390047956 0.9805862415968578 63
1634390087988 0.9748201661170789 64
1634390127859 0.978541520970503 65
1634390168136 0.9708259387673701 66
1634390208144 0.9767841859163657 67
1634390248102 0.9769976430326267 68
1634390288855 0.9710676765561391 69
1634390329189 0.9803151660895304 70
1634390369019 0.9673264434073372 71
1634390409277 0.9754222704481015 72
1634390449320 0.9776024215795864 73
1634390489459 0.9729886748875369 74
1634390529733 0.9741503894475823 75
1634390569618 0.9792570023313109 76
1634390610197 0.9788546153734828 77
1634390650428 0.970419965550871 78
1634390690538 0.9718501493802105 79
1634390732947 0.9767924066772589 80
1634390773023 0.9716844097198902 81
1634390813332 0.9787708886959604 82
1634390853700 0.9785754236566018 83
1634390894110 0.9797343945112963 84
1634390934258 0.9786896316645451 85
1634390974449 0.9764581946813091 86
1634391014898 0.976600753207572 87
1634391055010 0.9727738497412745 88
1634391095433 0.976129714528793 89
1634391135893 0.97865929627037 90
1634391175806 0.9747779558895143 91
1634391215854 0.9754232569774022 92
1634391256153 0.9701831789683794 93
1634391296456 0.9734772340856496 94
1634391336658 0.9723063391824417 95
1634391376981 0.9779119817329057 96
1634391417370 0.976974530168982 97
1634391457501 0.9747505055832134 98
1634391497797 0.976394731723111 99
1634391540319 0.9755407371870497 100
1634391580773 0.9804039561698216 101
1634391621156 0.9726184662131319 102
1634391661305 0.9751844569521593 103
1634391701443 0.9778843529244061 104
1634391741758 0.9772753890388194 105
1634391781946 0.9746883321745554 106
1634391822240 0.9801825760212431 107
1634391862661 0.9757497145318341 108
1634391903060 0.9788989177812797 109
1634391943393 0.9785703767695311 110
1634391983906 0.9739084987654586 111
1634392024317 0.9736444451926937 112
1634392064686 0.9802964830843411 113
1634392104739 0.9771100002945606 114
1634392145084 0.9720159614920714 115
1634392185203 0.9765008988580824 116
1634392225668 0.9777142137568957 117
1634392266111 0.9740829042155943 118
1634392306446 0.9770045463263141 119
1634392348947 0.9711397475851308 120
1634392389217 0.9748506639622075 121
1634392429820 0.9766444236226596 122
1634392470028 0.9781024986010127 123
1634392510550 0.9808019871955819 124
1634392551161 0.9728449731551904 125
1634392591805 0.9761472154197273 126
1634392632316 0.9799465759303359 127
1634392672645 0.9768703171760198 128
1634392713317 0.9804316119527915 129
1634392753631 0.9776133350862335 130
1634392794077 0.978433423295037 131
1634392834324 0.9732340636975968 132
1634392874813 0.9754132411755653 133
1634392915176 0.9785160396084494 134
1634392955748 0.9709114261412392 135
1634392996132 0.9744130312309386 136
1634393036589 0.9750799271764776 137
1634393077141 0.9759917610381017 138
1634393117486 0.9793065366683219 139
1634393160229 0.9783206362909749 140
1634393201050 0.9786720047197975 141
1634393241651 0.979092186813048 142
1634393282433 0.9803919972854997 143
1634393322981 0.9781273332692602 144
1634393363475 0.9800226292943376 145
1634393404303 0.9760368197054027 146
1634393444799 0.9805431827877741 147
1634393485225 0.9790666519097179 148
1634393525689 0.9785482134879854 149
1634393566571 0.9762328555668988 150
1634393607343 0.9803636303192779 151
1634393647614 0.9772625975010981 152
1634393688047 0.9783047345634022 153
1634393728483 0.9736773819622382 154
1634393768892 0.9802498292805546 155
1634393809310 0.98144470673497 156
1634393849920 0.9780535039357062 157
1634393890377 0.9749924294174235 158
1634393930845 0.978818953905946 159
1634393973668 0.9709079025854421 160
1634394014332 0.9785105980941177 161
1634394054853 0.9788334707887573 162
1634394095603 0.9784740723072567 163
1634394136182 0.9791029903387813 164
1634394177918 0.9777792011671538 165
1634394218436 0.9796561151552358 166
1634394259240 0.9768817354273128 167
1634394299940 0.9787604435409427 168
1634394340826 0.9788872936256293 169
1634394381231 0.9705122397857201 170
1634394421852 0.9788235155884956 171
1634394462343 0.9757889847986448 172
1634394502881 0.9753033348447137 173
1634394543462 0.9780934458606066 174
1634394584294 0.9767084311277301 175
1634394625044 0.973438283771613 176
1634394665949 0.9797747338464533 177
1634394707563 0.9768027634652293 178
1634394748380 0.9795580466737981 179
1634394792153 0.9753645632041518 180
1634394832997 0.978201667464579 181
1634394874035 0.9737692277438716 182
1634394914794 0.9775033979211246 183
1634394955942 0.9786982143282219 184
1634394996994 0.9818040560368476 185
1634395038808 0.9805114282525808 186
1634395079761 0.9690867449483557 187
1634395120653 0.9786698308980847 188
1634395161467 0.9822503726319404 189
1634395202580 0.981507205079386 190
1634395243354 0.9756346767792098 191
1634395283939 0.9790509609315096 192
1634395324851 0.973447161129698 193
1634395365446 0.979210850722136 194
1634395406184 0.9803059245783837 195
1634395447161 0.9764565201296536 196
1634395487748 0.9790415341108665 197
1634395528662 0.9790680121120106 198
1634395569547 0.9776956755478665 199
1634395612748 0.9783503218079083 200
1634395653883 0.9779755391045554 201
1634395694769 0.9805353677455442 202
1634395735766 0.9781338136683732 203
1634395776895 0.97743792670193 204
1634395817783 0.9804853697354445 205
1634395858756 0.9803656305420683 206
1634395899702 0.9807645652426488 207
1634395940411 0.9800855061092466 208
1634395981432 0.9806751024665639 209
1634396022454 0.9804347168658344 210
1634396064268 0.9773843790480711 211
1634396105136 0.9811875567848611 212
1634396145908 0.9781297770758802 213
1634396187023 0.9822471558344916 214
1634396228084 0.9797959260444981 215
1634396268878 0.972140378604316 216
1634396309816 0.9791427642364651 217
1634396350888 0.9771974312641732 218
1634396391657 0.9778777238684598 219
1634396434934 0.9779266691132209 220
1634396475799 0.9798633019153267 221
1634396516894 0.9784012654448678 222
1634396558122 0.9802816420307819 223
1634396599029 0.9750747501811923 224
1634396640094 0.9778410172613544 225
1634396681343 0.9803835199395576 226
1634396722473 0.9774653118562776 227
1634396763482 0.9794871665725617 228
1634396804312 0.9773255517106673 229
1634396845102 0.9804435539200926 230
1634396886137 0.9804056180988104 231
1634396926976 0.9800380427983605 232
1634396967948 0.9757874263726464 233
1634397009174 0.9805853245392424 234
1634397050324 0.9788846353304715 235
1634397091400 0.9820441197164455 236
1634397133623 0.9795698311957982 237
1634397174958 0.9836701368415798 238
1634397215795 0.9758717427169827 239
1634397259473 0.9822210237449341 240
1634397302140 0.9799177423990275 241
1634397343540 0.980521967145676 242
1634397384484 0.9790511627647874 243
1634397425767 0.9792940192652826 244
1634397467056 0.9791018752107687 245
1634397508119 0.9778532289815456 246
1634397549689 0.981488358523629 247
1634397590739 0.9796704789081967 248
1634397632262 0.977500667127561 249
1634397673624 0.9781067594165717 250
1634397714541 0.9770277737536847 251
1634397755692 0.981520289159218 252
1634397796633 0.9745317412200308 253
1634397837760 0.9819015153798355 254
1634397878653 0.9826305601867583 255
1634397919700 0.9809467207620318 256
1634397961053 0.9793552574814547 257
1634398002072 0.9790269858564112 258
1634398043046 0.9805095697354049 259
1634398086731 0.9810995162654096 260
1634398128119 0.9768160938028462 261
1634398169205 0.9773516035094177 262
1634398210650 0.9740655804765255 263
1634398251997 0.9787529869683784 264
1634398293375 0.9768342314318762 265
1634398334441 0.9824507101975605 266
1634398376073 0.9805047428122005 267
1634398417299 0.9757277159301604 268
1634398458657 0.9773202723548771 269
1634398500270 0.9783962733898679 270
1634398541472 0.9814555221267541 271
1634398583013 0.9743928494879006 272
1634398624554 0.9794498140697044 273
1634398665600 0.9789344318305464 274
1634398706875 0.9770086190063078 275
1634398748103 0.9797113325566829 276
1634398789404 0.9759041108981366 277
1634398830928 0.978116069594515 278
1634398872250 0.9782533187038902 279
1634398916121 0.9823680673876148 280
1634398957907 0.9784770934071032 281
1634398999331 0.9798319113667157 282
1634399040820 0.9800823141676724 283
1634399082584 0.9797681562999406 284
1634399124222 0.9819526892044217 285
1634399165741 0.9794013384808484 286
1634399207312 0.9789477826711284 287
1634399248655 0.9798812392732413 288
1634399290359 0.9786657823226333 289
1634399331802 0.9788410037384782 290
1634399373569 0.9813455275827135 291
1634399414874 0.9796809952546278 292
1634399456566 0.9769046078304437 293
1634399498143 0.9775095386791481 294
1634399539558 0.9797268256430571 295
1634399581187 0.9799920572882852 296
1634399622773 0.9797769807857988 297
1634399664092 0.9794590922001968 298
1634399705795 0.9819142781745932 299
1634399749446 0.9806554668272639 300
1634399791174 0.9796063582018981 301
1634399833145 0.9798872546818853 302
1634399874827 0.9779174121811316 303
1634399916480 0.9811885563531891 304
1634399958211 0.97847458875703 305
1634399999977 0.9808955203272453 306
1634400041918 0.9756444487384657 307
1634400083690 0.9769495723854004 308
1634400125516 0.980947654944718 309
1634400167513 0.9809303108757118 310
1634400209109 0.9796336812759588 311
1634400250971 0.9742895787698294 312
1634400292757 0.97967982820784 313
1634400334757 0.9808864006017382 314
1634400376549 0.980224931309528 315
1634400418284 0.9757592241231012 316
1634400460197 0.9831348476271462 317
1634400503651 0.9820318550566931 318
1634400545492 0.9800978781260452 319
1634400589364 0.9801883471803118 320
1634400631256 0.9810201675493823 321
1634400674989 0.9824233778216268 322
1634400716912 0.9744269405015731 323
1634400758941 0.9769074153072922 324
1634400800725 0.9773005571948049 325
1634400842673 0.9814590180350674 326
1634400884590 0.9834968682913826 327
1634400926557 0.9819304614913449 328
1634400968548 0.9788244702436943 329
1634401010195 0.9789851790978179 330
1634401051830 0.9802555232714252 331
1634401093642 0.9784911379724698 332
1634401135617 0.9769363279320455 333
1634401177788 0.9790992094155342 334
1634401219918 0.980921971189501 335
1634401261875 0.9814138172512487 336
1634401303559 0.9799160138110533 337
1634401345575 0.9763495589095152 338
1634401387642 0.9809795013326225 339
1634401431529 0.9807966765970255 340
1634401473657 0.9749013608594851 341
1634401515970 0.9786633548733382 342
1634401557624 0.9780358803578513 343
1634401599661 0.9810992757516941 344
1634401641445 0.9796434873222097 345
1634401683505 0.9802104544969225 346
1634401725458 0.9817071069493226 347
1634401767480 0.9785502687604112 348
1634401809851 0.9803846582448469 349
1634401851594 0.9788333217729802 350
1634401893557 0.9786976500052049 351
1634401935566 0.9816311676332372 352
1634401977475 0.9804110990707079 353
1634402019449 0.9798037854476161 354
1634402061683 0.9817100973608167 355
1634402103879 0.9787924833577019 356
1634402145992 0.980234087553181 357
1634402187851 0.9803062766062463 358
1634402229977 0.9842433468940902 359
1634402274199 0.9778838631504458 360
1634402316248 0.9812654891503778 361
1634402358302 0.9788170402622972 362
1634402400164 0.9789965205195938 363
1634402442152 0.9816990251373984 364
1634402484167 0.9804535451537805 365
1634402526076 0.9810917525989398 366
1634402568194 0.9813320711672368 367
1634402611835 0.9802503306731447 368
1634402653699 0.9834169986821637 369
1634402695553 0.9800193582693343 370
1634402739613 0.9785033190789284 371
1634402781869 0.9784897548134082 372
1634402824086 0.9788857466848396 373
1634402868035 0.9819124877494763 374
1634402910303 0.9795409962662225 375
1634402952433 0.9816601543259622 376
1634402994635 0.9827193774810716 377
1634403036545 0.9783774216380761 378
1634403078608 0.9781224008121636 379
1634403122659 0.9801436543019122 380
1634403166700 0.9799704530063349 381
1634403208979 0.9802214284653479 382
1634403251290 0.9807379015963724 383
1634403293387 0.9802764126806762 384
1634403335709 0.9820420886344666 385
1634403378121 0.9810000344676898 386
1634403420347 0.9815668582670051 387
1634403463086 0.9801748214733139 388
1634403505639 0.980283539452974 389
1634403552025 0.9790685850835178 390
1634403595981 0.9799667969537561 391
1634403638034 0.9801979801917043 392
1634403680431 0.9838978312243747 393
1634403722553 0.98136824583498 394
1634403764810 0.9753424762082828 395
1634403807075 0.9792021947783377 396
1634403849431 0.9826362892105728 397
1634403891454 0.9817108750756064 398
1634403935907 0.9827092204651727 399
1634403980586 0.981787939921951 400
1634404023104 0.9785546008646754 401
1634404065260 0.9748653661649845 402
1634404107628 0.9838458249438433 403
1634404150175 0.9809981198771381 404
1634404192516 0.9816375032826236 405
1634404234805 0.9802999403740982 406
1634404276945 0.981697416435459 407
1634404319420 0.976084815026289 408
1634404361873 0.9823679580728287 409
1634404404404 0.9804418592878227 410
1634404446972 0.9820109337709914 411
1634404489442 0.9816821486945837 412
1634404532104 0.9798999357566869 413
1634404574636 0.9794148852281468 414
1634404617164 0.9816072882650458 415
1634404659793 0.9815293181349635 416
1634404701959 0.9807453906587226 417
1634404744602 0.9778767409688652 418
1634404786984 0.9823459490412328 419
1634404831689 0.980709195640566 420
1634404873992 0.983043613547306 421
1634404916784 0.9796298386590434 422
1634404959282 0.9770709342357334 423
1634405002040 0.9799283649053634 424
1634405044327 0.983366804608192 425
1634405086933 0.980608828152494 426
1634405129491 0.9789209312327916 427
1634405172124 0.9812751605431496 428
1634405214806 0.9790246074510328 429
1634405257423 0.9809564231962419 430
1634405300193 0.978532606874478 431
1634405342882 0.9812620469247836 432
1634405385401 0.977714951128403 433
1634405427921 0.9799636955835922 434
1634405470480 0.980055381116898 435
1634405512659 0.9802973298880603 436
1634405555357 0.9809159904972758 437
1634405597880 0.978722479854092 438
1634405640105 0.9821150101081306 439
1634405684957 0.9804163609464281 440
1634405727519 0.9805308981861638 441
1634405770055 0.9826367027281324 442
1634405812820 0.9807945149177986 443
1634405855278 0.9824476528286312 444
1634405897507 0.981991086695013 445
1634405940160 0.9819300489489875 446
1634405982592 0.9834233429699256 447
1634406025325 0.9821442165253761 448
1634406068037 0.9831949834659522 449
1634406110642 0.9819927076837865 450
1634406157994 0.979317798126284 451
1634406200692 0.9811724827285201 452
1634406243349 0.9805003406211423 453
1634406286067 0.980591154336783 454
1634406328717 0.9806985518496871 455
1634406371548 0.9829570650277304 456
1634406414212 0.9796248700409187 457
1634406456933 0.9812742475484335 458
1634406499394 0.9822068839976988 459
1634406544247 0.9802290356006412 460
1634406587042 0.9814685731112591 461
1634406629901 0.9805914312394503 462
1634406672719 0.9817233389610013 463
1634406715948 0.9793193677635801 464
1634406758990 0.9799174691849261 465
1634406802583 0.9826213972806599 466
1634406845853 0.9825766373166874 467
1634406888493 0.9812265059000517 468
1634406931383 0.9820523996998952 469
1634406974269 0.9820155723475187 470
1634407017242 0.9827471451479904 471
1634407060035 0.9823285620117131 472
1634407103118 0.9797012220931984 473
1634407145887 0.9806294361411936 474
1634407188728 0.9797310573358963 475
1634407231667 0.9843172864645446 476
1634407274559 0.9785149856845301 477
1634407317264 0.9824205269820955 478
1634407360156 0.9823072809720502 479
1634407405478 0.9798859635277397 480
1634407448411 0.9779552796502056 481
1634407491198 0.984435042056593 482
1634407534304 0.9830307343653271 483
1634407577324 0.9806835578114818 484
1634407622512 0.9822261557079421 485
1634407665356 0.9809605816369946 486
1634407710556 0.979886960189945 487
1634407753799 0.9827866536460612 488
1634407797428 0.9816560426545977 489
1634407840928 0.9796740357077773 490
1634407884478 0.9794762343137505 491
1634407928063 0.9803050863270533 492
1634407971110 0.9816963578905344 493
1634408014113 0.9828158468915746 494
1634408056879 0.9802606353195429 495
1634408099803 0.9828097028111827 496
1634408147808 0.9813725391228508 497
1634408190465 0.9815995674752399 498
1634408233472 0.9809972499522254 499
1634408278166 0.980133983335451 500
1634408321084 0.9801827163580099 501
1634408363939 0.9841715391609037 502
1634408406999 0.9815914826782561 503
1634408450009 0.9837143759918945 504
1634408493221 0.982836507944796 505
1634408536139 0.9794484735801371 506
1634408578903 0.9828711899211038 507
1634408622053 0.9816873831697065 508
1634408665129 0.9808841857852615 509
1634408708314 0.9807783204053205 510
1634408751452 0.9802211779793735 511
1634408794427 0.9815620475089365 512
1634408836924 0.9813763098601946 513
1634408879876 0.9826843516789824 514
1634408922662 0.9795355071806866 515
1634408965693 0.9806917809929786 516
1634409008364 0.9853940317049652 517
1634409051565 0.9806056353827229 518
1634409094291 0.979240488719232 519
1634409139588 0.9839654845894934 520
1634409182726 0.9797555926856568 521
1634409225641 0.9829114397535855 522
1634409268776 0.9798100690548582 523
1634409311615 0.9782706371522176 524
1634409354614 0.982255482338002 525
1634409397601 0.9815863178256075 526
1634409440858 0.9810364759282469 527
1634409483836 0.9839518855106867 528
1634409527001 0.9814087527011539 529
1634409570238 0.9824855177998217 530
1634409613372 0.9834740181338061 531
1634409656401 0.9808540974642077 532
1634409699566 0.9778362170343725 533
1634409744358 0.979954083592011 534
1634409787704 0.9824714102449127 535
1634409830672 0.9796094780676714 536
1634409873764 0.9815304348192876 537
1634409923937 0.9799507721786864 538
1634409966774 0.9824897414000298 539
1634410012036 0.979929600270617 540
1634410055389 0.9831525870584562 541
1634410098392 0.9818848473236269 542
1634410141499 0.9828017282115001 543
1634410184927 0.982527247695349 544
1634410227957 0.9796765622767807 545
1634410271363 0.9826564116964981 546
1634410316811 0.9782411496365947 547
1634410359931 0.9811065173147827 548
1634410403349 0.9829916075018653 549
1634410446607 0.9802445176404484 550
1634410489868 0.9798040888357996 551
1634410533269 0.9819714310172236 552
1634410576463 0.9810498427488774 553
1634410619417 0.9806976032069831 554
1634410662747 0.9799940185798764 555
1634410705883 0.9822399762304393 556
1634410749125 0.9826262105553658 557
1634410792336 0.9799720622241601 558
1634410835518 0.9797429989263542 559
1634410881149 0.9838081195571972 560
1634410927582 0.9811487137374855 561
1634410970603 0.9807375791481449 562
1634411014304 0.978315447703682 563
1634411057718 0.979795434052108 564
1634411100856 0.9829548036786361 565
1634411144350 0.9813378626349057 566
1634411187460 0.9775101549608037 567
1634411230757 0.9786693637192269 568
1634411274251 0.9784965545138758 569
1634411317671 0.9805235951361473 570
1634411361009 0.9824954692060971 571
1634411404331 0.9820536913441303 572
1634411447823 0.9833685987078732 573
1634411491251 0.9794555932331525 574
1634411534394 0.9779494820137029 575
1634411577431 0.9804596948780689 576
1634411620273 0.9768103951293042 577
1634411663600 0.9805932664468218 578
1634411706788 0.9833188349450501 579
1634411752172 0.9809299136449311 580
1634411798622 0.9738884367907026 581
1634411842622 0.9833277273049843 582
1634411886320 0.9805354616726559 583
1634411929893 0.9827556853859467 584
1634411973493 0.9808191859994397 585
1634412016986 0.9788473783676562 586
1634412060374 0.9816996686742248 587
1634412108239 0.9801140902844662 588
1634412151477 0.9835321109392297 589
1634412194788 0.9806085459156679 590
1634412238435 0.9814165237314847 591
1634412281810 0.9771839878969605 592
1634412325248 0.9838343547286867 593
1634412369107 0.9795318957917593 594
1634412412614 0.9803145138585447 595
1634412456210 0.9803893827117149 596
1634412499923 0.9799405677427472 597
1634412543496 0.9819817122198627 598
1634412586939 0.9834819856725451 599
1634412632655 0.9791724078932534 600
1634412676604 0.9802326260647678 601
1634412719998 0.9809320158374222 602
1634412763833 0.9820228084822112 603
1634412807791 0.9819027953329024 604
1634412851705 0.982135976061049 605
1634412895355 0.9784602129216249 606
1634412939160 0.9785083049565623 607
1634412982942 0.9792012772086949 608
1634413026407 0.9789474981719586 609
1634413069917 0.9822232511437878 610
1634413113360 0.9818159833107716 611
1634413156680 0.9840520553566593 612
1634413200202 0.981695708907742 613
1634413243795 0.9829211798091111 614
1634413287430 0.9822914300341259 615
1634413330892 0.9838274947944092 616
1634413374519 0.982230171569293 617
1634413418129 0.9796956360322492 618
1634413461548 0.9817322654277097 619
1634413507430 0.9799260179133144 620
1634413551125 0.982011561077637 621
1634413594913 0.9800154715659279 622
1634413638830 0.9852798205663241 623
1634413682427 0.9813505619454196 624
1634413726480 0.9780708044000059 625
1634413770250 0.9825281387018464 626
1634413814365 0.981622519702073 627
1634413858130 0.9820394343089468 628
1634413902144 0.98310190998935 629
1634413945780 0.9806590146804314 630
1634413989488 0.9820997538416448 631
1634414033162 0.977037689426667 632
1634414076926 0.9816334209537436 633
1634414120880 0.9826633139493033 634
1634414165015 0.9846745598156893 635
1634414214443 0.9808621034478268 636
1634414258396 0.982029376117957 637
1634414302642 0.982277280930596 638
1634414346511 0.9826316201477764 639
1634414392695 0.9814476964544833 640
1634414437655 0.9811609070971594 641
1634414482053 0.980630092861421 642
1634414525828 0.9809672666345408 643
1634414569938 0.9827821989884526 644
1634414620764 0.981899139700589 645
1634414664823 0.9842985225396096 646
1634414708792 0.9837095483616526 647
1634414752639 0.9819116048685712 648
1634414797133 0.9821082088492105 649
1634414840941 0.9829060945368607 650
1634414885053 0.9825756795313793 651
1634414928912 0.9828858929701414 652
1634414972926 0.9823598004000542 653
1634415016987 0.9821661197160197 654
1634415060901 0.9789050622253963 655
1634415104455 0.980488927908996 656
1634415148139 0.9817294142400529 657
1634415192063 0.9793707842223912 658
1634415235715 0.9798547990533624 659
1634415282109 0.9832771603772701 660
1634415327033 0.9810420833641722 661
1634415371070 0.9822604704200962 662
1634415414870 0.9833179902293182 663
1634415458999 0.9857466148021347 664
1634415502863 0.9810977964950061 665
1634415547031 0.9805983554818557 666
1634415590875 0.9815928523377659 667
1634415634966 0.9831479462732983 668
1634415678958 0.9809466375380027 669
1634415722812 0.9834650294420046 670
1634415766768 0.9811301375368392 671
1634415810668 0.9808973160713401 672
1634415854934 0.9828945637796318 673
1634415899136 0.983246707430032 674
1634415943281 0.9809437044158718 675
1634415987097 0.985577010842078 676
1634416031025 0.982563562739788 677
1634416075188 0.9807040727901137 678
1634416118949 0.9835028586109515 679
1634416165043 0.9838690820436081 680
1634416209661 0.980101153927833 681
1634416253870 0.9827415736126774 682
1634416298229 0.9774317603994793 683
1634416342145 0.9834003107290148 684
1634416386302 0.9796477611779291 685
1634416430568 0.9837306039735033 686
1634416475070 0.9812047574652368 687
1634416519205 0.9785925501618638 688
1634416563188 0.9822799357639407 689
1634416607380 0.980492269414884 690
1634416651878 0.9806296509058421 691
1634416696196 0.9821591855382846 692
1634416740311 0.9804586148588956 693
1634416784597 0.9824059570947119 694
1634416828591 0.9806201372769359 695
1634416872688 0.9814399577135384 696
1634416916908 0.9836927027252066 697
1634416961048 0.9833729756022457 698
1634417005419 0.9817061551145466 699
1634417052029 0.9813522529590074 700
1634417096978 0.9804204164139265 701
1634417141618 0.9805293132036896 702
1634417186088 0.9807775055164554 703
1634417230552 0.9796627837081529 704
1634417275093 0.9820220116710878 705
1634417319499 0.9826833866775968 706
1634417363554 0.9823917634664416 707
1634417408140 0.9848310508083387 708
1634417452426 0.9800248407323456 709
1634417496606 0.9805571981726302 710
1634417541067 0.9815284297517668 711
1634417585105 0.982378044725053 712
1634417629672 0.9813350311060284 713
1634417674263 0.9812245112224879 714
1634417718623 0.9795558266635968 715
1634417763192 0.9812337300231465 716
1634417807884 0.982919561395744 717
1634417852222 0.9817139190129545 718
1634417896422 0.9803535623207479 719
1634417942713 0.9810259533075494 720
1634417988145 0.981816331164572 721
1634418032707 0.9822610896013444 722
1634418077372 0.9815179433726363 723
1634418121688 0.9819505482758146 724
1634418166063 0.9820438184652656 725
1634418210918 0.9793351249833354 726
1634418255456 0.9784946876034842 727
1634418299954 0.98269172044108 728
1634418344304 0.9826266827685136 729
1634418388661 0.9841794937257646 730
1634418433152 0.9799224176724803 731
1634418477622 0.9799935168107783 732
1634418522380 0.9820578782690385 733
1634418566685 0.9822222818945563 734
1634418611274 0.9803139178409793 735
1634418655482 0.9836354906886131 736
1634418699768 0.9776126821652124 737
1634418744080 0.9818792018250994 738
1634418788692 0.9815724233752005 739
1634418835358 0.9810452680553083 740
1634418880173 0.9829511297987238 741
1634418925233 0.9802490425880438 742
1634418970029 0.9822997679483355 743
1634419014684 0.9836753389712047 744
1634419059196 0.9825292974017119 745
1634419104218 0.9810372399351659 746
1634419148873 0.9803908390980102 747
1634419193417 0.9822879952665317 748
1634419238124 0.9807250958913749 749
1634419282553 0.9813902547674637 750
1634419327135 0.9780462680821621 751
1634419371655 0.9831958222285243 752
1634419416232 0.9831913430656948 753
1634419460538 0.982671202590619 754
1634419505317 0.9773880090634229 755
1634419550104 0.979864252664556 756
1634419594418 0.9803443148206885 757
1634419638951 0.9799309444310095 758
1634419683730 0.9818578851057221 759
1634419730634 0.9793579412473629 760
1634419775829 0.9819032487203352 761
1634419820789 0.9822117685370365 762
1634419865887 0.9798683822498168 763
1634419911156 0.9819767073051059 764
1634419955953 0.9838224326821554 765
1634420000995 0.9807904359149981 766
1634420045882 0.9798886727191016 767
1634420091178 0.9831310919132039 768
1634420136191 0.982245596105278 769
1634420181368 0.983137189118582 770
1634420226315 0.9801404883367644 771
1634420271133 0.9824102068810313 772
1634420316139 0.9812615346014304 773
1634420360862 0.9840284803990165 774
1634420405899 0.9808941503702978 775
1634420450986 0.985401147395203 776
1634420495842 0.9813421025948708 777
1634420540942 0.9808902783194273 778
1634420585963 0.9826953102322595 779
1634420632673 0.9852351922726408 780
1634420678722 0.9785469229988394 781
1634420723852 0.9850665083267918 782
1634420768750 0.9806359891621794 783
1634420813772 0.9845358633482898 784
1634420858680 0.9826664386712053 785
1634420903650 0.9804960884511597 786
1634420948618 0.9817378080898546 787
1634420993731 0.9813019711793479 788
1634421038677 0.9811448682920311 789
1634421083418 0.9829131180959098 790
1634421128206 0.9806067799226081 791
1634421173127 0.9815465757394035 792
1634421218211 0.9811564972296388 793
1634421262877 0.9817793222674875 794
1634421307905 0.9829092896990637 795
1634421353167 0.9818076859033849 796
1634421398056 0.9826256895350232 797
1634421442624 0.982637992596179 798
1634421487318 0.9830302806239599 799
1634421534524 0.9826049750106883 800
1634421579885 0.9832176124287801 801
1634421625157 0.9804664222445266 802
1634421670027 0.9801871236245548 803
1634421715147 0.9814716643892452 804
1634421759974 0.9813309989625679 805
1634421804571 0.9807841723770803 806
1634421849837 0.9832795600469737 807
1634421894907 0.9822540640180046 808
1634421939822 0.9826788101247687 809
1634421984430 0.9812698067387777 810
1634422029504 0.982715063362611 811
1634422074365 0.983437032068098 812
1634422119393 0.9822806365470913 813
1634422164182 0.979038901296253 814
1634422209096 0.9791189000512989 815
1634422253973 0.9797725171380958 816
1634422298796 0.9817511790019543 817
1634422343731 0.9835068496899011 818
1634422388749 0.9816301998545555 819
1634422435872 0.982932908453007 820
1634422481851 0.9801223867884852 821
1634422527213 0.9823309343069656 822
1634422572137 0.9824707841418576 823
1634422617158 0.9826336213698361 824
1634422662091 0.9783555117863569 825
1634422707070 0.9863020747477773 826
1634422752283 0.9837728261083964 827
1634422797371 0.98212362552183 828
1634422842493 0.9821510790169659 829
1634422887565 0.9832746793884035 830
1634422932930 0.9829270066584124 831
1634422978094 0.9828327447402496 832
1634423023349 0.9805547608176955 833
1634423068288 0.980386773514839 834
1634423113414 0.9835593332127225 835
1634423158604 0.9823929469895318 836
1634423203638 0.981341708632138 837
1634423248913 0.9828343631035531 838
1634423294204 0.983073069342633 839
1634423341291 0.9861224337611388 840
1634423386610 0.9819485694049997 841
1634423431471 0.9840452182020686 842
1634423476684 0.9810548841722057 843
1634423521766 0.9816580393061161 844
1634423567192 0.9787299197379083 845
1634423612151 0.982015549204379 846
1634423657657 0.9825263771647542 847
1634423702872 0.9821016819418698 848
1634423747772 0.9824017790689852 849
1634423793196 0.9827128246614808 850
1634423838119 0.9817728166972814 851
1634423883346 0.981620122946246 852
1634423928459 0.9788724777218871 853
1634423973505 0.9784171335825278 854
1634424018799 0.9829637817145094 855
1634424064244 0.9826660752057039 856
1634424109181 0.9818656938689524 857
1634424154140 0.9813814553141247 858
1634424199388 0.9808107264143111 859
1634424247200 0.9826096308381621 860
1634424292616 0.982161062909163 861
1634424337850 0.9841895776272693 862
1634424383156 0.982186572033025 863
1634424428655 0.9848654445720064 864
1634424473848 0.9828551838616212 865
1634424519133 0.9835120716860003 866
1634424564503 0.980960448352928 867
1634424609792 0.9835595489818507 868
1634424655205 0.9825842548691461 869
1634424700545 0.982098694263958 870
1634424745777 0.9847608044087892 871
1634424790882 0.9844108064685475 872
1634424835713 0.9837390494041341 873
1634424881153 0.9821208526295847 874
1634424926088 0.9827434462238225 875
1634424980125 0.9810834910909019 876
1634425025531 0.983062534777861 877
1634425073586 0.9819791452920509 878
1634425118878 0.9810522462048531 879
1634425173973 0.982533725896986 880
1634425219711 0.9829196935225334 881
1634425265515 0.9766243019522145 882
1634425310955 0.9821675855615369 883
1634425356556 0.9831514390378998 884
1634425401877 0.9801386035131314 885
1634425447218 0.9784678801136025 886
1634425492398 0.9830958790125578 887
1634425537565 0.9831639388840553 888
1634425583057 0.9798076361745119 889
1634425628575 0.9820909377268787 890
1634425674128 0.9827294783203382 891
1634425719445 0.9826375017945563 892
1634425764860 0.9829649816461041 893
1634425810074 0.983264969092149 894
1634425860036 0.983758870636823 895
1634425905386 0.9828510466833202 896
1634425951027 0.9825585752649859 897
1634425996655 0.981027964636448 898
1634426042138 0.9840909759305462 899
1634426090031 0.9808056112550693 900
1634426135458 0.9813919064447669 901
1634426181379 0.9843780903674604 902
1634426226845 0.9843058012168729 903
1634426272543 0.9815755336965353 904
1634426318095 0.9811207844263002 905
1634426363552 0.9837013603391068 906
1634426409352 0.9823659832886981 907
1634426455078 0.9819557103200123 908
1634426500692 0.9846857273562128 909
1634426546464 0.9801475200788613 910
1634426592367 0.9792468308157152 911
1634426638006 0.9827741288501977 912
1634426683416 0.9806962875614589 913
1634426732609 0.9830432517056171 914
1634426778037 0.9828757226912135 915
1634426825998 0.9816687566931723 916
1634426871790 0.98188062876717 917
1634426917667 0.9837532833746137 918
1634426963074 0.9815560797846714 919
1634427010995 0.9832544484475514 920
1634427057559 0.9817360456726641 921
1634427103582 0.9838730986771426 922
1634427149435 0.982137153429315 923
1634427195356 0.9827395498201932 924
1634427240829 0.9829321621340426 925
1634427286886 0.9815654937547786 926
1634427332614 0.9824273551850974 927
1634427378001 0.9822549147673223 928
1634427423590 0.9814403556019453 929
1634427469026 0.9833144933733656 930
1634427514714 0.981531750443208 931
1634427560823 0.9827894063499266 932
1634427606560 0.9799014590016 933
1634427652304 0.9820618372477561 934
1634427698410 0.9823372338069316 935
1634427744442 0.9810707851506719 936
1634427790271 0.9804429347540944 937
1634427835835 0.9811689749482781 938
1634427881717 0.982026443489812 939
1634427929664 0.9828089637333098 940
1634427983141 0.9827660985785045 941
1634428028895 0.9818441137722811 942
1634428074471 0.9823875270725295 943
1634428120307 0.9819874051666138 944
1634428166242 0.9830059346926876 945
1634428211916 0.9821738231910152 946
1634428264346 0.9823334904786036 947
1634428316363 0.9772692400138914 948
1634428362362 0.9818237488059959 949
1634428408086 0.9851759030171537 950
1634428454502 0.9746412537993564 951
1634428500311 0.9823005677887282 952
1634428546792 0.9840976586600391 953
1634428592651 0.9828764772189031 954
1634428638738 0.9823549878452814 955
1634428685186 0.9817516456098057 956
1634428730970 0.9832531900637874 957
1634428777063 0.9814610005695309 958
1634428823187 0.9851688227654769 959
1634428871209 0.9839630943021017 960
1634428918041 0.9830248626623265 961
1634428964500 0.9828681875508841 962
1634429010596 0.9852880340913049 963
1634429056759 0.9831894038864 964
1634429108884 0.9796877530919383 965
1634429155238 0.9824596382095785 966
1634429201380 0.9811758034760744 967
1634429247632 0.9809370736846181 968
1634429293825 0.9830468506333928 969
1634429340047 0.9835270170352268 970
1634429386111 0.9842159543418209 971
1634429432243 0.9830049072311757 972
1634429478425 0.9829395583501492 973
1634429524722 0.9823739264286465 974
1634429570953 0.9804140579252532 975
1634429617422 0.9800230501169295 976
1634429663509 0.9827534835356555 977
1634429709765 0.9787646752664861 978
1634429756013 0.9820937609417977 979
1634429804215 0.9806883125012674 980
1634429850419 0.982677446284838 981
1634429896958 0.9823616807855535 982
1634429942857 0.9805695463559664 983
1634429988737 0.9788438387925559 984
1634430035141 0.9827394692530589 985
1634430081122 0.9820014004078578 986
1634430127796 0.9815194630371629 987
1634430174057 0.9822627179681258 988
1634430220529 0.979467135950779 989
1634430266975 0.9817409369876695 990
1634430313280 0.9843270237466418 991
1634430359406 0.9808461421502811 992
1634430405749 0.9824315558608716 993
1634430452452 0.9796256321974669 994
1634430498964 0.9824552100170314 995
1634430545292 0.9817559564416511 996
1634430591528 0.9822284758260162 997
1634430638383 0.9830842816853638 998
1634430684610 0.9829426289439149 999
1634430733666 0.9838317151625339 1000
1634430780377 0.9824013595376229 1001
1634430826627 0.9827341657380728 1002
1634430872904 0.9806703640007344 1003
1634430918828 0.980927682940131 1004
1634430965021 0.9782201817980374 1005
1634431011329 0.983774713052785 1006
1634431057666 0.9840116673134284 1007
1634431103886 0.9825820299506052 1008
1634431150030 0.9818315082667814 1009
1634431196820 0.9823937613006706 1010
1634431242909 0.9829225753372601 1011
1634431289104 0.9824611935355466 1012
1634431335163 0.9821274784114408 1013
1634431382171 0.9817411267347225 1014
1634431428616 0.9851371967585726 1015
1634431475093 0.982236829299529 1016
1634431526155 0.981261169404505 1017
1634431572152 0.9819482061039787 1018
1634431618761 0.9814484891578099 1019
1634431667035 0.9819682068490706 1020
1634431713893 0.9830882703767376 1021
1634431760596 0.9810744012510538 1022
1634431807060 0.9798030077608076 1023
1634431853635 0.9824452157881653 1024
1634431900388 0.9807809935436069 1025
1634431946534 0.9826372331365162 1026
1634431993440 0.9804300809831986 1027
1634432039922 0.9813958742353034 1028
1634432086474 0.9822744702335903 1029
1634432132943 0.9810990314036814 1030
1634432179288 0.9836340533977505 1031
1634432225824 0.9826491995123936 1032
1634432272075 0.9834505011146538 1033
1634432318461 0.9813212043157845 1034
1634432364881 0.9834486761419091 1035
1634432411356 0.9820865567788826 1036
1634432458200 0.9824130163050001 1037
1634432504902 0.9833663454021803 1038
1634432551943 0.981029323779843 1039
1634432600934 0.9836695244613852 1040
1634432648508 0.9836565604130669 1041
1634432695447 0.9838574430173692 1042
1634432742391 0.9835602077856297 1043
1634432788984 0.9843887964413844 1044
1634432835503 0.9819775680478885 1045
1634432882458 0.9822122191481957 1046
1634432929626 0.9825875769285122 1047
1634432976505 0.9844116335571989 1048
1634433023373 0.9839777194937336 1049
1634433074481 0.9824770979608638 1050
1634433126293 0.9830669501832091 1051
1634433172592 0.9824888192518859 1052
1634433219711 0.9839208789295532 1053
1634433266240 0.9822343122200347 1054
1634433313015 0.9834058990513992 1055
1634433359566 0.9821370473609243 1056
1634433406494 0.9804738311710391 1057
1634433453356 0.9829602484468947 1058
1634433499811 0.9826851769846771 1059
1634433548622 0.98189886633546 1060
1634433596946 0.9829958004184639 1061
1634433644039 0.9845851568102497 1062
1634433692585 0.9833250915345264 1063
1634433739495 0.9823653962988843 1064
1634433786265 0.9844196669220582 1065
1634433832672 0.9850090439045998 1066
1634433879865 0.9823810651154188 1067
1634433926450 0.9824572754806616 1068
1634433973722 0.9836899348969407 1069
1634434020280 0.9820577873660037 1070
1634434067214 0.9813858055326393 1071
1634434114194 0.9853144148137217 1072
1634434162790 0.9801067159121425 1073
1634434209453 0.9811735321239878 1074
1634434256038 0.9816281780741608 1075
1634434303145 0.9810395885178422 1076
1634434349922 0.9819768839588934 1077
1634434396876 0.9829957603773519 1078
1634434446247 0.9832476484333317 1079
1634434495636 0.9826756340381421 1080
1634434542882 0.980710922372211 1081
1634434589885 0.980485781260434 1082
1634434638354 0.9842105757401018 1083
1634434685299 0.9818533830891548 1084
1634434732380 0.9834502938196251 1085
1634434778893 0.9821720188508731 1086
1634434827656 0.9825942009588853 1087
1634434874572 0.9835797608466086 1088
1634434922490 0.9839022420508283 1089
1634434969016 0.9811693496787227 1090
1634435016067 0.9833679200091662 1091
1634435062571 0.9818981274727557 1092
1634435112493 0.982438677198597 1093
1634435159079 0.9837261753887228 1094
1634435206830 0.9798749497004613 1095
1634435253783 0.9838016016305862 1096
1634435300394 0.9837932169187675 1097
1634435347392 0.9824269545854066 1098
1634435393779 0.9819165450673122 1099
1634435443017 0.9809456604231316 1100
1634435491896 0.9826313755225281 1101
1634435538966 0.9836646252205382 1102
1634435589175 0.9805073663398788 1103
1634435636253 0.9800646299569661 1104
1634435683605 0.9833089701978487 1105
1634435730314 0.9818805280486416 1106
1634435780101 0.9815817491431958 1107
1634435827061 0.9807888736380351 1108
1634435880272 0.9825851303730105 1109
1634435928082 0.9827183297854096 1110
1634435978205 0.9822320153695928 1111
1634436025128 0.9814650141889052 1112
1634436074722 0.9813271595107121 1113
1634436121936 0.9812920797634489 1114
1634436171411 0.9802838082002407 1115
1634436218556 0.981476555218313 1116
1634436267380 0.9831027080559412 1117
1634436314847 0.9851551252266725 1118
1634436364226 0.9803626877007705 1119
1634436413519 0.9828045324961081 1120
1634436462279 0.981193442462669 1121
1634436510037 0.9793582067586178 1122
1634436558639 0.9833034226070756 1123
1634436605728 0.9833087754210121 1124
1634436654756 0.9813034642830735 1125
1634436701636 0.9812267697629394 1126
1634436751054 0.9848462908303897 1127
1634436798214 0.9823967809779085 1128
1634436848717 0.9818513076698853 1129
1634436896045 0.9817593674780724 1130
1634436945272 0.9828172541419605 1131
1634436992081 0.9835168924593382 1132
1634437042905 0.9836162638487204 1133
1634437089744 0.9805247268595204 1134
1634437140716 0.9813409642700633 1135
1634437188132 0.9809723573778477 1136
1634437237332 0.9802738311152221 1137
1634437284616 0.9833233100047986 1138
1634437335411 0.9817239816272378 1139
1634437384921 0.9818778690100471 1140
1634437434858 0.9810272256753314 1141
1634437482356 0.9842064971951308 1142
1634437534270 0.9842699707747419 1143
1634437581901 0.9812091858434578 1144
1634437632061 0.9796027037949571 1145
1634437679022 0.9825185382623931 1146
1634437730748 0.9813538920872438 1147
1634437778135 0.9812481790014277 1148
1634437828696 0.9821315307417954 1149
1634437876384 0.9817285847949583 1150
1634437928267 0.976604215047161 1151
1634437975395 0.9806438210796281 1152
1634438025292 0.9809319449338346 1153
1634438072672 0.9829334232918603 1154
1634438125263 0.9797500413471858 1155
1634438172472 0.9830496742734186 1156
1634438221956 0.979456902562279 1157
1634438269097 0.9806581185960772 1158
1634438320655 0.9805763203383905 1159
1634438370117 0.9822791939102472 1160
1634438420553 0.9815139018208927 1161
1634438468247 0.9792790804850385 1162
1634438519363 0.9831348241194718 1163
1634438567082 0.9834016520724694 1164
1634438617634 0.9817286171007987 1165
1634438664886 0.982763913749774 1166
1634438716621 0.982340259696136 1167
1634438764229 0.9831235207416393 1168
1634438816393 0.9818895546312674 1169
1634438863963 0.9805974547132268 1170
1634438915602 0.9831313347335146 1171
1634438963306 0.9804602652927015 1172
1634439015005 0.9818325946685142 1173
1634439062690 0.9816916064191455 1174
1634439113132 0.9808720465916342 1175
1634439160866 0.9844814071549348 1176
1634439212119 0.9829860129304395 1177
1634439259684 0.9817935858976559 1178
1634439311173 0.9824947686470156 1179
1634439361001 0.9817382789726062 1180
1634439412203 0.9841364967438861 1181
1634439459641 0.9828532293793647 1182
1634439510919 0.983050145796212 1183
1634439558551 0.9793859239255558 1184
1634439609563 0.9816377804105847 1185
1634439657205 0.9817798577160058 1186
1634439708362 0.983382179926625 1187
1634439755804 0.9802520559564508 1188
1634439807660 0.9789416352358545 1189
1634439855068 0.9808618882648145 1190
1634439905514 0.9795150523884474 1191
1634439952819 0.9799235024604965 1192
1634440003784 0.9832220346598864 1193
1634440051276 0.9825196315869841 1194
1634440102860 0.9785294170713712 1195
1634440150569 0.9807850941050374 1196
1634440202820 0.9801340544748017 1197
1634440250687 0.979609079346846 1198
1634440301702 0.9801581080614716 1199
1634440351721 0.9822329692407681 1200
1634440404699 0.982161836633344 1201
1634440452764 0.9790511066626315 1202
1634440500078 0.9820194140748253 1203
1634440547640 0.9812844668201071 1204
1634440599911 0.9806338341406254 1205
1634440647666 0.9850677318333908 1206
1634440700213 0.9804083784317527 1207
1634440748100 0.9777480479610554 1208
1634440795700 0.9835920949943949 1209
1634440843364 0.9813447210717343 1210
1634440891102 0.9820514872720666 1211
1634440939141 0.9813466723847795 1212
1634440987125 0.981205909772229 1213
1634441034740 0.9794418938416547 1214
1634441087714 0.9825938192165677 1215
1634441135109 0.9801286394744355 1216
1634441182999 0.9801404215135208 1217
1634441230692 0.9807116882213116 1218
1634441278524 0.9813018807331737 1219
1634441328446 0.9802207091349172 1220
1634441381460 0.978942763833135 1221
1634441429414 0.9814788286174871 1222
1634441482398 0.981481362549859 1223
1634441530583 0.9819390896710488 1224
1634441578142 0.9801455112449925 1225
1634441625748 0.9831025036134101 1226
1634441673802 0.9837017919599425 1227
1634441721685 0.9832381960473096 1228
1634441769652 0.981237263291334 1229
1634441817415 0.9817460186695042 1230
1634441866913 0.9814528847331583 1231
1634441914770 0.9805558308932694 1232
1634441962401 0.9806302422370896 1233
1634442010386 0.9809076802420703 1234
1634442063633 0.9822609634477419 1235
1634442111423 0.9808091576313176 1236
1634442159455 0.982689118687306 1237
1634442207775 0.9825881959718327 1238
1634442255678 0.9790239890618652 1239
1634442305764 0.9820501465484394 1240
1634442354649 0.9807674815817735 1241
1634442403233 0.9819584770740083 1242
1634442456993 0.9799454628656151 1243
1634442505188 0.9828694257395787 1244
1634442558171 0.9818752896226826 1245
1634442606421 0.9794339522213515 1246
1634442659483 0.979291105862209 1247
1634442707286 0.9793597899941986 1248
1634442755385 0.9820617221574931 1249
1634442803153 0.9795413096844973 1250
1634442851330 0.9799513276225646 1251
1634442899176 0.9845382806837705 1252
1634442947253 0.9818174251829239 1253
1634442995475 0.9797209176874203 1254
1634443043713 0.9826451835732578 1255
1634443091748 0.9802577351716396 1256
1634443139135 0.9806848727923378 1257
1634443188020 0.9805535870022135 1258
1634443238759 0.9820773265263643 1259
1634443289152 0.9816332937567396 1260
1634443338022 0.9832688193855518 1261
1634443386016 0.9823469457051643 1262
1634443434028 0.9804514969018465 1263
1634443482391 0.9835314123027893 1264
1634443531107 0.9710191911841252 1265
1634443580075 0.9850154451444547 1266
1634443628424 0.9807035622376623 1267
1634443677835 0.9813197473698453 1268
1634443727390 0.9821066770488555 1269
1634443776490 0.9811469786829053 1270
1634443825092 0.9797893016286511 1271
1634443874330 0.9833710880034584 1272
1634443922808 0.9819193043280094 1273
1634443971791 0.9806469512321438 1274
1634444019759 0.9810964688882526 1275
1634444068752 0.9820015141158975 1276
1634444117566 0.9806071418475737 1277
1634444166459 0.9809371212839342 1278
1634444216477 0.9805580605075261 1279
