1634387547425 0.8413424329129384 1
1634387588666 0.9564112662706629 2
1634387630137 0.9630943769484321 3
1634387671532 0.9520429954738365 4
1634387711872 0.9651323627940561 5
1634387752597 0.9707797614035663 6
1634387793151 0.9595097768900204 7
1634387833833 0.9639496400784391 8
1634387874634 0.9780883968403976 9
1634388036780 0.9736758274132118 13
1634388117431 0.9784008477849225 15
1634388362708 0.9783958574057846 21
1634388444217 0.9768532174981249 23
1634388484148 0.9713428196290809 24
1634388723067 0.9742272290162897 30
1634388882567 0.9733955246427621 34
1634389082011 0.9767032868717856 39
1634389765032 0.9783520219191593 56
1634389805418 0.979041114596447 57
1634390007847 0.9783410988597517 62
1634390248376 0.9769976430326267 68
1634390569894 0.9792570023313109 76
1634394136662 0.9791029903387813 164
1634394666425 0.9797747338464533 177
1634394748850 0.9795580466737981 179
1634394997527 0.9818040560368476 185
1634396023014 0.9804347168658344 210
1634397092014 0.9820441197164455 236
1634397260121 0.9822210237449341 240
1634400461043 0.9831348476271462 317
1634400632159 0.9810201675493823 321
1634402569143 0.9813320711672368 367
1634402825005 0.9788857466848396 373
1634403123680 0.9801436543019122 380
1634403552972 0.9790685850835178 390
1634403892464 0.9817108750756064 398
1634407666638 0.9809605816369946 486
1634410272762 0.9826564116964981 546
1634410882615 0.9838081195571972 560
1634411753743 0.9809299136449311 580
1634412061864 0.9816996686742248 587
1634414166496 0.9846745598156893 635
1634414571482 0.9827821989884526 644
1634424928212 0.9827434462238225 875
1634425120920 0.9810522462048531 879
1634425812385 0.983264969092149 894
1634431477485 0.982236829299529 1016
1634433025683 0.9839777194937336 1049
1634433077012 0.9824770979608638 1050
