1634387544291 0.7200688332706303 0
1634387585893 0.6888015185083661 0
1634387627249 0.6752150128414105 0
1634387668725 0.6674533602479217 0
1634387709051 0.6566060835664923 0
1634387749727 0.6503881819836506 0
1634387790313 0.6464365883307024 0
1634387831031 0.6438833962787281 0
1634387871758 0.6412271679221809 0
1634387912383 0.6380229050462897 0
1634387952705 0.6341730820668208 0
1634387993389 0.6321897274487979 0
1634388033959 0.6291906686572285 0
1634388074277 0.6278704017787785 0
1634388114582 0.6246542195221046 0
1634388155272 0.6225937844870927 0
1634388195226 0.6192606594655421 0
1634388236259 0.6182362135354574 0
1634388276857 0.6159130590302604 0
1634388317015 0.6142456624415014 0
1634388359756 0.6111713794918804 0
1634388401020 0.6091573749269757 0
1634388441292 0.6057576072680486 0
1634388481268 0.6038154797120527 0
1634388521345 0.6028699990990875 0
1634388561132 0.6005680297876334 0
1634388601124 0.598301868934136 0
1634388640786 0.5957776911847004 0
1634388680518 0.5937111106785861 0
1634388720128 0.5912514297993152 0
1634388760551 0.5904493370613495 0
1634388800125 0.5891043102586424 0
1634388839988 0.5871137829570027 0
1634388879664 0.5847495747851087 0
1634388919652 0.5824771809887577 0
1634388959761 0.5806667378970555 0
1634388999474 0.5792452189829442 0
1634389039561 0.5764129378578879 0
1634389079056 0.5753451090354424 0
1634389119536 0.5730283190677692 0
1634389161573 0.5719083655964244 0
1634389201735 0.5683609657473379 0
1634389241827 0.5667211126971554 0
1634389281824 0.5662715616938355 0
1634389321703 0.5640009037860028 0
1634389362151 0.5615065751911757 0
1634389402453 0.5601361626154416 0
1634389442251 0.5573188085834702 0
1634389482114 0.5568879606661858 0
1634389522313 0.5542987062559499 0
1634389561954 0.5534724933760506 0
1634389602038 0.5511801788559207 0
1634389641798 0.549737732518803 0
1634389681891 0.5479595367010538 0
1634389722158 0.5468440601578006 0
1634389762044 0.5444704332909027 0
1634389802425 0.5428892548208113 0
1634389842521 0.5410873200986293 0
1634389882521 0.5392298617146232 0
1634389922276 0.537941831659961 0
1634389964608 0.5363870038614644 0
1634390004783 0.535041250965812 0
1634390045119 0.5321925429554729 0
1634390085227 0.5312918486533227 0
1634390125052 0.52967481566714 0
1634390165368 0.528510834876593 0
1634390205373 0.5255949342405641 0
1634390245268 0.5264000281110987 0
1634390286072 0.5236626310007912 0
1634390326365 0.5208162138988446 0
1634390366231 0.5210904324209535 0
1634390406506 0.5190940994720954 0
1634390446537 0.5179066054232708 0
1634390486655 0.5155511912587402 0
1634390526965 0.513514202136498 0
1634390566743 0.5128542227404458 0
1634390607372 0.5102036014779822 0
1634390647635 0.5102767448920709 0
1634390687749 0.5080359903248873 0
1634390727943 0.5071955694780721 0
1634390770226 0.5070790540088307 0
1634390810484 0.5030957057878569 0
1634390850760 0.5031404545554867 0
1634390891270 0.5008781501999149 0
1634390931430 0.49847122020535656 0
1634390971585 0.4979888738749863 0
1634391012054 0.49573543358158756 0
1634391052181 0.49550763353124844 0
1634391092590 0.4939581209963018 0
1634391133044 0.49072092307078374 0
1634391172960 0.4898461111180194 0
1634391213033 0.48772505003136474 0
1634391253319 0.48724574818239585 0
1634391293602 0.48623359125929994 0
1634391333790 0.48438059316053017 0
1634391374144 0.4839491681619124 0
1634391414527 0.48181217599224735 0
1634391454690 0.48134718003211086 0
1634391494949 0.47941273102512605 0
1634391535320 0.47853778476838943 0
1634391577839 0.4774970195510171 0
1634391618305 0.4757427600297061 0
1634391658404 0.4739968494161383 0
1634391698563 0.4732228358844658 0
1634391738882 0.47333423735259417 0
1634391779009 0.46975520446703034 0
1634391819357 0.4683344917637961 0
1634391859770 0.46650985502577447 0
1634391900130 0.46673935884005063 0
1634391940457 0.4638839646593317 0
1634391981037 0.4661621668122031 0
1634392021414 0.46164440799069095 0
1634392061785 0.45982327592837346 0
1634392101871 0.4595628287885096 0
1634392142219 0.4580087216643544 0
1634392182322 0.4557595485216611 0
1634392222790 0.4564911661209998 0
1634392263216 0.4546249346299605 0
1634392303566 0.4529568305263272 0
1634392343877 0.451449244440376 0
1634392386321 0.44953158652627623 0
1634392426854 0.45046609446599883 0
1634392467114 0.4483673170015409 0
1634392507556 0.44606046901120766 0
1634392548261 0.4473697930187374 0
1634392588831 0.44417600546564373 0
1634392629389 0.4423911463130604 0
1634392669726 0.44105038046836853 0
1634392710332 0.44075398863135995 0
1634392750707 0.4389847880834109 0
1634392791168 0.4382553584389872 0
1634392831411 0.43574994957292235 0
1634392871897 0.4370890228779285 0
1634392912246 0.4340768212621862 0
1634392952848 0.43341024007116047 0
1634392993238 0.43101493917502365 0
1634393033692 0.43057418798471425 0
1634393074229 0.4288157600087005 0
1634393114561 0.42704280746447576 0
1634393155153 0.4268837722090932 0
1634393198106 0.4275632690299641 0
1634393238704 0.425032727904134 0
1634393279419 0.4236461705975718 0
1634393320022 0.42294038348383717 0
1634393360492 0.4190944665438169 0
1634393401299 0.42052613837378366 0
1634393441851 0.41857130148194055 0
1634393482285 0.41805682631282065 0
1634393522735 0.4175650578040581 0
1634393563616 0.4150490025421242 0
1634393604389 0.4146786765618758 0
1634393644659 0.4137917420306763 0
1634393685080 0.41371340720684496 0
1634393725500 0.4100442242312741 0
1634393765938 0.40929766986277194 0
1634393806356 0.4072678611650095 0
1634393846926 0.406321283671763 0
1634393887433 0.404593694519687 0
1634393927893 0.40519519943695564 0
1634393968471 0.4044133707300409 0
1634394011334 0.4017010586602347 0
1634394051851 0.4000687881723627 0
1634394092555 0.4001224369971783 0
1634394133171 0.3977288104496993 0
1634394174922 0.3987034845661807 0
1634394215425 0.39602957840089675 0
1634394256261 0.3957024735289735 0
1634394296945 0.3954549729824066 0
1634394337817 0.3939724549070581 0
1634394378265 0.39275299689986487 0
1634394418775 0.38960815559733997 0
1634394459349 0.3914070206803161 0
1634394499891 0.3898348525747076 0
1634394540423 0.38841456252259093 0
1634394581294 0.3865059823184818 0
1634394622026 0.384687327719354 0
1634394662921 0.3863064166787383 0
1634394704512 0.38319574973799964 0
1634394745314 0.38328398977007183 0
1634394786831 0.3808813973680719 0
1634394829938 0.38004633126320775 0
1634394870956 0.3782628128280887 0
1634394911707 0.3770918579070599 0
1634394952843 0.37800218803542 0
1634394993931 0.37676357332762184 0
1634395035754 0.3753220388641605 0
1634395076705 0.3745153167031028 0
1634395117578 0.3721930833605977 0
1634395158411 0.37279306952055397 0
1634395199459 0.37113833466133517 0
1634395240280 0.3696623941907635 0
1634395280854 0.36741460995240643 0
1634395321773 0.3675883524603658 0
1634395362383 0.36637140868546125 0
1634395403128 0.367636093458572 0
1634395444079 0.36796007450524865 0
1634395484697 0.3640485316902012 0
1634395525620 0.36313680027212414 0
1634395566523 0.36136100625062917 0
1634395607534 0.36165100374779147 0
1634395650752 0.35935334764517746 0
1634395691621 0.358854005476097 0
1634395732682 0.3558931027526979 0
1634395773802 0.35541837246387037 0
1634395814690 0.3561542576009577 0
1634395855672 0.35503685009943975 0
1634395896620 0.3521684195314135 0
1634395937318 0.3524791395122355 0
1634395978289 0.35249537365003064 0
1634396019332 0.35110130480357576 0
1634396061203 0.35034834312928187 0
1634396102057 0.34740000247181235 0
1634396142804 0.34760520326626765 0
1634396183925 0.34797417672423575 0
1634396225003 0.34565334099453765 0
1634396265799 0.34459064862170774 0
1634396306728 0.34613814098494394 0
1634396347784 0.342182104076658 0
1634396388575 0.3421892939836948 0
1634396429608 0.3402811989381716 0
1634396472651 0.3397854206623969 0
1634396513749 0.33793358620885133 0
1634396554950 0.3366670964600204 0
1634396595911 0.3362755109737446 0
1634396636909 0.33559187820979525 0
1634396678190 0.33635704780553843 0
1634396719336 0.332184120432123 0
1634396760289 0.3347454152323983 0
1634396801184 0.3304953265499759 0
1634396841969 0.3305762905579109 0
1634396883004 0.3311611106256386 0
1634396923850 0.3291399364734625 0
1634396964818 0.32631201500242407 0
1634397006031 0.3270455389827877 0
1634397047213 0.32576645949444216 0
1634397088222 0.3261892110496372 0
1634397130475 0.32469274219754457 0
1634397171806 0.3235743876014437 0
1634397212694 0.32309897011750704 0
1634397253859 0.3217076730805558 0
1634397298864 0.3187938506727095 0
1634397340302 0.32042266080131776 0
1634397381331 0.3185311524898975 0
1634397422614 0.31799861846806166 0
1634397463869 0.31720089718892974 0
1634397504937 0.3160236715883404 0
1634397546467 0.3146013075655157 0
1634397587541 0.3161129057407379 0
1634397629041 0.31237279943057467 0
1634397670466 0.3113830352758432 0
1634397711369 0.3116342493078925 0
1634397752502 0.3086460931347562 0
1634397793481 0.30855209351360025 0
1634397834568 0.3068214829091902 0
1634397875471 0.3070561235601252 0
1634397916537 0.3066718876361847 0
1634397957869 0.3062854658860665 0
1634397998841 0.30463935628339844 0
1634398039868 0.30301231513549753 0
1634398081329 0.30203146516502677 0
1634398124912 0.30171276280632264 0
1634398165980 0.3009318457795428 0
1634398207471 0.30042092753695204 0
1634398248618 0.30090136206769325 0
1634398290075 0.2991272872918612 0
1634398331223 0.29740169392777727 0
1634398372634 0.296360495802644 0
1634398414097 0.2951160100373355 0
1634398455432 0.2922703403157073 0
1634398497040 0.2918713532097928 0
1634398538253 0.29231882966184 0
1634398579648 0.2920204083640854 0
1634398621322 0.29031191514684007 0
1634398662382 0.2904831138137099 0
1634398703631 0.2899058987567951 0
1634398744892 0.2885899135431686 0
1634398786153 0.2891079769893126 0
1634398827708 0.2861129362861832 0
1634398869033 0.2862037687332599 0
1634398910435 0.28651862930167804 0
1634398954640 0.2830044555586654 0
1634398996026 0.2819826691955715 0
1634399037508 0.28163818724743733 0
1634399079281 0.28037309801423704 0
1634399120941 0.2792274477806958 0
1634399162490 0.2790307251663951 0
1634399204019 0.2776642672040246 0
1634399245398 0.2771611341408321 0
1634399287100 0.2785197523507205 0
1634399328539 0.27728084271604364 0
1634399370214 0.2740543364704429 0
1634399411638 0.2744124078905428 0
1634399453309 0.27420661956458897 0
1634399494905 0.2724060756819589 0
1634399536311 0.27158779834772084 0
1634399577762 0.27007831400865084 0
1634399619487 0.2702898110275145 0
1634399660819 0.26825497734856296 0
1634399702522 0.26924532206801627 0
1634399744008 0.2682336832021738 0
1634399787820 0.26635535003302935 0
1634399829812 0.2648307572711598 0
1634399871525 0.2656647957764663 0
1634399913180 0.2643732279539108 0
1634399954916 0.26293274992472165 0
1634399996653 0.2642872393518299 0
1634400038608 0.2604000417443065 0
1634400080397 0.2595433211558825 0
1634400122210 0.25898836069292835 0
1634400164141 0.25973730640751974 0
1634400205788 0.2583683326646879 0
1634400247676 0.25660595084939686 0
1634400289414 0.25656501948833466 0
1634400331430 0.2556979429799241 0
1634400373241 0.2556859835401758 0
1634400414977 0.25371113671110823 0
1634400456874 0.25280375023940943 0
1634400500345 0.2531056572477539 0
1634400542188 0.25116667867480935 0
1634400583891 0.24898014807855928 0
1634400627865 0.2510684794419772 0
1634400671592 0.2482515298700952 0
1634400713556 0.24930836569953274 0
1634400755532 0.24716946037558765 0
1634400797326 0.24676008232228167 0
1634400839237 0.24654377222835244 0
1634400881232 0.24598882086091228 0
1634400923190 0.2440882274856815 0
1634400965200 0.24330290803661594 0
1634401006830 0.2427011461226971 0
1634401048420 0.2414686389557727 0
1634401090288 0.24447295127750993 0
1634401132263 0.24187270464835228 0
1634401174431 0.2401440782206399 0
1634401216522 0.23773209053974648 0
1634401258475 0.23719701616020947 0
1634401300150 0.23681359012405595 0
1634401342198 0.2377579982404585 0
1634401384261 0.23716546904731106 0
1634401425969 0.23555530723813292 0
1634401470175 0.2357877173594066 0
1634401512565 0.2328628222276638 0
1634401554256 0.2334665259370556 0
1634401596248 0.2307718409733339 0
1634401638053 0.23030588050167283 0
1634401680052 0.22901476726129458 0
1634401722064 0.22925905012465142 0
1634401764062 0.22814020340318802 0
1634401806393 0.22851009618539314 0
1634401848239 0.227275505855486 0
1634401890092 0.22794131402458465 0
1634401932201 0.22583795580771063 0
1634401974084 0.22619840425330323 0
1634402015976 0.22430757887951738 0
1634402058235 0.22384174177785973 0
1634402100427 0.22286670393758007 0
1634402142594 0.22341821526552175 0
1634402184441 0.22182371844718982 0
1634402226561 0.21975217914426481 0
1634402268690 0.21977945804208904 0
1634402312820 0.2204371348216936 0
1634402354875 0.21784324092524393 0
1634402396739 0.21681616881064006 0
1634402438671 0.21894043664653579 0
1634402480671 0.21666151594806027 0
1634402522638 0.21428870922559268 0
1634402564714 0.2151315953437384 0
1634402608342 0.21267947283658115 0
1634402650253 0.2127801702394114 0
1634402692130 0.21332867956393725 0
1634402736208 0.21297394164970943 0
1634402778427 0.2118059183870043 0
1634402820562 0.21108989136946665 0
1634402864572 0.20895786118971837 0
1634402906850 0.20891528721753652 0
1634402948972 0.2085001670888492 0
1634402991201 0.2078341669463492 0
1634403033112 0.2053215792039772 0
1634403075151 0.2051888110188695 0
1634403116961 0.20528725457268876 0
1634403163198 0.20361137699771237 0
1634403205430 0.20293567813449093 0
1634403247790 0.20373987851591854 0
1634403289880 0.20107612013816833 0
1634403332213 0.20328260503419035 0
1634403374602 0.20128080016606814 0
1634403416845 0.19950724402805428 0
1634403459603 0.19997204472492267 0
1634403502066 0.19804089642190315 0
1634403548505 0.19820301254074296 0
1634403592501 0.19773984313398213 0
1634403634555 0.2015708489464475 0
1634403676905 0.19613896465146696 0
1634403718981 0.19598336798417104 0
1634403761361 0.1945533084791976 0
1634403803603 0.1947320948366995 0
1634403845908 0.19381935691291635 0
1634403887968 0.19319632310758938 0
1634403932381 0.19326727992141401 0
1634403974809 0.1920946767771399 0
1634404019507 0.19121325141810752 0
1634404061760 0.19284528232627102 0
1634404104113 0.18891588792011335 0
1634404146623 0.18960325932734973 0
1634404188975 0.18894631183379657 0
1634404231208 0.18638997418539865 0
1634404273419 0.18897894856991707 0
1634404315907 0.1879630967394098 0
1634404358345 0.18512444536794315 0
1634404400857 0.18421712140371274 0
1634404443413 0.18788496753225079 0
1634404485938 0.18493457457848958 0
1634404528521 0.18456132380993334 0
1634404571138 0.18180234865708786 0
1634404613632 0.18162440721477782 0
1634404656272 0.18088357808528008 0
1634404698460 0.18082308372506847 0
1634404741030 0.18275582741994362 0
1634404783432 0.17940099121301206 0
1634404825876 0.17819015139883215 0
1634404870403 0.18102697118536218 0
1634404913201 0.17708108477391205 0
1634404955709 0.17853508347814734 0
1634404998472 0.1773092072311934 0
1634405040706 0.17683128112709368 0
1634405083336 0.1747357826921847 0
1634405125929 0.1759005692098048 0
1634405168534 0.175194202111913 0
1634405211230 0.17500931614792192 0
1634405253848 0.17336693773796033 0
1634405296597 0.17213676134487252 0
1634405339226 0.17351237674812217 0
1634405381823 0.1703316964112319 0
1634405424345 0.17109288759045788 0
1634405466907 0.1710440768049909 0
1634405509057 0.17057076493253956 0
1634405551787 0.16992194021677043 0
1634405594329 0.1691366315081522 0
1634405636499 0.16772691692624772 0
1634405679123 0.16643420500414713 0
1634405723861 0.16761237237747614 0
1634405766435 0.16539662341018777 0
1634405809220 0.16544622269930778 0
1634405851636 0.16559680551290512 0
1634405893872 0.16393809833309866 0
1634405936545 0.16528127448899405 0
1634405978956 0.16263108148977354 0
1634406021704 0.1648668037219481 0
1634406064384 0.16450815318853823 0
1634406107035 0.1614422414016414 0
1634406154309 0.1607301604825181 0
1634406197085 0.16076433184471997 0
1634406239627 0.15945937155516116 0
1634406282452 0.15866281624351228 0
1634406325072 0.15999263747558964 0
1634406367943 0.15865747156468304 0
1634406410602 0.15729617501621124 0
1634406453291 0.15605814116341726 0
1634406495777 0.15651479005426555 0
1634406538404 0.15723889708131938 0
1634406583367 0.15717638632306805 0
1634406626254 0.15492383216495637 0
1634406669009 0.1538057735601029 0
1634406712242 0.15296188025892554 0
1634406755304 0.15725923861776078 0
1634406798756 0.15600135196726045 0
1634406842166 0.15296242308694047 0
1634406884800 0.15373588363071541 0
1634406927705 0.15026222295188285 0
1634406970609 0.1512798233465715 0
1634407013600 0.14907468787648462 0
1634407056381 0.1516357533536948 0
1634407099459 0.14989124702942835 0
1634407142217 0.14925687305338972 0
1634407185070 0.15084462419345782 0
1634407227945 0.14894377411185922 0
1634407270873 0.14815369432235692 0
1634407313595 0.1469714842833482 0
1634407356452 0.14778700509628692 0
1634407399586 0.14782189413324578 0
1634407444706 0.1467908556972231 0
1634407487444 0.14746321911935684 0
1634407530546 0.14807150271031763 0
1634407573595 0.14481526071375067 0
1634407616728 0.14688197823313923 0
1634407661647 0.14427227197916476 0
1634407706855 0.14493276391710555 0
1634407750066 0.14311068998528764 0
1634407793522 0.14457321118611793 0
1634407837172 0.1418535587462512 0
1634407880670 0.1442563250273853 0
1634407924324 0.14269902653895417 0
1634407967415 0.14231869413868173 0
1634408010345 0.1405439627441493 0
1634408053129 0.14152560828181057 0
1634408096105 0.14004581702219976 0
1634408144083 0.14000583788404217 0
1634408186740 0.1397271388536924 0
1634408229725 0.13707540629359036 0
1634408272316 0.13998620811994975 0
1634408317315 0.13958162185433623 0
1634408360184 0.13671202019050524 0
1634408403245 0.13753188575630065 0
1634408446245 0.13827927517039434 0
1634408489456 0.13689501854506406 0
1634408532408 0.1365383482211596 0
1634408575152 0.13369050738099333 0
1634408618269 0.13560767254078543 0
1634408661368 0.13528923641938667 0
1634408704559 0.13581127760472236 0
1634408747729 0.1340932275180693 0
1634408790589 0.13406535542824052 0
1634408833188 0.13217955266500447 0
1634408876146 0.13510921374930965 0
1634408918925 0.133842350503841 0
1634408961946 0.13198665394024414 0
1634409004578 0.1328093567258352 0
1634409047813 0.1312151558019898 0
1634409090478 0.13205443854842866 0
1634409133637 0.13071132199717805 0
1634409178881 0.13064040350062506 0
1634409221848 0.13137523607387172 0
1634409264953 0.12957359076320352 0
1634409307849 0.1298681218902786 0
1634409350826 0.13001172418718215 0
1634409393802 0.13149512994599033 0
1634409437055 0.12739444122492494 0
1634409479977 0.1289963631273864 0
1634409523154 0.1296830770450753 0
1634409566462 0.12776048994296557 0
1634409609572 0.12737048814049015 0
1634409652621 0.127189270474694 0
1634409695756 0.12739695018375075 0
1634409740544 0.12715095968602538 0
1634409783936 0.1283632196582757 0
1634409826897 0.12550915492238937 0
1634409869914 0.12529245386650037 0
1634409920130 0.12512301198847883 0
1634409962969 0.12576032546046492 0
1634410006021 0.12468242780728774 0
1634410051511 0.12591896370633857 0
1634410094507 0.12397968323973867 0
1634410137643 0.1250133365392685 0
1634410181087 0.12299628507394295 0
1634410224164 0.12502545282825248 0
1634410267534 0.12364989301407492 0
1634410312970 0.12225917828353969 0
1634410356086 0.12185284069606236 0
1634410399506 0.12286418066783385 0
1634410442759 0.12274396535638091 0
1634410485956 0.1208843622211512 0
1634410529347 0.12250290182116744 0
1634410572553 0.12221487016453371 0
1634410615518 0.1216715420898679 0
1634410658894 0.12182465369825239 0
1634410701995 0.1210869388146834 0
1634410745239 0.1188253527144333 0
1634410788513 0.12008116307196678 0
1634410831649 0.1201445111496882 0
1634410875047 0.11918968683132877 0
1634410923509 0.1218333864076571 0
1634410966725 0.11872485236494572 0
1634411010206 0.12093422078079992 0
1634411053672 0.11973438097478507 0
1634411096968 0.11966382412167338 0
1634411140425 0.12136335559673124 0
1634411183578 0.11796897949723455 0
1634411226859 0.11775098644293748 0
1634411270386 0.11751673689910344 0
1634411313807 0.1175885797514544 0
1634411357143 0.11586712581383718 0
1634411400392 0.11758438720331564 0
1634411443959 0.11771969797162267 0
1634411487364 0.11550825069864075 0
1634411530519 0.11707037024490245 0
1634411573534 0.11710720509290695 0
1634411616417 0.11569906234160646 0
1634411659667 0.11635760019545431 0
1634411702891 0.11499349245583856 0
1634411746172 0.1135756021196192 0
1634411794694 0.11559459760591581 0
1634411838708 0.11470053785226562 0
1634411882363 0.11544957752158115 0
1634411925949 0.11424546814584113 0
1634411969492 0.11364699532459309 0
1634412013061 0.11511520528561109 0
1634412056473 0.11517408141842136 0
1634412104331 0.11491656138912423 0
1634412147514 0.11691243390177751 0
1634412190885 0.11246399421777044 0
1634412234480 0.11312681968723025 0
1634412277907 0.11501443584437494 0
1634412321300 0.1170008968223225 0
1634412364862 0.110987352570156 0
1634412408700 0.11293284759506003 0
1634412452287 0.11165156297675975 0
1634412495967 0.10998671114831776 0
1634412539523 0.11121467573495654 0
1634412583017 0.10914686056120056 0
1634412626568 0.10975238303472469 0
1634412672567 0.10951227307706685 0
1634412715996 0.11009307026669576 0
1634412759821 0.10995138610725279 0
1634412803797 0.11143033849922093 0
1634412847734 0.11037361336412368 0
1634412891411 0.11128989553877286 0
1634412935203 0.10982029706046179 0
1634412978946 0.10767978991006875 0
1634413022388 0.10973875021392648 0
1634413065966 0.10891804389365307 0
1634413109319 0.10760287887283734 0
1634413152723 0.1077665136038483 0
1634413196256 0.10866921046724567 0
1634413239840 0.10774546716507379 0
1634413283466 0.1087650242080162 0
1634413326909 0.10680769195223784 0
1634413370269 0.10802418661194962 0
1634413414167 0.10696557231924751 0
1634413457574 0.10592205638622308 0
1634413501052 0.10738045383583415 0
1634413547101 0.10692130982295259 0
1634413590765 0.10616951372909855 0
1634413634556 0.106692418262556 0
1634413678313 0.10828426427074841 0
1634413722109 0.10732268440452489 0
1634413766237 0.10720827565951781 0
1634413809918 0.10660774904218587 0
1634413854099 0.10548708510476273 0
1634413897866 0.1044768343207898 0
1634413941648 0.10523020471264789 0
1634413985423 0.10825892929713447 0
1634414029025 0.1051523115534287 0
1634414072956 0.10453244327724755 0
1634414116504 0.1044640949890985 0
1634414160543 0.10339864803018509 0
1634414210323 0.10455941404034565 0
1634414253989 0.10603789854552839 0
1634414298188 0.1038765020958789 0
1634414342067 0.10451772276844297 0
1634414386133 0.10460332394033284 0
1634414432560 0.10633359031824323 0
1634414477519 0.10357261710352712 0
1634414521754 0.10496891880190218 0
1634414565872 0.10274014109140867 0
1634414616715 0.10337675948228155 0
1634414660765 0.10594660817802727 0
1634414704724 0.10369240071672897 0
1634414748452 0.10393515838818117 0
1634414792923 0.1030425334518606 0
1634414836770 0.10238180498217607 0
1634414880789 0.10208622874184088 0
1634414924712 0.1032067844039434 0
1634414968660 0.10185610536824573 0
1634415012873 0.10283969381412902 0
1634415056761 0.10134764872007555 0
1634415100353 0.10135382133257853 0
1634415144064 0.10121159807041094 0
1634415187993 0.10105926645073024 0
1634415231626 0.10078479901149676 0
1634415275659 0.10115921627972033 0
1634415321879 0.10103608125990088 0
1634415366948 0.10175479750161047 0
1634415410751 0.10027212035152819 0
1634415454834 0.10122974018578405 0
1634415498749 0.1008490455615056 0
1634415542954 0.10070657217270368 0
1634415586761 0.09968286452742366 0
1634415630796 0.10023172552902977 0
1634415674876 0.09948936951431361 0
1634415718634 0.10085850271892238 0
1634415762609 0.1004940327015016 0
1634415806604 0.09868883535072401 0
1634415850798 0.10059735822406682 0
1634415894979 0.09944910701219138 0
1634415939160 0.09730747912998323 0
1634415982971 0.09950844953199486 0
1634416026882 0.09800981986638788 0
1634416071112 0.09816370154549549 0
1634416114828 0.09825606165187699 0
1634416158570 0.09899442981589925 0
1634416204852 0.09895914343076867 0
1634416249420 0.09742963454359538 0
1634416293989 0.09817464436803545 0
1634416337956 0.09708648184677224 0
1634416382146 0.0971383811397986 0
1634416426308 0.09555768207102627 0
1634416470807 0.0945335001527489 0
1634416515034 0.09891176717234897 0
1634416558945 0.09586833499662288 0
1634416603225 0.09293849345345001 0
1634416647655 0.09433876026373406 0
1634416692032 0.09444926625915936 0
1634416736112 0.08992286689289204 0
1634416780413 0.09082535538193467 0
1634416824455 0.0913320051675493 0
1634416868445 0.08941935302762243 0
1634416912693 0.08844164952442243 0
1634416956893 0.08851448978696551 0
1634417001203 0.0867115921981923 0
1634417045691 0.08664174131178237 0
1634417092519 0.09595373306762088 0
1634417137375 0.08945288025326543 0
1634417181759 0.08469416989715069 0
1634417226067 0.08829009411977483 0
1634417270769 0.0848080874360227 0
1634417315173 0.08164408894908892 0
1634417359205 0.08218140411493066 0
1634417403761 0.08051158676480318 0
1634417448072 0.09437039925099967 0
1634417492425 0.08365823875193472 0
1634417536701 0.08081693603814423 0
1634417580823 0.08107768884533412 0
1634417625327 0.08255100429251597 0
1634417669884 0.0812470308662235 0
1634417714294 0.07953160715761123 0
1634417758690 0.07908222480834305 0
1634417803496 0.07997460943924917 0
1634417847921 0.07799061552270667 0
1634417892226 0.07525858747494685 0
1634417936123 0.07977683716393136 0
1634417982965 0.07781204823162649 0
1634418028331 0.07879292137630574 0
1634418072971 0.07982983435322712 0
1634418117377 0.07526146780167307 0
1634418161752 0.07872420800970746 0
1634418206485 0.07098564829725723 0
1634418251077 0.07486383999129395 0
1634418295605 0.07465800725213893 0
1634418339993 0.07345148727491305 0
1634418384241 0.07856740028440178 0
1634418428740 0.07199089224268863 0
1634418473365 0.07317177699757861 0
1634418517970 0.07520510846531236 0
1634418562336 0.07239130860218754 0
1634418606959 0.07616180215369571 0
1634418651155 0.07293060697711908 0
1634418695522 0.07426531259696205 0
1634418739651 0.07027546480878608 0
1634418784204 0.07323539402190742 0
1634418829058 0.07133564357827236 0
1634418875856 0.07075917764337032 0
1634418920587 0.06906871928216575 0
1634418965672 0.07135604999282143 0
1634419010313 0.07031125972023258 0
1634419054929 0.07069067860191519 0
1634419099878 0.07003924884385877 0
1634419144507 0.06951438524312788 0
1634419189074 0.0679428724015688 0
1634419233792 0.06836967175076535 0
1634419278189 0.06651964116019088 0
1634419322792 0.069294413527498 0
1634419367380 0.07154004832173323 0
1634419411895 0.06923464859847898 0
1634419456276 0.06832270740301578 0
1634419500928 0.07080731787658356 0
1634419545485 0.07136853237624292 0
1634419590026 0.06660846591769874 0
1634419634546 0.06703903129348507 0
1634419679245 0.06661186028610576 0
1634419723979 0.06645680852718168 0
1634419770747 0.06501773725469391 0
1634419816235 0.0668892709949574 0
1634419861449 0.0708602224658062 0
1634419906161 0.06372264646864556 0
1634419951487 0.06736133615304897 0
1634419996546 0.06475380377529504 0
1634420041289 0.06548731029033661 0
1634420086699 0.06309964502980182 0
1634420131613 0.06677425265699238 0
1634420177020 0.06519276721330432 0
1634420221766 0.06213361020018528 0
1634420266651 0.0627466608564575 0
1634420311573 0.06470493802970106 0
1634420356433 0.06478120415628731 0
1634420401439 0.0654081611761025 0
1634420446549 0.06090209995964905 0
1634420491401 0.0636885105692721 0
1634420536485 0.06723894294980284 0
1634420581392 0.06593598077049503 0
1634420626077 0.06299187983204792 0
1634420673417 0.06071696067591766 0
1634420719250 0.06491304614714213 0
1634420764281 0.06346330902986712 0
1634420809373 0.06666260270716308 0
1634420854325 0.06484744460745291 0
1634420899154 0.061103278166287904 0
1634420943877 0.06460723193821968 0
1634420989128 0.05949960228104096 0
1634421034140 0.0637117795065626 0
1634421078967 0.0642955248522294 0
1634421123833 0.058314378482180754 0
1634421168687 0.06028024436204464 0
1634421213765 0.05886458649070232 0
1634421258511 0.05772697122453095 0
1634421303402 0.059285165282425945 0
1634421348737 0.05958629317291371 0
1634421393710 0.061746315183964645 0
1634421438175 0.060779247529707946 0
1634421482846 0.05731400073348702 0
1634421527884 0.060696493011790434 0
1634421575121 0.059437281464214446 0
1634421620582 0.05669335179127656 0
1634421665397 0.06164318864995783 0
1634421710509 0.059673538600856606 0
1634421755522 0.06191361531034693 0
1634421800141 0.06244982280707979 0
1634421845223 0.06188875891558536 0
1634421890415 0.060666654597629203 0
1634421935237 0.058959565718065605 0
1634421980047 0.05710466675363578 0
1634422025086 0.06136812758329627 0
1634422069982 0.05771913379430771 0
1634422114953 0.05827011550208191 0
1634422159746 0.056500838464730745 0
1634422204712 0.05908924046081382 0
1634422249587 0.05584381196599502 0
1634422294375 0.058217143228688796 0
1634422339335 0.06088954950501392 0
1634422384357 0.05631412836638364 0
1634422429306 0.05883520715809488 0
1634422476940 0.055560457919325144 0
1634422522565 0.055198092400640636 0
1634422567702 0.05382152622589817 0
1634422612568 0.05338160427553313 0
1634422657502 0.05611972031848771 0
1634422702580 0.056969982269522434 0
1634422747831 0.057598974700872003 0
1634422792871 0.053142892414486255 0
1634422837925 0.05180830169807781 0
1634422883064 0.054779182829253086 0
1634422928258 0.053400267979928424 0
1634422973590 0.055849040677021074 0
1634423018784 0.06239097047742311 0
1634423063689 0.058837224088318936 0
1634423108832 0.05659985943854629 0
1634423153994 0.05386545325254465 0
1634423199155 0.051850462404938485 0
1634423244281 0.055320382747170216 0
1634423289713 0.05284606592802258 0
1634423334647 0.05700796886117428 0
1634423382083 0.05528693820361967 0
1634423426996 0.05587048630242224 0
1634423472188 0.054504563862627205 0
1634423517221 0.05411557703242673 0
1634423562724 0.05346399008647188 0
1634423607590 0.05517458001321012 0
1634423653151 0.053314409859768756 0
1634423698266 0.05310718332985779 0
1634423743321 0.05274564768006275 0
1634423788636 0.05443011766130274 0
1634423833654 0.0518095971314938 0
1634423878792 0.054700732860085255 0
1634423924017 0.059013928685869486 0
1634423968961 0.05755305503095899 0
1634424014298 0.05433756214651195 0
1634424059637 0.05462727100624667 0
1634424104645 0.051236688655305215 0
1634424149567 0.0547183295349022 0
1634424194857 0.05510021059157012 0
1634424240168 0.051055522079204586 0
1634424288061 0.0532785432485791 0
1634424333305 0.05524255393387435 0
1634424378605 0.052224014873628495 0
1634424424140 0.053211363008270014 0
1634424469357 0.0529519161814219 0
1634424514593 0.050700432100853364 0
1634424559974 0.05037347914336564 0
1634424605283 0.05036260032808626 0
1634424650661 0.0501102049435888 0
1634424696013 0.05019910556155366 0
1634424741280 0.05509145156323136 0
1634424786365 0.057969727879994874 0
1634424831171 0.054358094011421325 0
1634424876588 0.05148841856749027 0
1634424921564 0.050408887882511334 0
1634424975569 0.049858061572561015 0
1634425020874 0.052466029228715155 0
1634425066466 0.05142420777059221 0
1634425114280 0.05421731945175629 0
1634425167183 0.049881565203140306 0
1634425215072 0.054339386861432686 0
1634425260784 0.05394319546493617 0
1634425306389 0.05333192269136379 0
1634425351878 0.05093619759593691 0
1634425397300 0.05670229435063802 0
1634425442652 0.05347899792643337 0
1634425487793 0.05241481311522521 0
1634425532968 0.05075751685283401 0
1634425578434 0.050233161633277866 0
1634425624007 0.05327018626131021 0
1634425669545 0.04854316467588598 0
1634425714873 0.051039743539574856 0
1634425760259 0.04955464707953589 0
1634425805464 0.047354994559442844 0
1634425855447 0.049330472897786595 0
1634425900821 0.048733888242345355 0
1634425946462 0.04966631376898134 0
1634425992086 0.04923073144315125 0
1634426037485 0.0497883724701869 0
1634426083261 0.049877803385644764 0
1634426130672 0.05010270457956698 0
1634426176502 0.04933303110785298 0
1634426222147 0.04941459759682804 0
1634426267897 0.050763661017665614 0
1634426313450 0.051664528473244084 0
1634426358918 0.04872164081830483 0
1634426404766 0.047645114700902595 0
1634426450441 0.04790431014322615 0
1634426496102 0.04696422196053839 0
1634426541794 0.04559515544830205 0
1634426587734 0.04877347448332743 0
1634426633351 0.047201041132211685 0
1634426678817 0.04858973394934233 0
1634426724449 0.04997082044938942 0
1634426773330 0.046504219776237164 0
1634426818930 0.048136027118602355 0
1634426867041 0.051992242067278205 0
1634426912897 0.051589448875808096 0
1634426958432 0.048551561335077535 0
1634427003922 0.04761391834585697 0
1634427052057 0.04827990320015263 0
1634427098701 0.051249654020194886 0
1634427144803 0.051676896824078125 0
1634427190690 0.05073749970693093 0
1634427236091 0.04706206134000382 0
1634427282039 0.0464800192260897 0
1634427327759 0.0489273052904513 0
1634427373335 0.0494333105524639 0
1634427418781 0.04890405623750253 0
1634427464244 0.049334836954420265 0
1634427509929 0.04739671524662476 0
1634427555957 0.04617498875535154 0
1634427601788 0.047315329942223316 0
1634427647579 0.04795574575856135 0
1634427693552 0.046171413661984656 0
1634427739598 0.04483356060726302 0
1634427785453 0.046175732482950406 0
1634427831177 0.046158793394441726 0
1634427877037 0.04612031216164688 0
1634427922699 0.045221034098755226 0
1634427978185 0.046355746734838985 0
1634428024149 0.04637147162061233 0
1634428069759 0.04677576083060983 0
1634428115601 0.04517890164604435 0
1634428161522 0.04678068131014898 0
1634428207196 0.04565135766933491 0
1634428252928 0.045915960975281604 0
1634428311431 0.04714669787941815 0
1634428357580 0.0457478023871973 0
1634428403318 0.0468463616131188 0
1634428449618 0.04813730349014332 0
1634428495591 0.04979544132947922 0
1634428541931 0.0484346572745156 0
1634428587851 0.04848626011668088 0
1634428633856 0.04876412027938799 0
1634428680248 0.045371856830723874 0
1634428726239 0.04567008845314577 0
1634428772393 0.04463484757519388 0
1634428818355 0.0461969283445702 0
1634428864185 0.049427483642062585 0
1634428912823 0.04568021645309863 0
1634428959543 0.04487255133398167 0
1634429005673 0.044228539693278154 0
1634429051806 0.04466765446515827 0
1634429103953 0.05004572195859699 0
1634429150440 0.053341170264915985 0
1634429196464 0.047964100471951744 0
1634429242756 0.04764337907847646 0
1634429288920 0.04636601327204859 0
1634429335180 0.04590693464526882 0
1634429381240 0.04599427494716335 0
1634429427296 0.04528875745736159 0
1634429473449 0.04505867573928524 0
1634429519908 0.04621027124586043 0
1634429566138 0.04512615119675537 0
1634429612441 0.04617870763524786 0
1634429658624 0.04562480341304432 0
1634429704852 0.04464947359708996 0
1634429751140 0.04345997553560641 0
1634429797199 0.04418874889999241 0
1634429845316 0.04503844228464288 0
1634429891961 0.048878194788446676 0
1634429937988 0.04960382507218943 0
1634429983929 0.04671801147716386 0
1634430030221 0.04850307063429386 0
1634430076132 0.04658569562454502 0
1634430122857 0.04375906486983423 0
1634430169055 0.04373732588991716 0
1634430215605 0.04624875301083961 0
1634430262033 0.04955809391647965 0
1634430308441 0.04673267073639027 0
1634430354517 0.04536833754414088 0
1634430400786 0.045406058866095236 0
1634430447204 0.04353606120332495 0
1634430494098 0.04424726510686534 0
1634430540330 0.04631310188538068 0
1634430586704 0.045312976101776224 0
1634430633530 0.04474371231415055 0
1634430679732 0.0449241842687517 0
1634430726463 0.04493393429688045 0
1634430775181 0.04468281458240825 0
1634430821743 0.04292611545556552 0
1634430867991 0.04622450647512814 0
1634430913984 0.045765857587193516 0
1634430960015 0.04807949999903704 0
1634431006464 0.04896299753870283 0
1634431052813 0.047050563884632926 0
1634431098948 0.04535872286016291 0
1634431145212 0.04482594069528889 0
1634431191648 0.0454129542816769 0
1634431238064 0.04497954065536524 0
1634431284246 0.04398526391619212 0
1634431330305 0.04444248954971115 0
1634431377339 0.043580550966518264 0
1634431423736 0.04407158907648031 0
1634431470073 0.042616360711973986 0
1634431521250 0.04634364563729856 0
1634431567254 0.046072037576080915 0
1634431613947 0.046848190779035744 0
1634431659991 0.043607278110144976 0
1634431708512 0.044742528687823906 0
1634431755466 0.04479287221253692 0
1634431802155 0.0459582025257798 0
1634431848614 0.04597506947912179 0
1634431895065 0.04568131715543084 0
1634431941537 0.04485906193685996 0
1634431987981 0.043779219851478354 0
1634432035012 0.04294674149291082 0
1634432081342 0.04301362245210579 0
1634432127831 0.04512283457564069 0
1634432174376 0.04221331296706354 0
1634432220668 0.0433075860771653 0
1634432267099 0.04385670472855692 0
1634432313440 0.04540558626222146 0
1634432359933 0.04263950117512957 0
1634432406328 0.04275686881662189 0
1634432452810 0.04393143886579322 0
1634432499963 0.04779590368754678 0
1634432546297 0.04554437565339076 0
1634432593680 0.049912648589967135 0
1634432642710 0.046932941641319885 0
1634432690299 0.04353051165771949 0
1634432737378 0.04433291352220944 0
1634432783938 0.04632765253062372 0
1634432830492 0.04603911955635269 0
1634432877240 0.04665597842691781 0
1634432924597 0.04830180870538408 0
1634432971360 0.04416292668743567 0
1634433018172 0.04589495406328858 0
1634433069529 0.04342208909136908 0
1634433121059 0.043535394908545855 0
1634433167617 0.052320662547241555 0
1634433214684 0.04805321198005181 0
1634433261320 0.04451457599734331 0
1634433307715 0.04494851343817525 0
1634433354488 0.04423702377584073 0
1634433401494 0.04236891706074987 0
1634433448327 0.04315040647596508 0
1634433494941 0.042715625885825656 0
1634433541327 0.042663185700000106 0
1634433591698 0.04225974002635324 0
1634433638859 0.04233040167139722 0
1634433686780 0.04487889874484632 0
1634433734328 0.04218884238174984 0
1634433781073 0.04156199080700224 0
1634433827680 0.04293650185519999 0
1634433874736 0.04611849204286352 0
1634433921428 0.04230545308779587 0
1634433968651 0.04697179504029163 0
1634434015220 0.047658952848090755 0
1634434062115 0.04637764268494272 0
1634434108965 0.04472412340730041 0
1634434157175 0.0446130031743994 0
1634434204513 0.044077254517318365 0
1634434250914 0.045069829742242766 0
1634434298068 0.04315395573420184 0
1634434344925 0.04229541236607285 0
1634434391679 0.042247572720244334 0
1634434440569 0.0430700218716225 0
1634434488181 0.042374854979964044 0
1634434537506 0.0461200230404154 0
1634434584704 0.04234659891914238 0
1634434633357 0.042395555910158464 0
1634434680172 0.04225263860705611 0
1634434727355 0.0424801790965842 0
1634434773880 0.04148281493841054 0
1634434822626 0.04116418935939089 0
1634434869570 0.04158172425027792 0
1634434917351 0.041059887931718456 0
1634434964005 0.04242890504757305 0
1634435010911 0.04155873933008739 0
1634435057569 0.042168918005251264 0
1634435107431 0.042434422734689406 0
1634435154037 0.04366984781990578 0
1634435201800 0.041790448371079064 0
1634435248670 0.04458463194405104 0
1634435295346 0.04213617688843182 0
1634435342303 0.041819143387210836 0
1634435388805 0.04344984284275538 0
1634435435780 0.04892316840395525 0
1634435486349 0.04465172788152447 0
1634435533668 0.04169031805903107 0
1634435583351 0.04129757088693706 0
1634435631207 0.042984836843687216 0
1634435678533 0.043748322172791926 0
1634435725220 0.0421258532381677 0
1634435775013 0.04120582588887834 0
1634435821892 0.041923341329221604 0
1634435871108 0.04114296877539003 0
1634435922769 0.04180892092453969 0
1634435972974 0.040237325134795984 0
1634436020040 0.04403153156208527 0
1634436069401 0.04011815457375019 0
1634436116840 0.04111570678651333 0
1634436166229 0.0414233064738574 0
1634436213317 0.04244785310773106 0
1634436262271 0.043618905031448836 0
1634436309604 0.04235699956680273 0
1634436358926 0.0445097294672356 0
1634436406291 0.0427095229168991 0
1634436456673 0.04009221111992737 0
1634436504477 0.042743018066341225 0
1634436552973 0.04257212571993277 0
1634436600489 0.04172800868362576 0
1634436649664 0.043942201277845865 0
1634436696573 0.043423681362689315 0
1634436745837 0.04164568068725722 0
1634436792926 0.04184171634835082 0
1634436843497 0.04014795036478476 0
1634436890576 0.041417676858700715 0
1634436940114 0.04141446885156941 0
1634436986967 0.04123716639330635 0
1634437037541 0.040609919744265546 0
1634437084597 0.04089591923085126 0
1634437135400 0.04068509049036286 0
1634437182779 0.04147582060911439 0
1634437232148 0.0412498428788665 0
1634437279495 0.04245844243892601 0
1634437330133 0.04289943911135197 0
1634437377406 0.04226650890301575 0
1634437429415 0.04187550049807344 0
1634437477001 0.04120293644244795 0
1634437528727 0.04057879252480222 0
1634437576475 0.041218963197686455 0
1634437626750 0.04002925105296172 0
1634437673918 0.03961033407937397 0
1634437725327 0.041717605762086905 0
1634437772806 0.04246419184393697 0
1634437823458 0.04020680334757675 0
1634437870874 0.042712177113666164 0
1634437922693 0.04269778360794117 0
1634437970253 0.056505502286282455 0
1634438020016 0.044341641175863034 0
1634438067237 0.04387147528687855 0
1634438118955 0.042390014976263046 0
1634438167347 0.0419598293623754 0
1634438216732 0.042681376897282415 0
1634438263917 0.04366119039039333 0
1634438315312 0.042893406995511675 0
1634438362751 0.03982552980350983 0
1634438414235 0.04049860308696697 0
1634438462815 0.03901244774944596 0
1634438513584 0.04287753036463415 0
1634438561845 0.04158222370527007 0
1634438612287 0.04078322622392859 0
1634438659737 0.040549870459483814 0
1634438711371 0.041740898599291774 0
1634438758805 0.04116526952424607 0
1634438810846 0.041583158124189876 0
1634438858747 0.04100866944758923 0
1634438910234 0.03934640906654395 0
1634438958012 0.03963850961103068 0
1634439009490 0.0399468917544786 0
1634439057421 0.03966195462876326 0
1634439107899 0.04088534438958416 0
1634439155267 0.042501472057653714 0
1634439206577 0.044326822890283224 0
1634439254493 0.04049928529889553 0
1634439305501 0.04025482161381802 0
1634439353536 0.04073507256515614 0
1634439406393 0.040626889239851534 0
1634439454227 0.04154612946432906 0
1634439505178 0.04123728163540363 0
1634439553048 0.04037513441176384 0
1634439604011 0.0407740001554613 0
1634439651911 0.04028956207458849 0
1634439703149 0.04087759486653588 0
1634439750416 0.042332259599458084 0
1634439802002 0.04053382490846244 0
1634439849822 0.03874045595913738 0
1634439900158 0.03859532152774272 0
1634439947558 0.039498097130230496 0
1634439998545 0.03979702054389885 0
1634440046037 0.03874990561759317 0
1634440097608 0.04010285867692588 0
1634440145332 0.038918437024989684 0
1634440197473 0.03894134591539185 0
1634440245373 0.04194535402121482 0
1634440296374 0.040426983219849597 0
1634440344072 0.04024070883532623 0
1634440399233 0.04124958580964572 0
1634440447279 0.04020747230327749 0
1634440494692 0.040124834551439656 0
1634440542328 0.0391472392751799 0
1634440594378 0.03974551673639904 0
1634440642137 0.04075495042390637 0
1634440694987 0.038702216555739376 0
1634440742666 0.041516604869590176 0
1634440790356 0.04209820768953144 0
1634440838072 0.039824023189676275 0
1634440885702 0.03990961901553265 0
1634440933737 0.039586352450507026 0
1634440981724 0.04006480377215844 0
1634441029353 0.039298125578985585 0
1634441082247 0.03873118492109435 0
1634441129725 0.04004646015244645 0
1634441177539 0.041455204973553685 0
1634441225212 0.04443093050609936 0
1634441273132 0.03967077611619002 0
1634441320876 0.039409395307302475 0
1634441375634 0.03920819847421213 0
1634441423760 0.04451933324143484 0
1634441476970 0.04049230981376264 0
1634441525130 0.03860724175518209 0
1634441572600 0.04074724606395542 0
1634441620312 0.03951050941046182 0
1634441668388 0.041797378281881285 0
1634441716098 0.04020722573260208 0
1634441764212 0.040183199448631954 0
1634441811697 0.0377319444503103 0
1634441861599 0.040053636633924077 0
1634441909187 0.03842491366259464 0
1634441956978 0.04036669662923782 0
1634442004547 0.04257266513712994 0
1634442058008 0.03851843746258067 0
1634442106042 0.03847300677330463 0
1634442154073 0.04024747913921034 0
1634442201710 0.03952387212352319 0
1634442250141 0.03949642832112777 0
1634442298124 0.039568389608681975 0
1634442348787 0.04044966399669647 0
1634442397023 0.041149189090960984 0
1634442450661 0.04070775675309169 0
1634442499543 0.03896097792917258 0
1634442552672 0.04042489792812954 0
1634442600683 0.040222884046954 0
1634442653727 0.03910622000694275 0
1634442701853 0.04086213503274825 0
1634442749746 0.039225461034031656 0
1634442797600 0.041704495376967764 0
1634442845709 0.03968631338279743 0
1634442893798 0.03994066009370537 0
1634442941757 0.03930262863248974 0
1634442989892 0.039098213753336435 0
1634443038107 0.04076273405513206 0
1634443086224 0.040443875742229546 0
1634443133826 0.042313733948515606 0
1634443181734 0.03981634843852613 0
1634443233124 0.04138890506288448 0
1634443281356 0.04152582793847307 0
1634443332127 0.03930820986725293 0
1634443380371 0.039415064836283785 0
1634443428371 0.03920484965594558 0
1634443476626 0.03986190583605271 0
1634443525052 0.03992779156217327 0
1634443573885 0.04909065007776409 0
1634443622651 0.043430497894039403 0
1634443671000 0.04223198150949819 0
1634443720702 0.040692808372633796 0
1634443769702 0.04088509837528328 0
1634443819237 0.03877761522187041 0
1634443867419 0.03877861427699591 0
1634443916973 0.03814183001394396 0
1634443965400 0.03972488777203993 0
1634444014189 0.03883171538737687 0
1634444062176 0.04047943366231856 0
1634444111729 0.04070559956810691 0
1634444160507 0.03837054392153567 0
1634444210791 0.03790701294390412 0
