1633504917001 0.7717257412997159 1
1633504937535 0.9374102968158144 2
1633504957761 0.9448510372277462 3
1633504977834 0.9544557513612689 4
1633504998188 0.9560544563062263 5
1633505018283 0.9547017415364584 6
1633505038469 0.9595924146247633 7
1633505058697 0.9593885017163826 8
1633505078721 0.9571963223544034 9
1633505098749 0.959391044847893 10
1633505118702 0.9545429114139441 11
1633505138869 0.9616981275153883 12
1633505159474 0.9592403065074574 13
1633505179264 0.9633726640181108 14
1633505199892 0.9512333725437974 15
1633505219994 0.9456511988784327 16
1633505240128 0.9616900357333097 17
1633505260514 0.9597960963393702 18
1633505280617 0.958069541237571 19
1633505303574 0.9566985621596827 20
1633505323185 0.9626319191672585 21
1633505342919 0.9595975008877841 22
1633505362380 0.9611118201053503 23
1633505381752 0.9637532089695786 24
1633505401275 0.9622169263435133 25
1633505422009 0.963825341426965 26
1633505441987 0.9644128048058712 27
1633505462062 0.9600869381066525 28
1633505482217 0.9651345917672822 29
1633505502705 0.9636836196437026 30
1633505522381 0.964285879424124 31
1633505541885 0.9641476255474668 32
1633505561721 0.9646146369702888 33
1633505581368 0.9629789410215436 34
1633505600893 0.9563240282463304 35
1633505620503 0.9641614971738873 36
1633505640189 0.9629988236860796 37
1633505659866 0.962934551816998 38
1633505679643 0.964303681344697 39
1633505702066 0.9636609626538826 40
1633505721703 0.9629426435990767 41
1633505741256 0.9630612460049716 42
1633505760603 0.9654998779296875 43
1633505780145 0.9633229573567709 44
1633505799820 0.9516943729285038 45
1633505819466 0.9642729325727983 46
1633505838949 0.963503057306463 47
1633505858638 0.9653884425307765 48
1633505878199 0.9651963205048533 49
1633505898008 0.9647552027846827 50
1633505917624 0.9632353349165483 51
1633505937465 0.9656492291074811 52
1633505957144 0.9645508274887548 53
1633505976729 0.9633664217862216 54
1633505996366 0.9678217569986979 55
1633506015983 0.9641950202710701 56
1633506035349 0.9631689823035038 57
1633506055023 0.9656952366684423 58
1633506074624 0.9656348950935133 59
1633506097112 0.9659220377604166 60
1633506116881 0.9676569158380682 61
1633506136533 0.9647836396188447 62
1633506155876 0.9643450650301847 63
1633506175455 0.9662827000473485 64
1633506194913 0.9676217743844697 65
1633506214613 0.9642925840435606 66
1633506234298 0.9662524136629972 67
1633506253838 0.9660235318270597 68
1633506273433 0.9638029156309186 69
1633506292857 0.9661391287138967 70
1633506312678 0.9660697705817946 71
1633506332428 0.9658027417732008 72
1633506352272 0.9652002507990057 73
1633506371941 0.9632173018022017 74
1633506391516 0.9662265199603457 75
1633506411252 0.9662716027462122 76
1633506430969 0.9643288814660275 77
1633506450595 0.9645036639589252 78
1633506470371 0.9654651988636364 79
1633506492828 0.9647260723691998 80
1633506512215 0.9637541337446733 81
1633506531693 0.9655014962861033 82
1633506551237 0.9673753218217329 83
1633506570634 0.9650643088600852 84
1633506590205 0.965261054761482 85
1633506609864 0.9651819864908854 86
1633506629350 0.9653045191909327 87
1633506649655 0.9668008052941525 88
1633506669576 0.9643716523141572 89
1633506689666 0.9665018717447916 90
1633506710012 0.9653486772017046 91
1633506729692 0.9623722885594224 92
1633506749360 0.9615191835345644 93
1633506769227 0.9667467059511127 94
1633506789067 0.9671808878580729 95
1633506808834 0.9658071344549005 96
1633506828604 0.9658216996626421 97
1633506848724 0.9675450180516099 98
1633506868561 0.9674800526012074 99
1633506891479 0.9665744665897253 100
1633506911628 0.9634383230498342 101
1633506931521 0.9682471535422585 102
1633506952122 0.9647487293590199 103
1633506972900 0.9664671926787405 104
1633506993068 0.966368935324929 105
1633507012936 0.9663624618992661 106
1633507032692 0.9637326327237216 107
1633507052190 0.9672578753847064 108
1633507071917 0.9675880200935133 109
1633507091525 0.9672583377722538 110
1633507110917 0.9658457438151041 111
1633507130312 0.965158173532197 112
1633507149949 0.966727285674124 113
1633507169533 0.966932354551373 114
1633507189294 0.961283134691643 115
1633507208725 0.9668278549656724 116
1633507228401 0.9660489631421638 117
1633507247796 0.9658371896454783 118
1633507267497 0.9668810295336174 119
1633507289872 0.9672382239139441 120
1633507309340 0.9644937226266572 121
1633507329038 0.9659266616358901 122
1633507348724 0.9631380023378314 123
1633507368234 0.9656496914950284 124
1633507387642 0.9668502807617188 125
1633507407372 0.9643189401337595 126
1633507426733 0.9652619795365767 127
1633507446521 0.9642537434895834 128
1633507465995 0.967397285230232 129
1633507485798 0.96685791015625 130
1633507505555 0.9661705710671165 131
1633507525333 0.964385292746804 132
1633507545182 0.9651537808504972 133
1633507564789 0.9663374929717092 134
1633507584568 0.9663587627988873 135
1633507603987 0.9641450824159564 136
1633507623424 0.9640865903912168 137
1633507642931 0.963186553030303 138
1633507662651 0.9665187488902699 139
1633507685045 0.9645658550840436 140
1633507704654 0.9648199370413115 141
1633507724236 0.9664357503255209 142
1633507743863 0.9670990452621923 143
1633507763286 0.9641940954959753 144
1633507782764 0.9669566298976089 145
1633507802301 0.9637409556995739 146
1633507822001 0.9659261992483428 147
1633507841582 0.9658471309777462 148
1633507861249 0.9668008052941525 149
1633507881273 0.9659541736949574 150
1633507901482 0.964681220777107 151
1633507921417 0.9657830903024385 152
1633507941089 0.9648939190488873 153
1633507960863 0.9669094663677793 154
1633507980449 0.9665444113991477 155
1633508000125 0.9677241932262074 156
1633508019772 0.9644659793738163 157
1633508039352 0.967141816110322 158
1633508059117 0.9663899739583334 159
1633508081380 0.9649084842566288 160
1633508101072 0.9646645748254025 161
1633508120705 0.9666315714518229 162
1633508140145 0.9664234970555161 163
1633508159827 0.9658263235381155 164
1633508179672 0.9657178936582623 165
1633508200191 0.9667388453628077 166
1633508220125 0.9669110847241951 167
