1633504917090 0.7717257412997159 1
1633504937684 0.9374102968158144 2
1633504957905 0.9448510372277462 3
1633504977979 0.9544557513612689 4
1633504998337 0.9560544563062263 5
1633505018424 0.9547017415364584 6
1633505038617 0.9595924146247633 7
1633505098900 0.959391044847893 10
1633505139022 0.9616981275153883 12
1633505179410 0.9633726640181108 14
1633505442139 0.9644128048058712 27
1633505482368 0.9651345917672822 29
1633505542037 0.9641476255474668 32
1633505620650 0.9641614971738873 36
1633505660015 0.962934551816998 38
1633505937618 0.9656492291074811 52
1633506195063 0.9676217743844697 65
1633506868708 0.9674800526012074 99
1633507290024 0.9672382239139441 120
