1633504917093 0.49609384924638794 1
1633504937690 0.7197483671097421 2
1633504957913 0.7431815988689014 3
1633504977986 0.788631238341142 4
1633504998340 0.7949238709361586 5
1633505018433 0.8033702256641688 6
1633505038624 0.8201861508440178 7
1633505098907 0.8237124265571609 10
1633505139026 0.8389676171006791 12
1633505179414 0.8487845580003035 14
1633505442148 0.8524366933261913 27
1633505482377 0.8597137999249764 29
1633505542045 0.8617317998403108 32
1633505620654 0.8630471931823244 36
1633505660020 0.8637012923458977 38
1633505937622 0.8657960949216109 52
1633506195072 0.8725883044857539 65
1633506868712 0.8730378956261587 99
1633507290028 0.8732756977279438 120
