1633504917006 0.49609384924638794 1
1633504937539 0.7197483671097421 2
1633504957764 0.7431815988689014 3
1633504977837 0.788631238341142 4
1633504998192 0.7949238709361586 5
1633505018287 0.8033702256641688 6
1633505038472 0.8201861508440178 7
1633505058701 0.8173615293502086 8
1633505078725 0.8067234126950926 9
1633505098753 0.8237124265571609 10
1633505118705 0.8026205230418599 11
1633505138873 0.8389676171006791 12
1633505159478 0.8008707413350171 13
1633505179267 0.8487845580003035 14
1633505199895 0.7800859690567808 15
1633505219998 0.7840999205452563 16
1633505240131 0.8396335736416001 17
1633505260518 0.8372500165728362 18
1633505280621 0.8395251175029131 19
1633505303577 0.8356233948613043 20
1633505323189 0.847041465533445 21
1633505342923 0.8343989350827791 22
1633505362383 0.8458794402852315 23
1633505381756 0.8418132837928223 24
1633505401279 0.8434926702976578 25
1633505422013 0.8467671008724015 26
1633505441991 0.8524366933261913 27
1633505462066 0.8492399128633004 28
1633505482221 0.8597137999249764 29
1633505502709 0.8528145561311066 30
1633505522385 0.847749973443345 31
1633505541889 0.8617317998403108 32
1633505561724 0.8558940330870658 33
1633505581372 0.849423854952633 34
1633505600897 0.8446505374156585 35
1633505620507 0.8630471931823244 36
1633505640193 0.854666036352098 37
1633505659870 0.8637012923458977 38
1633505679646 0.859829662282728 39
1633505702070 0.8495441869440661 40
1633505721707 0.8529479156905342 41
1633505741260 0.8501134370039165 42
1633505760607 0.857029492483417 43
1633505780149 0.8518785281837374 44
1633505799823 0.8331067727362593 45
1633505819470 0.8498798637183239 46
1633505838953 0.8584518261507581 47
1633505858642 0.8579303537597894 48
1633505878203 0.8622369734475771 49
1633505898011 0.8594283593291472 50
1633505917628 0.8496843429809491 51
1633505937469 0.8657960949216109 52
1633505957148 0.8535075410484032 53
1633505976733 0.8535952691639359 54
1633505996370 0.8600038905281092 55
1633506015987 0.8580646389256551 56
1633506035353 0.854761870392047 57
1633506055027 0.8644074191126594 58
1633506074628 0.8655071966381926 59
1633506097116 0.8546561307364916 60
1633506116885 0.8642512051907401 61
1633506136536 0.8567372154711139 62
1633506155880 0.8612825460008481 63
1633506175459 0.8604550774987825 64
1633506194917 0.8725883044857539 65
1633506214617 0.8562586098824188 66
1633506234302 0.8660429756534646 67
1633506253842 0.8664842590488983 68
1633506273437 0.8513770899543434 69
1633506292860 0.8651343159616491 70
1633506312682 0.8654713739439998 71
1633506332431 0.8627309948956663 72
1633506352276 0.8592887609012088 73
1633506371945 0.8602739037335184 74
1633506391520 0.8661710290594565 75
1633506411256 0.8624438028815057 76
1633506430973 0.8540434511609547 77
1633506450599 0.861662886262204 78
1633506470375 0.858593746885867 79
1633506492832 0.8516133162020758 80
1633506512219 0.8529573038809695 81
1633506531697 0.8605590867802867 82
1633506551241 0.8640440212370731 83
1633506570638 0.8579116569984072 84
1633506590209 0.8603242859494481 85
1633506609868 0.862643062598958 86
1633506629354 0.8560910714978938 87
1633506649659 0.8619757203573202 88
1633506669580 0.8567542120504812 89
1633506689669 0.8654770759660907 90
1633506710015 0.8594893564747053 91
1633506729695 0.8539424177859858 92
1633506749364 0.8532496203394064 93
1633506769230 0.8664995070680916 94
1633506789071 0.8635561136815858 95
1633506808838 0.8597470741700352 96
1633506828608 0.8608658189914745 97
1633506848727 0.8641619382707744 98
1633506868565 0.8730378956261587 99
1633506891483 0.8614121352732446 100
1633506911632 0.8561829673658661 101
1633506931525 0.869527245151426 102
1633506952127 0.8560168295376257 103
1633506972904 0.8609403445182383 104
1633506993071 0.8641715639774245 105
1633507012940 0.8664243889237865 106
1633507032696 0.857695106393336 107
1633507052194 0.8714027232135784 108
1633507071921 0.8638733056097609 109
1633507091529 0.8634291171933832 110
1633507110921 0.8584173694493503 111
1633507130316 0.8592170310858221 112
1633507149953 0.8658910895995207 113
1633507169537 0.8669761998058421 114
1633507189297 0.8498610584180811 115
1633507208729 0.8627994722909448 116
1633507228405 0.8622414131540218 117
1633507247800 0.8582268442475265 118
1633507267500 0.8673195966134988 119
1633507289875 0.8732756977279438 120
1633507309344 0.8544864388926161 121
1633507329042 0.8542903430524245 122
1633507348727 0.8590187353029236 123
1633507368238 0.8531133817573764 124
1633507387645 0.8636710388559181 125
1633507407376 0.8536468311928211 126
1633507426736 0.8576942920402506 127
1633507446524 0.8545476922775023 128
1633507465999 0.8650165621425953 129
1633507485801 0.8633671531137307 130
1633507505558 0.8618540439026698 131
1633507525337 0.856344866377116 132
1633507545186 0.8538294997430748 133
1633507564792 0.8539726099781971 134
1633507584572 0.857234210125537 135
1633507603991 0.8544178395231182 136
1633507623427 0.8524096117787814 137
1633507642935 0.8488667535200121 138
1633507662655 0.85897983403964 139
1633507685049 0.8637996693630156 140
1633507704657 0.8624998026669333 141
1633507724240 0.8631262611175133 142
1633507743867 0.8629165048518344 143
1633507763290 0.8518529019447504 144
1633507782768 0.8622687565755355 145
1633507802304 0.8584530257530995 146
1633507822005 0.8627449719012064 147
1633507841586 0.8599937839647529 148
1633507861253 0.8647402768993068 149
1633507881276 0.8647758663210235 150
1633507901486 0.8552411890653194 151
1633507921420 0.8581374862757484 152
1633507941093 0.8605956513372455 153
1633507960867 0.8621713808202754 154
1633507980452 0.8634134023458903 155
1633508000128 0.8667285949249216 156
1633508019776 0.8491022204145852 157
1633508039356 0.8594621247848697 158
1633508059121 0.8550817808720841 159
1633508081384 0.8634268719805648 160
1633508101076 0.8598663883469808 161
1633508120709 0.8657282856872356 162
1633508140149 0.8597086885460574 163
1633508159831 0.8600238654069307 164
1633508179677 0.8517886100796652 165
1633508200194 0.8650740573078258 166
1633508220128 0.8556087234669002 167
