1633504917005 0.4998808251948335 1
1633504937538 0.7364867012285733 2
1633504957763 0.7754938422979841 3
1633504977836 0.8132759645393027 4
1633504998191 0.8262200863273459 5
1633505018286 0.8095028228066433 6
1633505038471 0.8458169680578933 7
1633505058700 0.8267564894576822 8
1633505078724 0.828696423935815 9
1633505098752 0.8494534398870722 10
1633505118704 0.824481782424323 11
1633505138872 0.848610923044365 12
1633505159477 0.8491159667166447 13
1633505179266 0.8552638294354202 14
1633505199894 0.8337760964817414 15
1633505219997 0.824710673402182 16
1633505240130 0.8625029705890366 17
1633505260517 0.8634140795907372 18
1633505280620 0.8524408885414195 19
1633505303576 0.8420021994022303 20
1633505323188 0.86339361737772 21
1633505342922 0.853803561480053 22
1633505362382 0.8588929701357736 23
1633505381754 0.868119948911348 24
1633505401278 0.8631087789092313 25
1633505422012 0.8631139561015985 26
1633505441990 0.8756548133778774 27
1633505462065 0.8623051422919664 28
1633505482220 0.8662765006877625 29
1633505502708 0.869278157600819 30
1633505522384 0.8574942260116594 31
1633505541888 0.8716367630568661 32
1633505561723 0.8757985454844393 33
1633505581371 0.8759683504199028 34
1633505600896 0.8478621364172392 35
1633505620506 0.8696353396951666 36
1633505640192 0.8745419906858677 37
1633505659869 0.8669853276780114 38
1633505679646 0.8764286905121242 39
1633505702069 0.8726835227752274 40
1633505721706 0.86275191472146 41
1633505741259 0.8665248933167334 42
1633505760606 0.8769604109132638 43
1633505780148 0.8683240596158559 44
1633505799822 0.8394663664212689 45
1633505819469 0.8696445117117734 46
1633505838952 0.8750242552270274 47
1633505858641 0.8711292822791709 48
1633505878202 0.878882474865484 49
1633505898010 0.8760196403972774 50
1633505917627 0.869444443980506 51
1633505937468 0.8859308878267647 52
1633505957147 0.8699845206053223 53
1633505976732 0.8667275040741503 54
1633505996369 0.8766062822371461 55
1633506015986 0.8780196305285772 56
1633506035352 0.8612867701660318 57
1633506055026 0.8810948210260312 58
1633506074627 0.8721141218033697 59
1633506097115 0.8745318547071077 60
1633506116884 0.8877911212854295 61
1633506136535 0.8699177880168234 62
1633506155879 0.871182345380168 63
1633506175458 0.8770661793809983 64
1633506194916 0.8860127399393808 65
1633506214616 0.8761716008099167 66
1633506234301 0.8827619520174311 67
1633506253841 0.8866350557709657 68
1633506273436 0.867812941111763 69
1633506292860 0.8750783885589095 70
1633506312681 0.8855986151985114 71
1633506332430 0.882794506404868 72
1633506352275 0.8792722204570508 73
1633506371944 0.8735088868678802 74
1633506391519 0.8794967371988327 75
1633506411255 0.8790932971456273 76
1633506430972 0.8807323090097345 77
1633506450598 0.8817015580357437 78
1633506470374 0.8751689157446676 79
1633506492831 0.8714182770439846 80
1633506512218 0.86276141082213 81
1633506531696 0.8771721965636899 82
1633506551240 0.8841380682425865 83
1633506570637 0.8711102978753058 84
1633506590208 0.8769328628982792 85
1633506609867 0.8792964035757719 86
1633506629353 0.8760001661838912 87
1633506649658 0.8786161782792762 88
1633506669579 0.8766787286097948 89
1633506689668 0.8821851276256677 90
1633506710014 0.8727122696512392 91
1633506729694 0.8704277926467191 92
1633506749363 0.8730926347659043 93
1633506769229 0.879830268715293 94
1633506789070 0.8836388139997623 95
1633506808837 0.8763445080343215 96
1633506828607 0.8741099085144203 97
1633506848726 0.8808446011717546 98
1633506868564 0.8864692478665611 99
1633506891482 0.8814449756284364 100
1633506911631 0.8760941991650724 101
1633506931524 0.8863134854053145 102
1633506952126 0.872542250957271 103
1633506972903 0.8775608144896329 104
1633506993070 0.8808544127028574 105
1633507012939 0.8797539949072294 106
1633507032695 0.8742529269800801 107
1633507052193 0.8882251696076628 108
1633507071920 0.8839633824844065 109
1633507091528 0.8835088641048572 110
1633507110920 0.8817983872942743 111
1633507130315 0.8826198295978873 112
1633507149952 0.8860280916832305 113
1633507169536 0.883713192080086 114
1633507189297 0.8662676425574263 115
1633507208728 0.8794558327598819 116
1633507228404 0.8822935390413246 117
1633507247799 0.881602672690066 118
1633507267499 0.8874898197905569 119
1633507289874 0.8799419244281571 120
1633507309343 0.8709823160913154 121
1633507329041 0.8741575603327134 122
1633507348726 0.8756021085713197 123
1633507368237 0.8763499330114684 124
1633507387644 0.8837564118525675 125
1633507407375 0.8701264997486671 126
1633507426736 0.8742520969058926 127
1633507446523 0.8778233103550998 128
1633507465998 0.8783245092524813 129
1633507485801 0.8834454590000965 130
1633507505557 0.8853286676665557 131
1633507525336 0.8796694347220182 132
1633507545185 0.8805116716100458 133
1633507564792 0.8806592540400157 134
1633507584571 0.8805830018410187 135
1633507603990 0.8811183970082157 136
1633507623426 0.8688653957899548 137
1633507642934 0.8753938395675125 138
1633507662654 0.8789561092498641 139
1633507685048 0.8804753386557378 140
1633507704656 0.8757690304002707 141
1633507724239 0.8831989648644324 142
1633507743866 0.8829843305460632 143
1633507763289 0.881918298483977 144
1633507782767 0.878914871567341 145
1633507802303 0.8750254779877152 146
1633507822004 0.8794002802390676 147
1633507841585 0.8799936394057937 148
1633507861252 0.8814341046386758 149
1633507881275 0.8848869329796519 150
1633507901485 0.8751305190435827 151
1633507921419 0.8747038470146624 152
1633507941092 0.8840359998172482 153
1633507960866 0.882221878048654 154
1633507980451 0.8834927837957947 155
1633508000128 0.8868850738766639 156
1633508019775 0.8688487836800408 157
1633508039354 0.8828715990008 158
1633508059120 0.8783719461098451 159
1633508081382 0.880095344412622 160
1633508101075 0.8764661255737565 161
1633508120708 0.8858615016334503 162
1633508140148 0.8797019138610821 163
1633508159830 0.8800244204163942 164
1633508179676 0.8715976475233784 165
1633508200193 0.8851920586405659 166
1633508220127 0.8755066007568281 167
