1633504917092 0.4998808251948335 1
1633504937688 0.7364867012285733 2
1633504957910 0.7754938422979841 3
1633504977984 0.8132759645393027 4
1633504998339 0.8262200863273459 5
1633505018430 0.8095028228066433 6
1633505038622 0.8458169680578933 7
1633505098905 0.8494534398870722 10
1633505139025 0.848610923044365 12
1633505179413 0.8552638294354202 14
1633505442145 0.8756548133778774 27
1633505482374 0.8662765006877625 29
1633505542043 0.8716367630568661 32
1633505620652 0.8696353396951666 36
1633505660018 0.8669853276780114 38
1633505937621 0.8859308878267647 52
1633506195069 0.8860127399393808 65
1633506868711 0.8864692478665611 99
1633507290027 0.8799419244281571 120
