1633504917007 6.6303618560258935 1
1633504937540 4.684021524800321 2
1633504957766 4.207849744681019 3
1633504977839 4.121395414382149 4
1633504998193 3.8965502748694205 5
1633505018288 4.073194704040849 6
1633505038474 3.8741745901017115 7
1633505058702 3.964344505857943 8
1633505078726 3.889438399698971 9
1633505098755 3.842388095787442 10
1633505118707 3.943922849165232 11
1633505138874 3.8126005347847745 12
1633505159479 3.8497319222941058 13
1633505179269 3.791134177528985 14
1633505199897 4.034250276115367 15
1633505219999 4.0431668495585775 16
1633505240133 3.697053892092175 17
1633505260519 3.7963312494143646 18
1633505280623 3.7741139944355107 19
1633505303579 3.9020903011670427 20
1633505323190 3.7661060048731234 21
1633505342924 3.8507654505089057 22
1633505362385 3.69910322668383 23
1633505381757 3.6683625129855426 24
1633505401280 3.68365924080716 25
1633505422015 3.6514343273180034 26
1633505441992 3.6145613734831628 27
1633505462067 3.7243738041426253 28
1633505482223 3.645083501935707 29
1633505502711 3.668653421746031 30
1633505522386 3.6442615730396057 31
1633505541890 3.5807713391358558 32
1633505561726 3.6112670383901473 33
1633505581373 3.566964686314865 34
1633505600898 3.8314625991215485 35
1633505620509 3.5776501114827024 36
1633505640194 3.6184981811757253 37
1633505659871 3.664048773248323 38
1633505679648 3.5651391302665005 39
1633505702071 3.6388946828150566 40
1633505721708 3.632688749222495 41
1633505741261 3.6225855299601264 42
1633505760608 3.6034743250430408 43
1633505780150 3.66906528662292 44
1633505799825 3.9140892691220808 45
1633505819471 3.625811367418765 46
1633505838955 3.615590100881756 47
1633505858643 3.63193750657187 48
1633505878204 3.5968822485685346 49
1633505898013 3.5500501171737953 50
1633505917630 3.663740047834303 51
1633505937470 3.564478617257449 52
1633505957150 3.625025943668572 53
1633505976734 3.5776877344371667 54
1633505996371 3.5396586383133357 55
1633506015988 3.5868262023372157 56
1633506035354 3.6338437051060546 57
1633506055028 3.5156362326063757 58
1633506074630 3.566790238000233 59
1633506097117 3.5630638189082187 60
1633506116886 3.511538394139687 61
1633506136538 3.6116495587997193 62
1633506155881 3.5969075529536307 63
1633506175460 3.5603349697934 64
1633506194918 3.574405270403472 65
1633506214618 3.57504427837303 66
1633506234303 3.5766539405609516 67
1633506253843 3.548477640294567 68
1633506273438 3.5923999451309085 69
1633506292862 3.5603927747695536 70
1633506312683 3.5879096805294393 71
1633506332433 3.4866799716794183 72
1633506352277 3.542937568531257 73
1633506371946 3.5547645013419182 74
1633506391521 3.602278793982492 75
1633506411258 3.534887206856094 76
1633506430974 3.5767932061373746 77
1633506450600 3.5339644014676863 78
1633506470376 3.5636580165271905 79
1633506492833 3.5416970862010233 80
1633506512220 3.6262427402182182 81
1633506531698 3.582656061441932 82
1633506551242 3.5577592419320743 83
1633506570639 3.5442318352950304 84
1633506590210 3.5387174235759677 85
1633506609869 3.514867610832644 86
1633506629355 3.608244272716247 87
1633506649661 3.5445485551028995 88
1633506669582 3.5833740313867275 89
1633506689671 3.5432281890270647 90
1633506710017 3.589778755600625 91
1633506729697 3.668136937213918 92
1633506749365 3.568166500528228 93
1633506769232 3.5040478542808335 94
1633506789072 3.526960208688489 95
1633506808839 3.509733282927149 96
1633506828609 3.526716583101765 97
1633506848729 3.5251055110302874 98
1633506868566 3.4357592797153655 99
1633506891484 3.5330077134545155 100
1633506911633 3.591447180720329 101
1633506931526 3.485310099334565 102
1633506952128 3.5565102506642305 103
1633506972906 3.548839943044828 104
1633506993073 3.4687325210512214 105
1633507012941 3.535095603954103 106
1633507032697 3.590631118905173 107
1633507052196 3.506215178171003 108
1633507071922 3.5129753727266815 109
1633507091530 3.486385988862647 110
1633507110922 3.5310760579906404 111
1633507130317 3.5752475651037017 112
1633507149954 3.509289758898709 113
1633507169538 3.501327296918224 114
1633507189299 3.6325244121332236 115
1633507208730 3.508666350338101 116
1633507228407 3.5358221198879245 117
1633507247802 3.5434037826188955 118
1633507267502 3.4796415488951387 119
1633507289877 3.5351967686384884 120
1633507309345 3.556508410841269 121
1633507329043 3.59530005830352 122
1633507348729 3.6077125132481527 123
1633507368239 3.547797615760655 124
1633507387646 3.472686241360765 125
1633507407377 3.586932782790946 126
1633507426738 3.5713248697860815 127
1633507446526 3.55470271817774 128
1633507466000 3.488448368569981 129
1633507485803 3.4964274137931204 130
1633507505560 3.5024374182963354 131
1633507525338 3.5246394045940526 132
1633507545187 3.55282646712512 133
1633507564794 3.5418295327274265 134
1633507584573 3.577352599379578 135
1633507603992 3.5716940957653818 136
1633507623429 3.5996706751608345 137
1633507642937 3.6097973006186166 138
1633507662656 3.567657543237696 139
1633507685050 3.4904139070922655 140
1633507704659 3.5662820910135173 141
1633507724241 3.479622846355469 142
1633507743868 3.486472433651408 143
1633507763291 3.574101470934865 144
1633507782770 3.4982763956818017 145
1633507802306 3.564794818695979 146
1633507822006 3.52035789642146 147
1633507841587 3.5472251919521134 148
1633507861255 3.4872431857010677 149
1633507881278 3.516497788355101 150
1633507901487 3.6089480728969727 151
1633507921422 3.535772856176425 152
1633507941094 3.5249573730738883 153
1633507960868 3.4947991136632957 154
1633507980454 3.4699516745121337 155
1633508000130 3.4867018145450865 156
1633508019777 3.618979914840438 157
1633508039357 3.509761497286396 158
1633508059122 3.5190450593946725 159
1633508081385 3.526856796680363 160
1633508101077 3.523696275160065 161
1633508120710 3.510081142745575 162
1633508140150 3.512223971143222 163
1633508159833 3.537816424501124 164
1633508179678 3.573722435971053 165
1633508200196 3.5412671779204774 166
1633508220130 3.490797225927755 167
