1633504917095 6.6303618560258935 1
1633504937692 4.684021524800321 2
1633504957916 4.207849744681019 3
1633504977989 4.121395414382149 4
1633504998342 3.8965502748694205 5
1633505018436 4.073194704040849 6
1633505038628 3.8741745901017115 7
1633505098911 3.842388095787442 10
1633505139028 3.8126005347847745 12
1633505179416 3.791134177528985 14
1633505442152 3.6145613734831628 27
1633505482381 3.645083501935707 29
1633505542049 3.5807713391358558 32
1633505620655 3.5776501114827024 36
1633505660022 3.664048773248323 38
1633505937624 3.564478617257449 52
1633506195076 3.574405270403472 65
1633506868713 3.4357592797153655 99
1633507290030 3.5351967686384884 120
