1633504917093 0.3874655858705314 1
1633504937689 0.6164263638858835 2
1633504957912 0.6542263027973254 3
1633504977985 0.7019463882878341 4
1633504998340 0.7091490371354393 5
1633505018431 0.7183482919361123 6
1633505038623 0.7355258001108808 7
1633505098906 0.7465040834782461 10
1633505139025 0.7603530893243072 12
1633505179414 0.7698752032087217 14
1633505442146 0.7826619431825633 27
1633505482376 0.7903261103393519 29
1633505542044 0.7939919198555172 32
1633505620653 0.7930833139650186 36
1633505660019 0.791967454464533 38
1633505937622 0.7990082635800229 52
1633506195070 0.8037856660109349 65
1633506868711 0.8081002969099199 99
1633507290027 0.8086300196802344 120
