1633504917005 0.3874655858705314 1
1633504937538 0.6164263638858835 2
1633504957764 0.6542263027973254 3
1633504977837 0.7019463882878341 4
1633504998192 0.7091490371354393 5
1633505018286 0.7183482919361123 6
1633505038472 0.7355258001108808 7
1633505058700 0.7324802076152342 8
1633505078724 0.724828764830083 9
1633505098753 0.7465040834782461 10
1633505118705 0.7169404884965572 11
1633505138872 0.7603530893243072 12
1633505159477 0.7250991170694568 13
1633505179267 0.7698752032087217 14
1633505199895 0.7026948379576987 15
1633505219997 0.7032709153679212 16
1633505240131 0.7674067209965737 17
1633505260517 0.7609343937575518 18
1633505280621 0.7665617260800826 19
1633505303577 0.7583453660016005 20
1633505323189 0.7757506248136674 21
1633505342922 0.7623372967861363 22
1633505362383 0.7701973816750843 23
1633505381755 0.775187826874196 24
1633505401278 0.7737649660228428 25
1633505422013 0.776613673563663 26
1633505441990 0.7826619431825633 27
1633505462065 0.7795736801937898 28
1633505482221 0.7903261103393519 29
1633505502709 0.781505954478438 30
1633505522384 0.7762765148318936 31
1633505541888 0.7939919198555172 32
1633505561724 0.7874471469990412 33
1633505581371 0.7822153749297358 34
1633505600896 0.772730542116576 35
1633505620507 0.7930833139650186 36
1633505640192 0.7892068305505687 37
1633505659869 0.791967454464533 38
1633505679646 0.792940262030395 39
1633505702069 0.779164352260531 40
1633505721706 0.7837155747164848 41
1633505741260 0.78342385342725 42
1633505760607 0.791176320713157 43
1633505780149 0.7824297131008815 44
1633505799823 0.7585109513493834 45
1633505819470 0.7822010060289213 46
1633505838953 0.7897788858066412 47
1633505858641 0.7902484064964433 48
1633505878202 0.7942663759866146 49
1633505898011 0.7912042860391019 50
1633505917628 0.7807359996294558 51
1633505937468 0.7990082635800229 52
1633505957148 0.7840232644251085 53
1633505976732 0.782592152328137 54
1633505996369 0.7911675432593087 55
1633506015986 0.7899838178927283 56
1633506035353 0.7854377621797879 57
1633506055026 0.7995432078351324 58
1633506074628 0.797152528369887 59
1633506097115 0.7851413680097942 60
1633506116885 0.7977797401237362 61
1633506136536 0.7896860363430868 62
1633506155879 0.7925423676413541 63
1633506175458 0.7929061168105237 64
1633506194916 0.8037856660109349 65
1633506214616 0.7881246207300611 66
1633506234301 0.8000079480213931 67
1633506253841 0.7998819232173114 68
1633506273436 0.7829653399809714 69
1633506292860 0.7976396357766034 70
1633506312681 0.7989532346043624 71
1633506332431 0.7995325745786933 72
1633506352275 0.7923079106232691 73
1633506371945 0.7954423871556086 74
1633506391520 0.7972090378805586 75
1633506411256 0.7976675597104014 76
1633506430972 0.7895338911450319 77
1633506450598 0.7949199253279718 78
1633506470374 0.7926618081877237 79
1633506492832 0.7876509202138622 80
1633506512218 0.7860081971320358 81
1633506531697 0.7946747684563891 82
1633506551240 0.798911022761877 83
1633506570637 0.7897136512849222 84
1633506590209 0.7959817894447828 85
1633506609867 0.7971964944553196 86
1633506629353 0.7914533228523971 87
1633506649659 0.7976881423086237 88
1633506669580 0.7887516566640672 89
1633506689669 0.800766586053692 90
1633506710015 0.7937655100519865 91
1633506729695 0.7845233170757788 92
1633506749363 0.7842928319470625 93
1633506769230 0.80210810052256 94
1633506789070 0.7983937827008667 95
1633506808837 0.79123995876518 96
1633506828607 0.79766788265369 97
1633506848727 0.7988636177021279 98
1633506868564 0.8081002969099199 99
1633506891482 0.7970809693963605 100
1633506911631 0.7920270951938359 101
1633506931524 0.8044159870272797 102
1633506952126 0.7923945681087842 103
1633506972904 0.7949107871925544 104
1633506993071 0.7994302332280147 105
1633507012939 0.8003366117170874 106
1633507032695 0.7920635671974294 107
1633507052194 0.8071813682816368 108
1633507071921 0.7989728759439642 109
1633507091528 0.7978396684260339 110
1633507110920 0.7931788420670278 111
1633507130315 0.794260560928716 112
1633507149952 0.8011618627994839 113
1633507169537 0.8015715279175866 114
1633507189297 0.7802531154082607 115
1633507208729 0.7965098316744933 116
1633507228405 0.798154869618324 117
1633507247800 0.795159027262554 118
1633507267500 0.8050374230822956 119
1633507289875 0.8086300196802344 120
1633507309343 0.7884719039292207 121
1633507329041 0.786125096783385 122
1633507348727 0.7936763559001488 123
1633507368237 0.7866323745846943 124
1633507387644 0.7990600438379913 125
1633507407376 0.7885394450046324 126
1633507426736 0.7908771293906145 127
1633507446524 0.7895046333813857 128
1633507465998 0.8003145893470981 129
1633507485801 0.7995593581862714 130
1633507505558 0.7978532092070263 131
1633507525336 0.7932584011546386 132
1633507545185 0.7898261666829886 133
1633507564792 0.7887545083010055 134
1633507584571 0.7925777218915959 135
1633507603990 0.7903940924233507 136
1633507623427 0.7853559585444871 137
1633507642935 0.784707952358374 138
1633507662654 0.793406031874231 139
1633507685048 0.7993393536493782 140
1633507704657 0.7966474479741561 141
1633507724239 0.799653854076756 142
1633507743866 0.7990893451754901 143
1633507763289 0.7895384649515744 144
1633507782768 0.7992015012499513 145
1633507802304 0.7929006314541965 146
1633507822004 0.7992676993448888 147
1633507841585 0.7969612382053206 148
1633507861253 0.8012992206958561 149
1633507881276 0.8011589883765564 150
1633507901485 0.7892380279100272 151
1633507921420 0.7929827360719378 152
1633507941092 0.7958886629718336 153
1633507960866 0.7977148318003924 154
1633507980452 0.7990687372544376 155
1633508000128 0.8025487471643854 156
1633508019775 0.7810202007335126 157
1633508039355 0.7950119999622423 158
1633508059120 0.7894701769430515 159
1633508081383 0.7973826821528595 160
1633508101075 0.7946445925484706 161
1633508120709 0.8016900381006167 162
1633508140148 0.7946843742342669 163
1633508159831 0.794677260246731 164
1633508179676 0.7879939451317186 165
1633508200194 0.8002172653238934 166
1633508220128 0.7918867073966686 167
