1633504917091 0.39544878610633183 1
1633504937685 0.6992491586619666 2
1633504957906 0.8288383216950491 3
1633504977980 0.787174474640225 4
1633504998337 0.7923359158276575 5
1633505018426 0.8093716408573344 6
1633505038618 0.8590554293553592 7
1633505098901 0.8593082898783497 10
1633505139023 0.8597214886366169 12
1633505179411 0.847348191623018 14
1633505442140 0.8960793140861101 27
1633505482370 0.8793468686051585 29
1633505542039 0.8701174097121166 32
1633505620651 0.8723563397868204 36
1633505660016 0.8626051915188807 38
1633505937619 0.8646522313008991 52
1633506195065 0.8802891441646143 65
1633506868709 0.8847356082403666 99
1633507290025 0.8766123847307511 120
