1633504917007 0.6742523699377839 1
1633504937540 0.7812231698781891 2
1633504957765 0.8114054103597503 3
1633504977838 0.8325248198504819 4
1633504998193 0.8360079583127198 5
1633505018288 0.8487898501049145 6
1633505038473 0.8602247931771628 7
1633505058702 0.8550410649814822 8
1633505078726 0.8496711100905016 9
1633505098754 0.8567589222525112 10
1633505118706 0.8454241797639775 11
1633505138874 0.867818150945482 12
1633505159478 0.8540516097576685 13
1633505179268 0.8773819434152565 14
1633505199896 0.847858548962893 15
1633505219999 0.8484809180945083 16
1633505240132 0.8711990999819333 17
1633505260519 0.8667035604239332 18
1633505280622 0.866922724585424 19
1633505303578 0.8684521669831153 20
1633505323190 0.8686951861387658 21
1633505342924 0.8677343933288905 22
1633505362384 0.871959000639069 23
1633505381756 0.8682538615926464 24
1633505401280 0.8756584341626942 25
1633505422014 0.8769888914911758 26
1633505441992 0.882529981190247 27
1633505462067 0.8748744958458221 28
1633505482222 0.884129373106947 29
1633505502710 0.8783084109982573 30
1633505522386 0.875845521337176 31
1633505541890 0.8852784515008626 32
1633505561725 0.8829972762671328 33
1633505581373 0.8756816159377657 34
1633505600898 0.8793083172895007 35
1633505620508 0.8853361361191272 36
1633505640194 0.8750140719107394 37
1633505659871 0.8892882356133239 38
1633505679647 0.8854678642806021 39
1633505702071 0.8771500852734904 40
1633505721708 0.8789180349601463 41
1633505741261 0.8768406967532402 42
1633505760608 0.886629270328125 43
1633505780150 0.8797360762432318 44
1633505799824 0.8624396365241573 45
1633505819471 0.8767306072582088 46
1633505838954 0.8834481724185578 47
1633505858643 0.8825579479179775 48
1633505878204 0.8856847881152451 49
1633505898012 0.8836693756203722 50
1633505917629 0.8788994465118654 51
1633505937469 0.8881027238031364 52
1633505957149 0.8838109629299937 53
1633505976734 0.8790599191246532 54
1633505996371 0.8877844358781625 55
1633506015988 0.8822388680251838 56
1633506035354 0.8836464359817787 57
1633506055028 0.8863003135827113 58
1633506074629 0.8867443079069652 59
1633506097116 0.8826834621154456 60
1633506116886 0.8874973928479128 61
1633506136537 0.8828688014656241 62
1633506155881 0.8845322000653071 63
1633506175460 0.8863294617870285 64
1633506194917 0.8912831223200207 65
1633506214618 0.8833950967562854 66
1633506234302 0.8918626175205983 67
1633506253842 0.8902518110945972 68
1633506273438 0.8858400398014779 69
1633506292861 0.8873375090878302 70
1633506312683 0.8880552569115276 71
1633506332432 0.8862617203316903 72
1633506352277 0.8844246631535249 73
1633506371946 0.8882118074323497 74
1633506391521 0.8896050836546501 75
1633506411257 0.8915721557073235 76
1633506430974 0.8802989940519973 77
1633506450600 0.8911756928022527 78
1633506470376 0.8867693885669327 79
1633506492833 0.8791859836504815 80
1633506512220 0.8856166013341418 81
1633506531698 0.8875198759852463 82
1633506551242 0.8888565171755788 83
1633506570639 0.8839909670948145 84
1633506590210 0.8863004051291109 85
1633506609869 0.8888649326619159 86
1633506629354 0.8827442143967484 87
1633506649660 0.8885805833755773 88
1633506669581 0.8816794843833327 89
1633506689670 0.8861989271611759 90
1633506710016 0.883279270253153 91
1633506729696 0.8789438175833525 92
1633506749365 0.8774356269772589 93
1633506769231 0.8888549730437529 94
1633506789072 0.8929867097823276 95
1633506808839 0.8849260200570822 96
1633506828608 0.8864681310660908 97
1633506848728 0.8876046046654001 98
1633506868565 0.8957144130646257 99
1633506891484 0.8959071517315769 100
1633506911633 0.8852195874362071 101
1633506931526 0.8935041737973826 102
1633506952128 0.8817057129148204 103
1633506972905 0.8858858721785627 104
1633506993072 0.8865701206816472 105
1633507012941 0.8876946830869828 106
1633507032696 0.8825277925398222 107
1633507052195 0.890328819472711 108
1633507071922 0.889285189652617 109
1633507091530 0.8894940257909203 110
1633507110922 0.8828148686043691 111
1633507130317 0.8843321888100516 112
1633507149954 0.8872846948915706 113
1633507169538 0.8874669856048099 114
1633507189298 0.8776799100288682 115
1633507208730 0.8852862489772872 116
1633507228406 0.8839753129356254 117
1633507247801 0.8875460846627066 118
1633507267501 0.8908442461491085 119
1633507289876 0.8971952558795474 120
1633507309345 0.8828404132393045 121
1633507329043 0.8844543296287929 122
1633507348728 0.8840875721669975 123
1633507368239 0.8876477367067727 124
1633507387646 0.8917055109586243 125
1633507407377 0.8806961168800423 126
1633507426737 0.883464829727915 127
1633507446525 0.8780886915520387 128
1633507466000 0.88687819484959 129
1633507485802 0.8888641348541698 130
1633507505559 0.890587809533607 131
1633507525338 0.882505229378212 132
1633507545187 0.8850832398996307 133
1633507564793 0.884125330434834 134
1633507584573 0.880452743762509 135
1633507603992 0.8803624654622202 136
1633507623428 0.879097767554252 137
1633507642936 0.8776571617599773 138
1633507662656 0.8821709397212623 139
1633507685050 0.8854369028498952 140
1633507704658 0.8868182455229803 141
1633507724240 0.8905580539855465 142
1633507743868 0.888830555580249 143
1633507763291 0.8764113232216489 144
1633507782769 0.8881647306803722 145
1633507802305 0.8850342876568709 146
1633507822006 0.8860087800756157 147
1633507841587 0.8872641011350455 148
1633507861254 0.8905486205800083 149
1633507881277 0.8891339581909758 150
1633507901487 0.8790078232000071 151
1633507921421 0.8829043615850231 152
1633507941094 0.8844251934941452 153
1633507960868 0.8845345193785296 154
1633507980453 0.8894949008771581 155
1633508000129 0.8937200731931583 156
1633508019777 0.8790060622531595 157
1633508039356 0.8868478115283258 158
1633508059122 0.8855364106358204 159
1633508081384 0.8861569674849414 160
1633508101077 0.8862693592451638 161
1633508120710 0.8902211938004789 162
1633508140150 0.886030692365381 163
1633508159832 0.8877194323699812 164
1633508179678 0.8780828587042109 165
1633508200195 0.8922202655531777 166
1633508220129 0.8825581695625613 167
