1633504917002 0.39544878610633183 1
1633504937536 0.6992491586619666 2
1633504957762 0.8288383216950491 3
1633504977835 0.787174474640225 4
1633504998189 0.7923359158276575 5
1633505018284 0.8093716408573344 6
1633505038469 0.8590554293553592 7
1633505058698 0.8348653482963647 8
1633505078722 0.854044212732192 9
1633505098750 0.8593082898783497 10
1633505118703 0.8746386373110568 11
1633505138870 0.8597214886366169 12
1633505159475 0.9084507855376397 13
1633505179265 0.847348191623018 14
1633505199893 0.8916670431871528 15
1633505219995 0.8952787286686132 16
1633505240129 0.8779192773827638 17
1633505260516 0.8533202129047895 18
1633505280618 0.8267925402224457 19
1633505303575 0.8118820619899811 20
1633505323186 0.8399273115093658 21
1633505342920 0.832471823906875 22
1633505362381 0.8528374898741592 23
1633505381753 0.8600909333102013 24
1633505401276 0.8856618130336189 25
1633505422011 0.8714098256868701 26
1633505441988 0.8960793140861101 27
1633505462063 0.8567891466416563 28
1633505482219 0.8793468686051585 29
1633505502706 0.8544531044979875 30
1633505522382 0.8866507812305022 31
1633505541886 0.8701174097121166 32
1633505561722 0.8617081414460075 33
1633505581369 0.8817621507789004 34
1633505600894 0.8431008931885199 35
1633505620505 0.8723563397868204 36
1633505640190 0.8584155854827766 37
1633505659867 0.8626051915188807 38
1633505679644 0.8790582795364466 39
1633505702067 0.8706016928237958 40
1633505721704 0.8763085806907223 41
1633505741257 0.8616495010758991 42
1633505760604 0.8822699764586395 43
1633505780147 0.8640900938648202 44
1633505799821 0.8043711795070156 45
1633505819467 0.867534592442701 46
1633505838951 0.8618230589431307 47
1633505858639 0.8606492339474237 48
1633505878200 0.869754918129628 49
1633505898009 0.8774478843510446 50
1633505917626 0.8598354058426698 51
1633505937466 0.8646522313008991 52
1633505957146 0.8571507685574086 53
1633505976730 0.8773207450717829 54
1633505996367 0.882730544197638 55
1633506015984 0.8778933508610001 56
1633506035351 0.8894031960798974 57
1633506055024 0.886838559059901 58
1633506074626 0.8534040796774836 59
1633506097113 0.8879968245567256 60
1633506116882 0.8873191694075359 61
1633506136534 0.8663265326237284 62
1633506155877 0.8693848689441313 63
1633506175456 0.8724479873364148 64
1633506194914 0.8802891441646143 65
1633506214614 0.872161025253209 66
1633506234299 0.8806463410211974 67
1633506253839 0.8796897754401839 68
1633506273434 0.8831692123797306 69
1633506292858 0.8623821895971526 70
1633506312679 0.8660313501493943 71
1633506332429 0.867574937696439 72
1633506352273 0.8834062225421769 73
1633506371942 0.8677224943085557 74
1633506391517 0.8705929998134182 75
1633506411253 0.8735958458606563 76
1633506430970 0.8562518996194975 77
1633506450596 0.8798533895652604 78
1633506470372 0.869267870107316 79
1633506492829 0.8606713013261493 80
1633506512216 0.873361475528285 81
1633506531694 0.8771645540310111 82
1633506551238 0.8765217281417594 83
1633506570635 0.8809309176042974 84
1633506590207 0.8638506116792835 85
1633506609865 0.8662281617463077 86
1633506629351 0.8669998758818634 87
1633506649656 0.8655580054682264 88
1633506669578 0.8475807841248628 89
1633506689667 0.8670042413958694 90
1633506710012 0.869137384340395 91
1633506729693 0.8439868550241278 92
1633506749361 0.8579446059883862 93
1633506769228 0.8633132185928425 94
1633506789068 0.891793888489922 95
1633506808835 0.8998143656168497 96
1633506828605 0.8663897920019767 97
1633506848725 0.8646588491189423 98
1633506868562 0.8847356082403666 99
1633506891480 0.8904332213881653 100
1633506911629 0.8647668913006903 101
1633506931522 0.8821938991339037 102
1633506952124 0.8665006779446812 103
1633506972902 0.8662767745922992 104
1633506993069 0.8723070885701036 105
1633507012937 0.8665940633472501 106
1633507032693 0.8582700516091432 107
1633507052192 0.8758821474774852 108
1633507071919 0.8825833158595416 109
1633507091526 0.8704379432879104 110
1633507110918 0.8737910287885059 111
1633507130313 0.8585291502886104 112
1633507149950 0.8662830845994436 113
1633507169534 0.86735490939266 114
1633507189295 0.8691509579409674 115
1633507208726 0.870583433191048 116
1633507228402 0.8742185582619048 117
1633507247798 0.8740079790433606 118
1633507267498 0.8826655784498839 119
1633507289873 0.8766123847307511 120
1633507309341 0.8730191628014738 121
1633507329039 0.8796496940429032 122
1633507348725 0.870457937454224 123
1633507368236 0.8885299704790406 124
1633507387642 0.8932224431177526 125
1633507407373 0.8547769821307981 126
1633507426734 0.855280393661127 127
1633507446522 0.8674342247666796 128
1633507465996 0.8788860589131242 129
1633507485799 0.8775781157657024 130
1633507505556 0.8797174232863563 131
1633507525334 0.8742841288455585 132
1633507545183 0.8571583094256203 133
1633507564790 0.8771792757304652 134
1633507584569 0.8595994877169366 135
1633507603988 0.8644745008830188 136
1633507623425 0.8582219844691793 137
1633507642933 0.8687301389407749 138
1633507662652 0.8697537250973965 139
1633507685046 0.8616019253748292 140
1633507704655 0.8682766016652819 141
1633507724237 0.8814004088615374 142
1633507743865 0.8759541637387681 143
1633507763288 0.8592939805783824 144
1633507782766 0.8748767803324065 145
1633507802302 0.8684664444858521 146
1633507822002 0.856692198903903 147
1633507841583 0.8618560653185463 148
1633507861251 0.8811874494712759 149
1633507881274 0.8752050885690572 150
1633507901483 0.8455112464429709 151
1633507921418 0.8627986844283211 152
1633507941090 0.8704762428453909 153
1633507960864 0.8888545588934845 154
1633507980450 0.8884977977958098 155
1633508000126 0.8756842855144892 156
1633508019773 0.8543395716835012 157
1633508039353 0.8802300124275491 158
1633508059118 0.8932315967966572 159
1633508081381 0.8662721712618334 160
1633508101073 0.8671761058506725 161
1633508120706 0.8781454274154701 162
1633508140146 0.8722396478115431 163
1633508159829 0.8813344138695889 164
1633508179674 0.8663588742928365 165
1633508200192 0.8865479066941196 166
1633508220126 0.8829505420211848 167
