1633504917094 0.6742523699377839 1
1633504937692 0.7812231698781891 2
1633504957915 0.8114054103597503 3
1633504977988 0.8325248198504819 4
1633504998342 0.8360079583127198 5
1633505018435 0.8487898501049145 6
1633505038627 0.8602247931771628 7
1633505098910 0.8567589222525112 10
1633505139027 0.867818150945482 12
1633505179416 0.8773819434152565 14
1633505442150 0.882529981190247 27
1633505482380 0.884129373106947 29
1633505542048 0.8852784515008626 32
1633505620655 0.8853361361191272 36
1633505660021 0.8892882356133239 38
1633505937624 0.8881027238031364 52
1633506195074 0.8912831223200207 65
1633506868713 0.8957144130646257 99
1633507290029 0.8971952558795474 120
