1633504917004 0.9468916374396482 1
1633504937537 0.8377411421375218 2
1633504957762 0.75086777299851 3
1633504977835 0.8547959498689122 4
1633504998190 0.8558440019939375 5
1633505018285 0.8637207240768309 6
1633505038470 0.8309052299065824 7
1633505058699 0.849491459170688 8
1633505078723 0.8157034914400246 9
1633505098751 0.8268461988221523 10
1633505118703 0.7820928601703626 11
1633505138871 0.8540683424690021 12
1633505159476 0.7667912205219514 13
1633505179265 0.8886272153549852 14
1633505199893 0.7615815770604792 15
1633505219996 0.7520285419743008 16
1633505240129 0.8410029294995972 17
1633505260516 0.8572963985558956 18
1633505280619 0.8921647112696971 19
1633505303576 0.9102414433265918 20
1633505323187 0.8821200867835061 21
1633505342921 0.8852270539253816 22
1633505362382 0.8713029626785718 23
1633505381754 0.8563649401382462 24
1633505401277 0.8411831323204817 25
1633505422011 0.8608133222918192 26
1633505441989 0.8441233608831725 27
1633505462064 0.8757916813135457 28
1633505482219 0.8681859899142268 29
1633505502707 0.8864718309013727 30
1633505522383 0.8439306059689254 31
1633505541887 0.8835377746827162 32
1633505561722 0.8868428169322377 33
1633505581370 0.8474468405563524 34
1633505600895 0.8988910389380809 35
1633505620505 0.8813780010032302 36
1633505640191 0.8739215561920219 37
1633505659868 0.8992565164955184 38
1633505679645 0.8743429409431736 39
1633505702068 0.864658992206852 40
1633505721705 0.8612804629245695 41
1633505741258 0.8740850513732074 42
1633505760605 0.8722014665039833 43
1633505780147 0.8777606278252537 44
1633505799821 0.9079162490655127 45
1633505819468 0.8663650355347937 46
1633505838951 0.8886952305007675 47
1633505858640 0.8868011853433873 48
1633505878201 0.882348097907259 49
1633505898009 0.8697620471559083 50
1633505917626 0.8771104617576171 51
1633505937467 0.896481126910441 52
1633505957146 0.8909998239654227 53
1633505976731 0.858992900940349 54
1633505996368 0.8724419526904977 55
1633506015985 0.8660796013267649 56
1633506035351 0.8584538139786662 57
1633506055025 0.8663911030499346 58
1633506074626 0.9069720424422972 59
1633506097114 0.8549227464593839 60
1633506116883 0.8676521330933179 61
1633506136534 0.8810893288035809 62
1633506155878 0.8807106026789141 63
1633506175457 0.8801607741485186 64
1633506194915 0.885269391083596 65
1633506214615 0.8754164700445376 66
1633506234300 0.8857176047905406 67
1633506253840 0.8831562305374359 68
1633506273435 0.8657006289731347 69
1633506292859 0.8967279875256304 70
1633506312680 0.8934859519450721 71
1633506332430 0.8882877732701319 72
1633506352274 0.8621316343249498 73
1633506371943 0.8921346406328073 74
1633506391518 0.8905055187964043 75
1633506411254 0.8909452124624794 76
1633506430971 0.8874298474847294 77
1633506450597 0.882913281485004 78
1633506470373 0.8880971236521118 79
1633506492830 0.8786407808794725 80
1633506512217 0.8765717442339271 81
1633506531695 0.8793891283001082 82
1633506551239 0.8829110383709823 83
1633506570636 0.8651073485976636 84
1633506590207 0.8928326528619427 85
1633506609866 0.8936940726049567 86
1633506629352 0.8805763724100975 87
1633506649657 0.8949822027448823 88
1633506669578 0.8991604636839539 89
1633506689668 0.8903370024911316 90
1633506710013 0.8800901506134544 91
1633506729694 0.8987676687289736 92
1633506749362 0.8785005235575203 93
1633506769229 0.8987033046243018 94
1633506789069 0.8729087532038219 95
1633506808836 0.8470495958303896 96
1633506828606 0.8892734656325736 97
1633506848725 0.8938428814750772 98
1633506868563 0.890511774035404 99
1633506891481 0.8815068013901719 100
1633506911630 0.8894405857630018 101
1633506931523 0.8878057887677745 102
1633506952125 0.8795546122205827 103
1633506972902 0.8887012600186878 104
1633506993069 0.8825596380912546 105
1633507012938 0.8929969242078297 106
1633507032694 0.8917781676873121 107
1633507052192 0.8886484852147424 108
1633507071919 0.8773173708236821 109
1633507091527 0.8919938594663849 110
1633507110919 0.8721720914126925 111
1633507130314 0.893728585024226 112
1633507149951 0.8928180770471911 113
1633507169535 0.8910459162492133 114
1633507189295 0.8667261547344465 115
1633507208727 0.8811973490942687 116
1633507228403 0.8761056208779503 117
1633507247798 0.8823723099924062 118
1633507267498 0.8795137255670742 119
1633507289873 0.9031724605308773 120
1633507309342 0.8732159679382993 121
1633507329040 0.8672577456734009 122
1633507348725 0.8800626008708667 123
1633507368236 0.8629756008455911 124
1633507387643 0.8694802599504148 125
1633507407374 0.8889391446390514 126
1633507426735 0.8950502870021009 127
1633507446522 0.8705116093032901 128
1633507465997 0.8767287371539825 129
1633507485800 0.8812587664230453 130
1633507505556 0.8828664836554712 131
1633507525335 0.8707672941929144 132
1633507545184 0.8957040953593274 133
1633507564790 0.8703618546207015 134
1633507584570 0.8855931521213412 135
1633507603989 0.8786319404200243 136
1633507623425 0.8819973099854755 137
1633507642933 0.8673269918438639 138
1633507662653 0.8754877306848606 139
1633507685047 0.8939859352560031 140
1633507704656 0.8892327464972993 141
1633507724238 0.8806536953134152 142
1633507743865 0.8843842126703989 143
1633507763288 0.8751826785783479 144
1633507782766 0.8826976690301813 145
1633507802302 0.8827841693471672 146
1633507822003 0.9000020319656 147
1633507841584 0.8956508936664934 148
1633507861251 0.8813156662628057 149
1633507881274 0.8864145631987406 150
1633507901484 0.8972226199600674 151
1633507921418 0.8861462538670183 152
1633507941091 0.8794947694947761 153
1633507960865 0.8600361325085941 154
1633507980450 0.8700880211686328 155
1633508000127 0.8948847721825167 156
1633508019774 0.8854601123179396 157
1633508039354 0.8736436315739071 158
1633508059119 0.8560527536137784 159
1633508081382 0.8911212191230097 160
1633508101074 0.8879596888980708 161
1633508120707 0.8842447259927517 162
1633508140147 0.8807205337361194 163
1633508159829 0.8731427027227368 164
1633508179675 0.8709285804567245 165
1633508200193 0.8802343121366905 166
1633508220126 0.8612123846868381 167
