1633504917091 0.9468916374396482 1
1633504937686 0.8377411421375218 2
1633504957908 0.75086777299851 3
1633504977981 0.8547959498689122 4
1633504998338 0.8558440019939375 5
1633505018427 0.8637207240768309 6
1633505038619 0.8309052299065824 7
1633505098903 0.8268461988221523 10
1633505139023 0.8540683424690021 12
1633505179412 0.8886272153549852 14
1633505442142 0.8441233608831725 27
1633505482371 0.8681859899142268 29
1633505542040 0.8835377746827162 32
1633505620651 0.8813780010032302 36
1633505660016 0.8992565164955184 38
1633505937619 0.896481126910441 52
1633506195066 0.885269391083596 65
1633506868710 0.890511774035404 99
1633507290026 0.9031724605308773 120
