1633504917094 0.8384308931858745 1
1633504937691 0.8935245582770157 2
1633504957914 0.8660236591471109 3
1633504977987 0.9124225566882037 4
1633504998341 0.9133554766276409 5
1633505018434 0.9186653366413133 6
1633505038625 0.9068205764812799 7
1633505098909 0.9042954191286289 10
1633505139027 0.9156768166956868 12
1633505179415 0.9321614660753549 14
1633505442149 0.9143796434832854 27
1633505482378 0.9244688392421828 29
1633505542046 0.9280157858435854 32
1633505620654 0.9273205660987283 36
1633505660020 0.9361057284387677 38
1633505937623 0.934328784071692 52
1633506195073 0.9315740537175645 65
1633506868712 0.9330575937721831 99
1633507290029 0.9393000444402287 120
