1633504917006 0.8384308931858745 1
1633504937539 0.8935245582770157 2
1633504957765 0.8660236591471109 3
1633504977838 0.9124225566882037 4
1633504998192 0.9133554766276409 5
1633505018287 0.9186653366413133 6
1633505038473 0.9068205764812799 7
1633505058701 0.9139196769562956 8
1633505078725 0.8983342986826889 9
1633505098754 0.9042954191286289 10
1633505118706 0.8838859140949706 11
1633505138873 0.9156768166956868 12
1633505159478 0.8757336369862032 13
1633505179268 0.9321614660753549 14
1633505199896 0.8729071478179647 15
1633505219998 0.8711077190467882 16
1633505240132 0.9102631138248113 17
1633505260518 0.9160689423008272 18
1633505280622 0.9277731808233664 19
1633505303578 0.9357340086065185 20
1633505323189 0.9253050945456974 21
1633505342923 0.9269624402036399 22
1633505362384 0.9222477211254893 23
1633505381756 0.9165832290753557 24
1633505401279 0.9112427949361831 25
1633505422014 0.9194889488664377 26
1633505441991 0.9143796434832854 27
1633505462066 0.9226785602772563 28
1633505482222 0.9244688392421828 29
1633505502710 0.9279197288205681 30
1633505522385 0.9114250066697107 31
1633505541889 0.9280157858435854 32
1633505561725 0.9297696309017768 33
1633505581372 0.91350807782923 34
1633505600897 0.932398016473231 35
1633505620508 0.9273205660987283 36
1633505640193 0.923784061857473 37
1633505659870 0.9361057284387677 38
1633505679647 0.9238613431642414 39
1633505702070 0.9190229221117798 40
1633505721707 0.9192162934547908 41
1633505741260 0.9241146200067245 42
1633505760608 0.9241766288809776 43
1633505780150 0.9254701549272188 44
1633505799824 0.9289342713263663 45
1633505819470 0.9218656298930039 46
1633505838954 0.9289762487923867 47
1633505858642 0.9319881595446005 48
1633505878203 0.9308022154714887 49
1633505898012 0.924785698094693 50
1633505917629 0.9270925155217938 51
1633505937469 0.934328784071692 52
1633505957149 0.9345395111005871 53
1633505976733 0.9192480445593054 54
1633505996370 0.9273876867698013 55
1633506015987 0.9226900923334622 56
1633506035354 0.9166274834759347 57
1633506055027 0.9227004121506406 58
1633506074629 0.9381789243709604 59
1633506097116 0.9192489272733393 60
1633506116885 0.9249453059114102 61
1633506136537 0.9294435106705906 62
1633506155880 0.9294753252666299 63
1633506175459 0.930257352340129 64
1633506194917 0.9315740537175645 65
1633506214617 0.9256527322100075 66
1633506234302 0.9307146787941941 67
1633506253842 0.9302341321420441 68
1633506273437 0.9231317810621444 69
1633506292861 0.9357275601839147 70
1633506312682 0.934228818379195 71
1633506332432 0.9323296075221384 72
1633506352276 0.9234268754188986 73
1633506371946 0.9318365977632516 74
1633506391521 0.9337934355835259 75
1633506411257 0.9339949965642684 76
1633506430973 0.929897979743197 77
1633506450599 0.9293587644705654 78
1633506470375 0.9311558697698051 79
1633506492832 0.927942673839408 80
1633506512219 0.927035260237622 81
1633506531697 0.9286555542191446 82
1633506551241 0.9313665271636996 83
1633506570638 0.9238077451117803 84
1633506590209 0.9332376009106935 85
1633506609868 0.9345828947924342 86
1633506629354 0.9283823911027156 87
1633506649660 0.9352066930624705 88
1633506669581 0.935743129664278 89
1633506689670 0.9322717287857112 90
1633506710016 0.9281119942214063 91
1633506729696 0.933879638571019 92
1633506749364 0.9255604178124103 93
1633506769231 0.9368323427612607 94
1633506789072 0.9273023031867146 95
1633506808838 0.9156586849651537 96
1633506828608 0.9323357580240823 97
1633506848728 0.9355467368460307 98
1633506868565 0.9330575937721831 99
1633506891483 0.930273582722687 100
1633506911632 0.9298360470319258 101
1633506931525 0.9329546809462225 102
1633506952127 0.9277290172909087 103
1633506972905 0.9319493200844672 104
1633506993072 0.9309620174704554 105
1633507012940 0.9338518356839971 106
1633507032696 0.9314138937525696 107
1633507052195 0.9325711926756065 108
1633507071921 0.9289432193662578 109
1633507091529 0.9338512158656417 110
1633507110921 0.9261226191703302 111
1633507130316 0.9338381728045007 112
1633507149953 0.9338468309470612 113
1633507169537 0.9337221640036704 114
1633507189298 0.9183463302900583 115
1633507208729 0.9306565781057091 116
1633507228406 0.9265442511223949 117
1633507247801 0.92963386236329 118
1633507267501 0.930289250701788 119
1633507289876 0.9393000444402287 120
1633507309344 0.9254090920241942 121
1633507329042 0.924851675502201 122
1633507348728 0.9270851697996907 123
1633507368238 0.922856188180642 124
1633507387645 0.9258049242967205 125
1633507407377 0.9328548815471889 126
1633507426737 0.9354787991506247 127
1633507446525 0.9227808572457016 128
1633507465999 0.9283911521290399 129
1633507485802 0.9304647168544802 130
1633507505559 0.9299873516463485 131
1633507525337 0.92511121077188 132
1633507545186 0.9337597983896698 133
1633507564793 0.9249588021011493 134
1633507584572 0.9303951708468727 135
1633507603991 0.9266377833721648 136
1633507623428 0.9286906747856644 137
1633507642936 0.9215355611594442 138
1633507662655 0.9276047167690022 139
1633507685049 0.9332003397106461 140
1633507704658 0.9316036588026441 141
1633507724240 0.9294675666077139 142
1633507743868 0.930493374046068 143
1633507763290 0.9256474869878837 144
1633507782769 0.9310467374361974 145
1633507802305 0.9295602070363126 146
1633507822005 0.9372263605256747 147
1633507841586 0.9360617830177389 148
1633507861254 0.9304214733920543 149
1633507881277 0.9308439101847028 150
1633507901486 0.9349700090917832 151
1633507921421 0.9311927269998991 152
1633507941093 0.9289154465918873 153
1633507960867 0.9209729815475197 154
1633507980453 0.9259436862231021 155
1633508000129 0.9356154110237813 156
1633508019776 0.9310814358979005 157
1633508039356 0.9265579072633633 158
1633508059121 0.9191449193720513 159
1633508081384 0.9303455121724022 160
1633508101076 0.9315396183513025 161
1633508120709 0.9314878792746438 162
1633508140149 0.9304593992040334 163
1633508159832 0.9274264993544961 164
1633508179677 0.9249606391253898 165
1633508200195 0.9288374427872171 166
1633508220129 0.9220853862934391 167
