1633504917004 0.7299962384076024 1
1633504937537 0.9492931581997014 2
1633504957763 0.9811565575316815 3
1633504977836 0.9700300306480971 4
1633504998190 0.9708590511867184 5
1633505018285 0.973597887115022 6
1633505038471 0.982712089553413 7
1633505058699 0.9783354790283401 8
1633505078723 0.9809366984483971 9
1633505098752 0.9817298737168305 10
1633505118704 0.9856572868452081 11
1633505138871 0.9772656861918471 12
1633505159476 0.9846508777862735 13
1633505179266 0.9756880873344467 14
1633505199894 0.9842201621884689 15
1633505219996 0.9901613299101788 16
1633505240130 0.9795143426321071 17
1633505260517 0.9748282668393533 18
1633505280620 0.963362826089684 19
1633505303576 0.9612297325397653 20
1633505323188 0.9684883807674267 21
1633505342921 0.9686776154099239 22
1633505362382 0.9731844035982425 23
1633505381754 0.9767942648458255 24
1633505401277 0.981297810178843 25
1633505422012 0.9781615343616543 26
1633505441989 0.9846138955189909 27
1633505462064 0.9695572294890213 28
1633505482220 0.9807338653939829 29
1633505502707 0.9693671976276578 30
1633505522384 0.9789032170005095 31
1633505541887 0.9724753811940267 32
1633505561723 0.9726914731962208 33
1633505581370 0.9795483850851365 34
1633505600896 0.9658948908561857 35
1633505620506 0.9732593578792607 36
1633505640191 0.9736470456172438 37
1633505659868 0.9729517226186423 38
1633505679645 0.9733758204005295 39
1633505702068 0.9733884266924112 40
1633505721706 0.9771449078244094 41
1633505741259 0.9741419215433832 42
1633505760606 0.9761496124344831 43
1633505780148 0.9731691703707707 44
1633505799822 0.9499508183010759 45
1633505819469 0.9773554821505196 46
1633505838952 0.9692575283556785 47
1633505858640 0.9771627053569577 48
1633505878201 0.9792426620903122 49
1633505898010 0.9797901947778831 50
1633505917627 0.9770542940735261 51
1633505937467 0.9721751579630364 52
1633505957147 0.9780638800100235 53
1633505976731 0.979494990287926 54
1633505996368 0.982320480874606 55
1633506015985 0.9792863629221705 56
1633506035352 0.9747924388093124 57
1633506055025 0.9789933163799959 58
1633506074627 0.9693961012338332 59
1633506097114 0.9835512461643726 60
1633506116884 0.9822353189117132 61
1633506136535 0.9777933587190972 62
1633506155878 0.97822115745152 63
1633506175457 0.9803369620968692 64
1633506194915 0.9778799759053243 65
1633506214616 0.9758899924592781 66
1633506234300 0.9757016613962174 67
1633506253840 0.97729935149034 68
1633506273435 0.980537514196126 69
1633506292859 0.9747193315759202 70
1633506312681 0.9749773220403498 71
1633506332430 0.976359947764695 72
1633506352274 0.9846926546028621 73
1633506371944 0.9715353595402183 74
1633506391519 0.9770810448005054 75
1633506411255 0.9770256758310654 76
1633506430971 0.9723635553239208 77
1633506450598 0.9757927534037188 78
1633506470373 0.9742134418181886 79
1633506492830 0.9772311159765925 80
1633506512217 0.9774878052681654 81
1633506531696 0.977906107701948 82
1633506551239 0.9798053293117491 83
1633506570636 0.9824904769268918 84
1633506590208 0.9736359633774426 85
1633506609866 0.975459101327709 86
1633506629352 0.9761765686264231 87
1633506649658 0.9754214769605932 88
1633506669579 0.9723186912041418 89
1633506689668 0.9742052248198153 90
1633506710014 0.9761242068800531 91
1633506729694 0.9689985640327173 92
1633506749362 0.9726075318432319 93
1633506769229 0.9749557646166869 94
1633506789070 0.9816846149290822 95
1633506808836 0.9842450928315067 96
1633506828606 0.9753946618642855 97
1633506848726 0.9772430228726258 98
1633506868563 0.9756018267842098 99
1633506891482 0.9790183885890865 100
1633506911630 0.9702251875725484 101
1633506931523 0.9780941232852983 102
1633506952125 0.9758871201566731 103
1633506972903 0.9751881232346233 104
1633506993070 0.9793452571507126 105
1633507012938 0.9747001880692772 106
1633507032694 0.9710540584138317 107
1633507052193 0.9764849961568381 108
1633507071920 0.980550196719603 109
1633507091528 0.9757047241040387 110
1633507110920 0.9800556353044424 111
1633507130314 0.9739360192148319 112
1633507149951 0.9748670009206268 113
1633507169536 0.9764078392143695 114
1633507189296 0.9699749166705117 115
1633507208728 0.9801083081074587 116
1633507228403 0.9769630661053286 117
1633507247799 0.9768820176962334 118
1633507267499 0.9810398923186715 119
1633507289874 0.9754167642020067 120
1633507309342 0.9775976608268967 121
1633507329040 0.9824338198724134 122
1633507348726 0.9741003392298428 123
1633507368237 0.9827191231790432 124
1633507387644 0.982110678331551 125
1633507407375 0.9767433484709919 126
1633507426735 0.9758913128015998 127
1633507446523 0.9750429119683325 128
1633507465997 0.9800323674406135 129
1633507485800 0.9796566466122462 130
1633507505557 0.9770998224782 131
1633507525335 0.9794340284484253 132
1633507545184 0.9718193711503538 133
1633507564791 0.9795493505566274 134
1633507584570 0.9752013921319328 135
1633507603989 0.9746411248052259 136
1633507623426 0.9753824500520266 137
1633507642934 0.975741503418817 138
1633507662653 0.9797064908683567 139
1633507685047 0.9724061678390346 140
1633507704656 0.9739650258816378 141
1633507724238 0.9782754709085323 142
1633507743866 0.9765873191707961 143
1633507763289 0.9761053829371418 144
1633507782767 0.9793795275560682 145
1633507802303 0.976316038152051 146
1633507822003 0.9744438378688485 147
1633507841584 0.976462191985403 148
1633507861252 0.9795070658548944 149
1633507881275 0.9752653335511728 150
1633507901484 0.9727150296982755 151
1633507921419 0.976233653704288 152
1633507941091 0.9783304264342526 153
1633507960865 0.981893005451279 154
1633507980451 0.9817780655536987 155
1633508000127 0.9763401297083779 156
1633508019774 0.9766837612811136 157
1633508039354 0.9794668512246815 158
1633508059120 0.9822332659400019 159
1633508081382 0.9695802256111326 160
1633508101074 0.9751096643694294 161
1633508120708 0.9787162614308221 162
1633508140147 0.9801763132690667 163
1633508159830 0.9816887835015597 164
1633508179675 0.9789814564800157 165
1633508200193 0.9774336604236298 166
1633508220127 0.9829390641073714 167
