1633504917092 0.7299962384076024 1
1633504937687 0.9492931581997014 2
1633504957909 0.9811565575316815 3
1633504977982 0.9700300306480971 4
1633504998338 0.9708590511867184 5
1633505018428 0.973597887115022 6
1633505038621 0.982712089553413 7
1633505098904 0.9817298737168305 10
1633505139024 0.9772656861918471 12
1633505179412 0.9756880873344467 14
1633505442143 0.9846138955189909 27
1633505482373 0.9807338653939829 29
1633505542041 0.9724753811940267 32
1633505620652 0.9732593578792607 36
1633505660017 0.9729517226186423 38
1633505937620 0.9721751579630364 52
1633506195068 0.9778799759053243 65
1633506868710 0.9756018267842098 99
1633507290026 0.9754167642020067 120
