1633504913925 0.5998449600659884 0
1633504935084 0.4909775958611415 0
1633504955289 0.4187446676767789 0
1633504975393 0.3695957871583792 0
1633504995726 0.3205750476855498 0
1633505015774 0.2849372196656007 0
1633505035980 0.25701522070627947 0
1633505056230 0.2290410986313453 0
1633505076216 0.21452492452584782 0
1633505096200 0.20338537842035292 0
1633505116245 0.18782068124184242 0
1633505136347 0.18205729172779964 0
1633505157004 0.16957169966055796 0
1633505176781 0.16835234818550257 0
1633505197331 0.1642024612197509 0
1633505217532 0.1532675476028369 0
1633505237663 0.14832436064114937 0
1633505258019 0.14848678432978116 0
1633505278151 0.14384733174855893 0
1633505298415 0.13627898876483624 0
1633505320732 0.14128823085473133 0
1633505340424 0.13618594912382273 0
1633505359930 0.13584977216445482 0
1633505379287 0.13206243973511916 0
1633505398808 0.12991254650629483 0
1633505419350 0.13272593090167412 0
1633505439391 0.1303107825609354 0
1633505459413 0.1237550757252253 0
1633505479663 0.12513740624372777 0
1633505500150 0.12118548693565222 0
1633505519922 0.12560374312675915 0
1633505539342 0.11853231982542918 0
1633505559242 0.11639453545212745 0
1633505578899 0.12032136550316444 0
1633505598428 0.1242984821016972 0
1633505618026 0.11646983887140568 0
1633505637704 0.1122501756136234 0
1633505657393 0.11693760867302234 0
1633505677147 0.1121067694746531 0
1633505696856 0.11082511441065715 0
1633505719256 0.11678455575154378 0
1633505738807 0.11477575875245608 0
1633505758135 0.11071156779160866 0
1633505777670 0.11051563299619234 0
1633505797338 0.11334747752318015 0
1633505817000 0.11256468743085861 0
1633505836483 0.10660726015384381 0
1633505856156 0.10748835704647577 0
1633505875740 0.10848709723124138 0
1633505895528 0.10285631945500007 0
1633505915164 0.10708215901484856 0
1633505934997 0.10290318458126141 0
1633505954694 0.10801542676412142 0
1633505974267 0.10186803014232562 0
1633505993913 0.10163300885603978 0
1633506013424 0.10344555653058565 0
1633506032888 0.10610317072043052 0
1633506052536 0.09819296604165664 0
1633506072176 0.10174108703549091 0
1633506091826 0.10212911940537966 0
1633506114259 0.09580790211374943 0
1633506134080 0.09347413680874385 0
1633506153428 0.09717808973330717 0
1633506172998 0.10383767153208072 0
1633506192386 0.0938634773859611 0
1633506212136 0.09713620434586819 0
1633506231744 0.09467725472954604 0
1633506251364 0.09321953190060762 0
1633506270972 0.09074976140489945 0
1633506290392 0.08940484179900243 0
1633506310134 0.09022589320173631 0
1633506329864 0.09231908642328703 0
1633506349707 0.08782900474392451 0
1633506369431 0.08750276101323275 0
1633506389084 0.0940725605075176 0
1633506408777 0.09170313918819795 0
1633506428467 0.09405180009511802 0
1633506448122 0.0885797934463391 0
1633506467877 0.08734712159404388 0
1633506487520 0.0901657511981634 0
1633506509729 0.09123557651272186 0
1633506529235 0.08634039398569326 0
1633506548768 0.08675137775448652 0
1633506568162 0.08625348903811896 0
1633506587738 0.08729485244705126 0
1633506607337 0.08420268268539355 0
1633506626891 0.08412627067703467 0
1633506647057 0.08564519584178924 0
1633506667030 0.08508930275073419 0
1633506687076 0.08288148016883777 0
1633506707405 0.08339669584081723 0
1633506727176 0.08624454610622846 0
1633506746864 0.08741365533608657 0
1633506766651 0.08760971730718246 0
1633506786537 0.08443128489531003 0
1633506806341 0.0840500095142768 0
1633506826081 0.08757227854086802 0
1633506846217 0.08281652686687616 0
1633506865856 0.08063931803290661 0
1633506886080 0.08012562594734705 0
1633506909048 0.0798216771047849 0
1633506928935 0.07835958663087625 0
1633506949460 0.0812055708697209 0
1633506970246 0.08309345251092544 0
1633506990496 0.07976947988455112 0
1633507010479 0.08096292775410872 0
1633507030199 0.08004446064050381 0
1633507049724 0.07730287577097232 0
1633507069434 0.07610877832541099 0
1633507088968 0.07824877552115 0
1633507108431 0.07556136943973028 0
1633507127858 0.08154296445158812 0
1633507147452 0.07870336432869618 0
1633507167074 0.07982087307251416 0
1633507186813 0.08104700698302342 0
1633507206271 0.08645091033898868 0
1633507225846 0.08124295908671159 0
1633507245315 0.07979632816635646 0
1633507265006 0.07606777508671467 0
1633507284454 0.07403301894664764 0
1633507306872 0.07705529079987453 0
1633507326479 0.07890344720620375 0
1633507346216 0.08244184679709948 0
1633507365772 0.08220410748169972 0
1633507385176 0.07546700233450303 0
1633507404907 0.07894127351733354 0
1633507424259 0.080961835785554 0
1633507444034 0.07601726055145264 0
1633507463438 0.07656401968919314 0
1633507483329 0.07883409932255744 0
1633507503056 0.07260526252480654 0
1633507522839 0.07277052350915396 0
1633507542710 0.07315479849393551 0
1633507562311 0.07528223269260846 0
1633507582117 0.07290332609644302 0
1633507601515 0.0761637236063297 0
1633507620943 0.07225405883330566 0
1633507640444 0.07631998904622518 0
1633507660197 0.07134023692745428 0
1633507679671 0.07054126188158989 0
1633507702099 0.07197653192740221 0
1633507721750 0.07317360908939288 0
1633507741384 0.07064288843136568 0
1633507760797 0.07264935678014388 0
1633507780296 0.07425498618529393 0
1633507799808 0.08007615621273334 0
1633507819540 0.07267567939483202 0
1633507839068 0.07208003172507653 0
1633507858747 0.06858845570912728 0
1633507878638 0.06949469791008876 0
1633507898816 0.07036391863456139 0
1633507918916 0.07068169013811992 0
1633507938596 0.06857417970895767 0
1633507958354 0.06859671742870257 0
1633507977979 0.06831161225071321 0
1633507997659 0.06919237117354686 0
1633508017277 0.0684110877605585 0
1633508036862 0.06940238321056733 0
1633508056563 0.06971102333985842 0
1633508076176 0.0670915566957914 0
1633508098592 0.06763135813749753 0
1633508118225 0.0664172612130642 0
1633508137666 0.06732872128486633 0
1633508157355 0.0651901231935391 0
1633508177076 0.06674716885273273 0
1633508197607 0.06772088035941123 0
1633508217528 0.06597637064181841 0
