1634738458083 0.9542818291242733 1
1634738527597 0.94241943359375 2
1634738597317 0.9302277321039244 3
1634738666201 0.9174571902252907 4
1634738735499 0.9186361623364826 5
1634738804806 0.9151318927143895 6
1634738873944 0.9122893577398256 7
1634738943891 0.913657964662064 8
1634739012953 0.9132863599200581 9
1634739082507 0.9154489916424419 10
1634739152542 0.9215263898982559 11
1634739221929 0.93045654296875 12
1634739291670 0.9374435069949127 13
1634739360733 0.9426337663517442 14
1634739430188 0.9465499523074128 15
1634739499353 0.9489314589389535 16
1634739568397 0.953528683684593 17
1634739638301 0.9576523891715116 18
1634739707663 0.9605343840843024 19
1634739779404 0.9604384311409884 20
1634739848677 0.9633990620457848 21
1634739918493 0.9646365143531976 22
1634739989066 0.966222292877907 23
1634740058683 0.9669362622638081 24
1634740129130 0.966820437409157 25
1634740199228 0.9672229855559593 26
1634740269425 0.9666827534520349 27
1634740340114 0.9663017805232558 28
1634740410300 0.9661376953125 29
1634740480000 0.9658847542696221 30
1634740549642 0.965757574037064 31
1634740619074 0.96630859375 32
1634740689457 0.9657484897347384 33
1634740758896 0.9667392464571221 34
1634740828826 0.9659259175145349 35
1634740898205 0.96640625 36
1634740968091 0.9668695494186047 37
1634741037892 0.9667770030886628 38
1634741107472 0.9668547874273256 39
1634741179176 0.9668746593386628 40
1634741248669 0.9666938249454942 41
1634741318297 0.9668593295784884 42
1634741388684 0.9664777888808139 43
1634741458777 0.9667134129723837 44
1634741528697 0.967479617096657 45
1634741598633 0.9675369617550872 46
1634741668413 0.9680184297783431 47
1634741738763 0.9678696743277616 48
1634741808629 0.9678614416787791 49
1634741878205 0.9676797556322675 50
1634741947936 0.9677112668059593 51
1634742017949 0.9674461187318314 52
1634742088345 0.9671417946039245 53
1634742158344 0.9670801916787791 54
1634742228545 0.9672911178234012 55
1634742297947 0.9665887876998547 56
1634742367620 0.9670455577761627 57
1634742437723 0.9667812613553779 58
1634742507720 0.9664684206940407 59
1634742579993 0.9663914880087209 60
1634742649946 0.9665825422420058 61
1634742719522 0.9662205895712209 62
1634742790157 0.9658824831940407 63
1634742860103 0.9654572242914244 64
1634742929976 0.9655369958212209 65
1634742999955 0.9658469976380814 66
1634743069622 0.9653519031613372 67
1634743140205 0.964378179505814 68
1634743210185 0.9643744890079942 69
1634743281101 0.963303109102471 70
