1634738458087 0.8396396893033453 1
1634738527601 0.8020091098230645 2
1634738597321 0.7680455004762984 3
1634738666205 0.7337667028097242 4
1634738735503 0.7375589556435838 5
1634738804810 0.7216623592438218 6
1634738873948 0.7131435419348402 7
1634738943895 0.7136296137622454 8
1634739012956 0.7115930458787347 9
1634739082511 0.7098546602704324 10
1634739152547 0.7180440247114503 11
1634739221934 0.7354244805679725 12
1634739291674 0.7470384595301074 13
1634739360737 0.7594326266910213 14
1634739430192 0.7722574300846669 15
1634739499358 0.7722779014606542 16
1634739568401 0.787054381955309 17
1634739638305 0.7987651883390561 18
1634739707667 0.8153455727159201 19
1634739779408 0.8111193172643634 20
1634739848681 0.8307340064253015 21
1634739918497 0.8413805306611558 22
1634739989071 0.8508112666646962 23
1634740058687 0.8550328083289985 24
1634740129134 0.8573726180783634 25
1634740199232 0.8591334883479952 26
1634740269430 0.8593177548443081 27
1634740340118 0.8594998604764944 28
1634740410304 0.8583691856347598 29
1634740480005 0.8565797221969977 30
1634740549646 0.8544301266441502 31
1634740619078 0.8604931544092376 32
1634740689462 0.8561180306554036 33
1634740758900 0.856576341646551 34
1634740828831 0.852421080864898 35
1634740898209 0.8538143456092805 36
1634740968095 0.8553977472087628 37
1634741037896 0.8545625832656158 38
1634741107476 0.8546624190483739 39
1634741179180 0.8539001468212746 40
1634741248673 0.8531390458894875 41
1634741318301 0.8552604973853191 42
1634741388688 0.8502897262743746 43
1634741458781 0.8484391373085552 44
1634741528701 0.8525489118648989 45
1634741598638 0.8581603366813494 46
1634741668417 0.8562695261078015 47
1634741738767 0.8556282435999912 48
1634741808633 0.8553504556395363 49
1634741878209 0.855552124317111 50
1634741947940 0.8548117889527977 51
1634742017953 0.8553172452860085 52
1634742088349 0.852567570795174 53
1634742158348 0.8533074074675993 54
1634742228549 0.8521413087301493 55
1634742297951 0.8520960706670023 56
1634742367624 0.8540789521290773 57
1634742437727 0.8549838844688766 58
1634742507724 0.8518634827824257 59
1634742579998 0.8516257898301258 60
1634742649950 0.8510711627347672 61
1634742719526 0.8514210448596728 62
1634742790161 0.8489443122014941 63
1634742860107 0.8464608816128452 64
1634742929979 0.847304651387994 65
1634742999960 0.844039591987797 66
1634743069626 0.8388962020809297 67
1634743140209 0.8317609193890632 68
1634743210189 0.8317183386580318 69
1634743281105 0.826768073457849 70
