1634738458086 0.864910883674588 1
1634738527600 0.8236324418977492 2
1634738597320 0.7874608253929146 3
1634738666204 0.7551260969750797 4
1634738735502 0.7541887079358909 5
1634738804809 0.7419157727787903 6
1634738873947 0.7326185863755871 7
1634738943894 0.7331490708572729 8
1634739012955 0.7272348730501413 9
1634739082510 0.7253472321118333 10
1634739152546 0.7342397238028375 11
1634739221933 0.7531124410207783 12
1634739291673 0.7696105015176299 13
1634739360736 0.7831371306526373 14
1634739430191 0.7920576013614385 15
1634739499356 0.7971560853504603 16
1634739568400 0.8082065589867585 17
1634739638304 0.8209873882888176 18
1634739707666 0.8382617251730756 19
1634739779407 0.8387278225093784 20
1634739848680 0.8551418948032643 21
1634739918496 0.866820480061982 22
1634739989070 0.8771654200658656 23
1634740058686 0.8817961928098708 24
1634740129133 0.8843628208512659 25
1634740199231 0.8862943877286682 26
1634740269429 0.8864965167935012 27
1634740340117 0.886696275522685 28
1634740410303 0.885455994446293 29
1634740480004 0.8834930626140539 30
1634740549645 0.8811350879004708 31
1634740619077 0.8826838173366636 32
1634740689460 0.882986615259754 33
1634740758899 0.883489354357186 34
1634740828830 0.8834386276202721 35
1634740898208 0.8849747913127963 36
1634740968094 0.8867205930763283 37
1634741037895 0.8812803847046297 38
1634741107475 0.8859098466430789 39
1634741179179 0.8850693926490976 40
1634741248672 0.8842302300832814 41
1634741318300 0.8814410612197108 42
1634741388687 0.8810886725589259 43
1634741458779 0.8790482795966122 44
1634741528700 0.8835795694920681 45
1634741598637 0.8846383199307184 46
1634741668416 0.8876817851957813 47
1634741738766 0.8869747301230673 48
1634741808632 0.8866684510897451 49
1634741878208 0.8868908037342507 50
1634741947939 0.8860745365377001 51
1634742017952 0.8866318345461119 52
1634742088348 0.8790919781681754 53
1634742158347 0.8799035337017033 54
1634742228548 0.8786243947805208 55
1634742297950 0.8785747713949261 56
1634742367623 0.8807498709579162 57
1634742437726 0.8817425263306552 58
1634742507723 0.8783196367256201 59
1634742579997 0.8780589021095766 60
1634742649949 0.8774505101427293 61
1634742719525 0.877834309412396 62
1634742790160 0.8751174853230675 63
1634742860106 0.8723933140140904 64
1634742929978 0.868216836981728 65
1634742999959 0.8697373075376348 66
1634743069625 0.8640953237112238 67
1634743140208 0.8562683554522886 68
1634743210188 0.8606125272383428 69
1634743281104 0.8595625556362758 70
