1634738458089 3.742366345879804 1
1634738527603 3.983953315856724 2
1634738597322 4.243375723531377 3
1634738666206 4.5365175296111815 4
1634738735504 4.51227543406694 5
1634738804811 4.630985080562208 6
1634738873950 4.6917387739122 7
1634738943896 4.6984921153518355 8
1634739012958 4.728049847774931 9
1634739082512 4.732747046014717 10
1634739152549 4.67741508258282 11
1634739221935 4.541664169904499 12
1634739291676 4.385175380979081 13
1634739360739 4.277503402700504 14
1634739430194 4.188934618267681 15
1634739499359 4.160340455844679 16
1634739568402 4.0727231178572 17
1634739638307 3.9412409552862124 18
1634739707668 3.8580344478143607 19
1634739779409 3.85929053225256 20
1634739848683 3.7024091458199613 21
1634739918499 3.63361557474056 22
1634739989072 3.5851584428342043 23
1634740058689 3.5432990603589234 24
1634740129136 3.530615454897937 25
1634740199234 3.481083988544101 26
1634740269432 3.483208891474065 27
1634740340119 3.4812895752408974 28
1634740410305 3.4824004225730616 29
1634740480007 3.47349088172156 30
1634740549648 3.4780495088116616 31
1634740619079 3.447586511551708 32
1634740689465 3.50868319962282 33
1634740758902 3.4902641554860283 34
1634740828832 3.4983540586018043 35
1634740898210 3.5039865552672773 36
1634740968096 3.4646959187618704 37
1634741037898 3.474186844928029 38
1634741107477 3.478290198146223 39
1634741179182 3.4719909046346746 40
1634741248674 3.4683203399791744 41
1634741318302 3.431935906264379 42
1634741388690 3.479558143054174 43
1634741458782 3.458543904681967 44
1634741528703 3.4355221440140817 45
1634741598639 3.4256714948883484 46
1634741668418 3.4425787091310593 47
1634741738769 3.4317877881670715 48
1634741808635 3.4625719910326413 49
1634741878210 3.4766179895079503 50
1634741947941 3.4935142205633913 51
1634742017955 3.4973734271305665 52
1634742088351 3.5074277726319623 53
1634742158349 3.519948553149474 54
1634742228551 3.5087064325632187 55
1634742297952 3.536696919957267 56
1634742367626 3.513273297939941 57
1634742437728 3.5160908974879344 58
1634742507725 3.5297582285527476 59
1634742580000 3.536955952896238 60
1634742649952 3.540669350867683 61
1634742719527 3.53822794534706 62
1634742790162 3.526463416458468 63
1634742860109 3.5474251972138116 64
1634742929981 3.523013863262579 65
1634742999962 3.511514703335312 66
1634743069627 3.526301014358276 67
1634743140210 3.5637376935481684 68
1634743210191 3.5503484424032616 69
1634743281107 3.591065210006369 70
