1634738458087 0.7688545833170322 1
1634738527601 0.7151440624994275 2
1634738597320 0.67155729968739 3
1634738666204 0.629891732999096 4
1634738735502 0.6331086318946909 5
1634738804809 0.6178619610159627 6
1634738873948 0.6075276416437662 7
1634738943894 0.6098572229634996 8
1634739012956 0.6084253082814269 9
1634739082510 0.60735300197567 10
1634739152547 0.6195978175824376 11
1634739221933 0.6401934673337678 12
1634739291674 0.6549590186670114 13
1634739360737 0.6712322929881608 14
1634739430192 0.6866441226672448 15
1634739499357 0.6886174700857602 16
1634739568400 0.7058648439902663 17
1634739638305 0.7213110084141706 18
1634739707666 0.7406733775735073 19
1634739779407 0.7368098828615888 20
1634739848681 0.7598572212953467 21
1634739918497 0.7740324312501372 22
1634739989070 0.7860259450189313 23
1634740058686 0.7916775343795147 24
1634740129133 0.7954561221655198 25
1634740199232 0.7971033906085799 26
1634740269429 0.796942370380669 27
1634740340117 0.7966701109880541 28
1634740410303 0.7952536036390205 29
1634740480004 0.7932183640615165 30
1634740549645 0.7912408671470752 31
1634740619077 0.7974626133356801 32
1634740689461 0.7930538714863088 33
1634740758900 0.7942342613496428 34
1634740828830 0.7896221102456128 35
1634740898208 0.7914306448745559 36
1634740968094 0.7930542730073851 37
1634741037896 0.7926403528827843 38
1634741107475 0.7925510944003069 39
1634741179180 0.791342704860344 40
1634741248672 0.7899766771974344 41
1634741318300 0.7927297668752058 42
1634741388688 0.7863808142135059 43
1634741458780 0.7844174284611894 44
1634741528701 0.7901439638968134 45
1634741598637 0.7963071150039271 46
1634741668416 0.7946698569734643 47
1634741738767 0.7937883964424082 48
1634741808633 0.7930497421904801 49
1634741878208 0.7934595876510291 50
1634741947939 0.7933492388393596 51
1634742017953 0.7936378408564824 52
1634742088349 0.7909445872091277 53
1634742158347 0.7914406398204767 54
1634742228549 0.7902215702987089 55
1634742297950 0.7894886942417392 56
1634742367624 0.7921265885719955 57
1634742437726 0.7927350709354909 58
1634742507723 0.7889429528277568 59
1634742579998 0.7887381753053091 60
1634742649950 0.7880212782445882 61
1634742719525 0.7880610070423474 62
1634742790160 0.7851118877267692 63
1634742860106 0.7818633631740142 64
1634742929979 0.7828989764688122 65
1634742999959 0.7797050883783295 66
1634743069625 0.7745515671332349 67
1634743140208 0.7663943914626635 68
1634743210189 0.7661249530926023 69
1634743281105 0.7601015119779208 70
