1634738458085 0.7792353573678508 1
1634738527598 0.7121345594099324 2
1634738597318 0.6641404293763573 3
1634738666202 0.6198208949049472 4
1634738735500 0.6217474242461148 5
1634738804807 0.6072760402082538 6
1634738873946 0.5961361402542081 7
1634738943892 0.5989447693015753 8
1634739012954 0.5975822133253134 9
1634739082508 0.5970709456062868 10
1634739152544 0.6113255004668052 11
1634739221931 0.6353708013700367 12
1634739291671 0.6532022391256255 13
1634739360734 0.6730155822250867 14
1634739430189 0.6901710868542204 15
1634739499355 0.6966731783240321 16
1634739568398 0.7182114174277632 17
1634739638302 0.7413120139544241 18
1634739707664 0.7656297391406628 19
1634739779405 0.7632948471912722 20
1634739848678 0.7917365372876651 21
1634739918494 0.8136162549891522 22
1634739989068 0.8324566410903698 23
1634740058684 0.8450189071030717 24
1634740129131 0.8536729734407242 25
1634740199229 0.8649870809588056 26
1634740269426 0.8696648733383425 27
1634740340115 0.8827832534635933 28
1634740410301 0.8886849043975779 29
1634740480002 0.8978918953862939 30
1634740549643 0.8959060649471474 31
1634740619075 0.9037558070895552 32
1634740689458 0.8867264446540806 33
1634740758897 0.8958262355205147 34
1634740828828 0.8924093120169899 35
1634740898206 0.8928219309656076 36
1634740968092 0.9020467390005223 37
1634741037894 0.8935739688593867 38
1634741107473 0.8939518725394037 39
1634741179178 0.8964237430892079 40
1634741248670 0.8985634881171657 41
1634741318298 0.9093824504488731 42
1634741388686 0.9015924583901093 43
1634741458778 0.906856191616489 44
1634741528698 0.898250514006518 45
1634741598635 0.9052440675052443 46
1634741668414 0.8887906566732297 47
1634741738764 0.8905335491178434 48
1634741808630 0.8869794490162685 49
1634741878206 0.8879448433850969 50
1634741947937 0.8899821750805545 51
1634742017950 0.8826346180173485 52
1634742088347 0.8881143209315518 53
1634742158345 0.8816518711768279 54
1634742228546 0.8871720751207841 55
1634742297948 0.884119631013301 56
1634742367621 0.8830713287190973 57
1634742437724 0.8838697208206845 58
1634742507721 0.8870463540642701 59
1634742579995 0.8843487396334659 60
1634742649947 0.8833499753730031 61
1634742719523 0.8849109810089285 62
1634742790158 0.887930388694355 63
1634742860104 0.8887838401136657 64
1634742929977 0.9041106610194147 65
1634742999956 0.9018663497478029 66
1634743069623 0.9056888248121048 67
1634743140206 0.9090636326913742 68
1634743210186 0.9122414889049274 69
1634743281103 0.9141112123396566 70
