1634738458088 0.8738128040122387 1
1634738527602 0.8451616116352975 2
1634738597322 0.824397683189294 3
1634738666206 0.8055693435226661 4
1634738735504 0.804212619334278 5
1634738804811 0.7995911178507322 6
1634738873949 0.7939040441828922 7
1634738943896 0.795477647573195 8
1634739012958 0.7953028175119752 9
1634739082512 0.7939407092796114 10
1634739152549 0.8012958299994679 11
1634739221935 0.8118137729304691 12
1634739291675 0.8187587398383093 13
1634739360738 0.8281851308916746 14
1634739430193 0.8340634899300611 15
1634739499359 0.8380525777200312 16
1634739568402 0.8441912381632386 17
1634739638306 0.8531480106762277 18
1634739707668 0.8613959263512997 19
1634739779409 0.8618785934247276 20
1634739848682 0.8724178220208801 21
1634739918498 0.8807882163890781 22
1634739989072 0.8879685292696908 23
1634740058688 0.8914574201917438 24
1634740129135 0.8938912915849295 25
1634740199233 0.8952416780616897 26
1634740269431 0.8957725873824245 27
1634740340119 0.8990045899698681 28
1634740410305 0.8985810628132862 29
1634740480006 0.8998318329226817 30
1634740549647 0.8965504854846174 31
1634740619079 0.8993646679317879 32
1634740689464 0.8943978716930497 33
1634740758901 0.8994633106629056 34
1634740828832 0.8939897667337781 35
1634740898210 0.8951368795980579 36
1634740968096 0.8990226536743668 37
1634741037897 0.8958604508323498 38
1634741107477 0.8956340076184326 39
1634741179181 0.8950217713899093 40
1634741248674 0.8940408410185191 41
1634741318302 0.8952846173273269 42
1634741388689 0.8920953723518029 43
1634741458782 0.8931799113078085 44
1634741528702 0.8931978362156131 45
1634741598639 0.8963184882933268 46
1634741668418 0.892660674247551 47
1634741738768 0.892204534807781 48
1634741808634 0.8912706985354624 49
1634741878210 0.891798007934153 50
1634741947941 0.8938243335597283 51
1634742017954 0.8912809135916465 52
1634742088350 0.8920692033910346 53
1634742158349 0.8896745902815973 54
1634742228550 0.8913433121266087 55
1634742297952 0.8905562660642253 56
1634742367625 0.8918567788564897 57
1634742437728 0.8924648522788101 58
1634742507725 0.890986136647073 59
1634742579999 0.8902852436425414 60
1634742649951 0.8898497053820159 61
1634742719527 0.8900918366890364 62
1634742790162 0.8888149249583887 63
1634742860108 0.8869550307702522 64
1634742929980 0.8883954230737234 65
1634742999961 0.8899315415222466 66
1634743069627 0.888028014760094 67
1634743140210 0.8843492553442549 68
1634743210190 0.8848112898960901 69
1634743281106 0.882328098547725 70
