1634738458085 0.945515923514931 1
1634738527599 0.95868788611752 2
1634738597318 0.9638843444658324 3
1634738666202 0.9693969712486993 4
1634738735501 0.9676219998916014 5
1634738804808 0.9702713247441662 6
1634738873946 0.9704920406861984 7
1634738943893 0.9705803173219775 8
1634739012954 0.9715511600625989 9
1634739082509 0.9690354437493721 10
1634739152544 0.9684741825580804 11
1634739221932 0.963780669926696 12
1634739291672 0.9583115804946414 13
1634739360735 0.9558207122296247 14
1634739430190 0.9524724609999822 15
1634739499355 0.9493112778820542 16
1634739568398 0.9413658597853873 17
1634739638303 0.9336026156450714 18
1634739707665 0.927672524075629 19
1634739779406 0.9270597567170953 20
1634739848679 0.9216791881483724 21
1634739918495 0.914454480434589 22
1634739989069 0.9082650798159883 23
1634740058685 0.900922976625358 24
1634740129132 0.8960928453836245 25
1634740199230 0.8853960247508303 26
1634740269427 0.8804319753960295 27
1634740340116 0.8712932276807305 28
1634740410302 0.863691510330382 29
1634740480002 0.8549286814304454 30
1634740549644 0.8507741226865321 31
1634740619076 0.8530787575364956 32
1634740689459 0.8578790104778713 33
1634740758898 0.8586992499460796 34
1634740828829 0.8501113524543987 35
1634740898206 0.8524592049456865 36
1634740968093 0.8499814731913622 37
1634741037894 0.8540502751615243 38
1634741107474 0.8526901414328719 39
1634741179178 0.8485614922534799 40
1634741248671 0.844218215110902 41
1634741318299 0.8396551186029595 42
1634741388686 0.837049028524458 43
1634741458778 0.8333385817326772 44
1634741528699 0.8442155441967424 45
1634741598636 0.8480515247664104 46
1634741668415 0.8554895577024274 47
1634741738765 0.8526328489113257 48
1634741808631 0.855600342236795 49
1634741878206 0.8553669942843873 50
1634741947938 0.8572452293979729 51
1634742017951 0.8608853891340906 52
1634742088347 0.8564102672316064 53
1634742158346 0.8591278958233414 54
1634742228547 0.8563993502904313 55
1634742297949 0.8577089063079274 56
1634742367622 0.8621307777344271 57
1634742437725 0.8624334360895378 58
1634742507722 0.8545547382804984 59
1634742579996 0.8565691690207413 60
1634742649948 0.8571114193775571 61
1634742719524 0.8550047263962773 62
1634742790158 0.8481709753979555 63
1634742860105 0.8433413580983494 64
1634742929977 0.8337027287457807 65
1634742999957 0.8339122583582668 66
1634743069624 0.8247203575598925 67
1634743140207 0.8121274727396285 68
1634743210187 0.8087987868378712 69
1634743281103 0.7996044791633442 70
