1634738458088 0.9425056565247425 1
1634738527602 0.9385571021449662 2
1634738597321 0.9311904501409722 3
1634738666205 0.9239847589144978 4
1634738735503 0.9239941086458853 5
1634738804810 0.9243097234726906 6
1634738873949 0.9222338166117063 7
1634738943895 0.9241339121614781 8
1634739012957 0.9249960031788753 9
1634739082511 0.9257827945293229 10
1634739152548 0.9314182089995966 11
1634739221934 0.9359095183369157 12
1634739291675 0.9390999896328363 13
1634739360738 0.9426378559051863 14
1634739430193 0.9444636029781515 15
1634739499358 0.9457207415956106 16
1634739568401 0.9459623847893599 17
1634739638306 0.9463533888275564 18
1634739707667 0.946209325151361 19
1634739779408 0.9461280002465601 20
1634739848682 0.9459713306512074 21
1634739918498 0.9444026551531038 22
1634739989071 0.9430264141938557 23
1634740058688 0.9407440089636675 24
1634740129134 0.9388788237341836 25
1634740199233 0.9348748685854454 26
1634740269430 0.9329273721957437 27
1634740340118 0.929165183253984 28
1634740410304 0.9256764328477511 29
1634740480005 0.9219472408483245 30
1634740549647 0.9198423225301172 31
1634740619078 0.9208318420531018 32
1634740689463 0.9225613347210145 33
1634740758901 0.9226614908287467 34
1634740828831 0.9186931126494997 35
1634740898209 0.9198361637078546 36
1634740968095 0.91901079364763 37
1634741037897 0.9205529379396669 38
1634741107476 0.9198710697635463 39
1634741179181 0.9179855989249199 40
1634741248673 0.9158046020113295 41
1634741318301 0.9135348017011796 42
1634741388689 0.9121492457894931 43
1634741458781 0.9102533464355951 44
1634741528702 0.9149947066100955 45
1634741598638 0.9164308180891725 46
1634741668417 0.9193844317697705 47
1634741738768 0.9179349971046975 48
1634741808634 0.9182734292271957 49
1634741878209 0.918209912271667 50
1634741947940 0.9187062251487663 51
1634742017954 0.9197633027872879 52
1634742088350 0.9174425910416553 53
1634742158348 0.9186341866211001 54
1634742228550 0.9170807645689234 55
1634742297951 0.9174478406243486 56
1634742367625 0.9193578939351602 57
1634742437727 0.9193351225265383 58
1634742507724 0.9164214185730686 59
1634742579999 0.9168900445916109 60
1634742649951 0.9170413648918588 61
1634742719526 0.9165342259182964 62
1634742790161 0.913665687006569 63
1634742860108 0.9111937172858481 64
1634742929980 0.9070944983859178 65
1634742999961 0.9080088743369465 66
1634743069626 0.9042157346049373 67
1634743140209 0.898569825924393 68
1634743210190 0.897401663016369 69
1634743281106 0.8934487410846682 70
