1634738458086 0.94162517288503 1
1634738527600 0.9217793656191305 2
1634738597319 0.9027687671524814 3
1634738666203 0.8836120036927 4
1634738735501 0.8854586751380666 5
1634738804808 0.8827885630295663 6
1634738873947 0.8788040159964545 7
1634738943893 0.8821250719014764 8
1634739012955 0.8825919442700764 9
1634739082509 0.8865486178607802 10
1634739152545 0.897615942450248 11
1634739221932 0.9108631976378989 12
1634739291673 0.9223912556550368 13
1634739360736 0.9312824992672081 14
1634739430190 0.9381209078705611 15
1634739499356 0.943250698966129 16
1634739568399 0.9515910113975983 17
1634739638304 0.9598540567839874 18
1634739707665 0.9653011642533798 19
1634739779406 0.9655581321919076 20
1634739848679 0.9706520771925206 21
1634739918496 0.9744515814947006 22
1634739989069 0.9778794510545606 23
1634740058685 0.9806948435222873 24
1634740129132 0.9817007149724581 25
1634740199230 0.9844657768966832 26
1634740269428 0.9854467076509225 27
1634740340116 0.9869817354492892 28
1634740410302 0.9876252564672393 29
1634740480003 0.9889921215485618 30
1634740549644 0.9889530183495827 31
1634740619076 0.9887919934206691 32
1634740689460 0.9871161832111951 33
1634740758899 0.9867931986982407 34
1634740828829 0.9872082259656952 35
1634740898207 0.987197601016566 36
1634740968093 0.9881976444614876 37
1634741037895 0.9871191909027051 38
1634741107474 0.9872028526648869 39
1634741179179 0.9876001399329842 40
1634741248671 0.9876068260298759 41
1634741318299 0.9878506614420562 42
1634741388687 0.9874772808407736 43
1634741458779 0.9876315015401511 44
1634741528700 0.9863216553222811 45
1634741598636 0.9854276036879034 46
1634741668415 0.9839065385297008 47
1634741738765 0.9838200258515257 48
1634741808632 0.9817595822345985 49
1634741878207 0.9818321472409998 50
1634741947938 0.9810522020611888 51
1634742017952 0.979565781368563 52
1634742088348 0.9795413553707115 53
1634742158346 0.9790563053328655 54
1634742228548 0.978895837036309 55
1634742297949 0.978223140065167 56
1634742367623 0.9777618021923019 57
1634742437725 0.9774616404948894 58
1634742507722 0.9793996968593544 59
1634742579996 0.9783504953311086 60
1634742649949 0.9780722108261369 61
1634742719524 0.9790713301595392 62
1634742790159 0.9802008676880732 63
1634742860105 0.9799425847031322 64
1634742929978 0.9814560172447907 65
1634742999958 0.9829614128734524 66
1634743069624 0.9844660876020026 67
1634743140207 0.9856752062766159 68
1634743210188 0.986610044775748 69
1634743281104 0.9877579319121158 70
