1634738454944 2.7927485654106388 0
1634738524815 1.352758676200718 0
1634738594535 1.32762786242869 0
1634738663403 1.180889085902796 0
1634738732716 1.2205867589294137 0
1634738802027 1.208799547576285 0
1634738871169 1.0306622428553445 0
1634738941115 1.1400015981166394 0
1634739010112 1.3893383651391251 0
1634739079729 1.0239809844400976 0
1634739149583 0.9771286278189003 0
1634739219036 1.0639116117706546 0
1634739288901 0.9204374704655115 0
1634739357969 0.9907979518175125 0
1634739427304 0.8822480147922194 0
1634739496569 1.0878493249803394 0
1634739565604 0.9788456414040033 0
1634739635476 0.8610088753139044 0
1634739704865 1.10995716456469 0
1634739774445 1.1267872783657793 0
1634739845850 0.992588138425505 0
1634739915596 1.3475588304655892 0
1634739986164 1.2837275607245309 0
1634740055858 1.3598931017634157 0
1634740126298 1.421373165273047 0
1634740196411 1.5034152954429776 0
1634740266500 1.7332348653248377 0
1634740337284 1.658651420048305 0
1634740407460 1.6096603742667608 0
1634740477023 1.3867662100048808 0
1634740546815 1.4552140800983875 0
1634740616229 1.34194196334907 0
1634740686457 1.4496212005615234 0
1634740756056 1.2978083019132738 0
1634740825968 1.3687864093037394 0
1634740895361 1.3776139899507744 0
1634740965231 1.2142866470597007 0
1634741035064 1.304562331020058 0
1634741104613 1.4581091047881485 0
1634741174333 1.3109816130879637 0
1634741245776 1.5758412383593523 0
1634741315411 1.4974307115975913 0
1634741385803 1.3797765536741777 0
1634741455733 1.326720475956991 0
1634741525763 1.4231470904567025 0
1634741595752 1.1036632699625832 0
1634741665467 1.3807580560058743 0
1634741735884 1.268551481621606 0
1634741805761 1.26147963203393 0
1634741875313 1.3619738050869532 0
1634741945052 0.9129210141572085 0
1634742015050 0.8469146486226614 0
1634742085473 0.8604673389103505 0
1634742155488 0.8497888267814339 0
1634742225664 0.7383094071954875 0
1634742294994 0.6437640000473369 0
1634742364725 0.8049757267747607 0
1634742434841 0.8024084751869177 0
1634742504775 0.8614671990855948 0
1634742574674 0.9967105884056586 0
1634742647009 0.8000806312669407 0
1634742716600 0.672464993479964 0
1634742787143 0.901808131437797 0
1634742857189 0.8696136710705695 0
1634742927033 1.2039095352996478 0
1634742996819 1.0015562873382073 0
1634743066701 1.0439130315532932 0
1634743137287 0.8397981551560488 0
1634743207161 0.6307538451699467 0
1634743278069 0.6615241369256726 0
