1634738454942 -0.12400757337545419 0
1634738524814 -0.12327582882596301 0
1634738594534 -0.12588511039684344 0
1634738663402 -0.10123137181455438 0
1634738732715 -0.09299383186674737 0
1634738802026 -0.07056598075024494 0
1634738871168 -0.059861526473776086 0
1634738941114 -0.044901653350173654 0
1634739010111 -0.022244284776124088 0
1634739079728 -0.01225673525848172 0
1634739149582 0.008842653945668952 0
1634739219035 0.01769223939869311 0
1634739288901 0.033794305251016246 0
1634739357968 0.041658201581471925 0
1634739427303 0.061901031182957936 0
1634739496568 0.06267592388314086 0
1634739565603 0.064838212805909 0
1634739635475 0.06650774238945602 0
1634739704865 0.04894122926445751 0
1634739774444 0.04879132029298064 0
1634739845849 0.0461990690076506 0
1634739915595 0.04938286910583446 0
1634739986163 0.0512110616092558 0
1634740055857 0.04299997315778361 0
1634740126297 0.050786672668023544 0
1634740196410 0.044064933022895415 0
1634740266500 0.044050086241263844 0
1634740337283 0.04350709760343874 0
1634740407459 0.033901005596309514 0
1634740477022 0.03821073666021421 0
1634740546814 0.02596226886108324 0
1634740616228 0.021707833200306087 0
1634740686456 0.02473041279749437 0
1634740756055 0.02284950583979681 0
1634740825968 0.025510524000440325 0
1634740895360 0.02313238014648487 0
1634740965230 0.02069857619799577 0
1634741035063 0.019338621044313754 0
1634741104612 0.01604544637458665 0
1634741174332 0.02353958688773118 0
1634741245775 0.020072503813675473 0
1634741315410 0.018099730665033512 0
1634741385802 0.019269306309424437 0
1634741455732 0.009318522830771935 0
1634741525762 0.005075152661022428 0
1634741595751 0.0077273542569442225 0
1634741665466 0.006957993491903528 0
1634741735883 0.004428356039253148 0
1634741805760 0.0036736757603365107 0
1634741875312 0.0072445994992921875 0
1634741945051 0.005487956070377455 0
1634742015049 0.005009588664518548 0
1634742085472 0.008125493750459963 0
1634742155487 0.009002423131620729 0
1634742225663 0.01222332354102816 0
1634742294993 0.01369560147067169 0
1634742364724 0.01585236902941357 0
1634742434840 0.022604338437705845 0
1634742504774 0.017541701675622495 0
1634742574673 0.021613261142334382 0
1634742647008 0.024074742739850826 0
1634742716599 0.023232427413587445 0
1634742787142 0.025370639446493867 0
1634742857189 0.024906916374509983 0
1634742927032 0.026204929626607275 0
1634742996818 0.021791358272750656 0
1634743066700 0.019636916166002102 0
1634743137286 0.020792979118111846 0
1634743207160 0.01779743903256082 0
1634743278068 0.018558198174872954 0
