1633940992158 0.7494763461026278 1
1633941022185 0.8494084676106771 2
1633941053023 0.8985272031841856 3
1633941084060 0.9252733172792377 4
1633941114971 0.9309359463778409 5
1633941145861 0.9353309400153883 6
1633941177144 0.9450177279385653 7
1633941208086 0.9374817356918798 8
1633941237961 0.937742059881037 9
1633941269228 0.9496510823567709 10
1633941300082 0.9509732795484138 11
1633941330679 0.9434363625266335 12
1633941360773 0.9498912926876184 13
1633941392281 0.9529677882339015 14
1633941423146 0.9570543693773674 15
1633941454516 0.9539214625503077 16
1633941484334 0.9564292214133523 17
1633941515461 0.9533832434451941 18
1633941545502 0.9526767152728457 19
1633941578460 0.9507714473839962 20
1633941608025 0.9523044932972301 21
1633941637571 0.9585321599786932 22
1633941668529 0.9569887103456439 23
1633941698250 0.9549911961410985 24
1633941728003 0.958129189231179 25
1633941759034 0.9574753732392283 26
1633941788444 0.9576043793649385 27
1633941818342 0.9562516645951704 28
1633941848054 0.9551761511600378 29
1633941877863 0.9605770689068418 30
1633941909122 0.9585097341826467 31
1633941938750 0.9500977487275095 32
1633941968336 0.9584984056877367 33
1633941997791 0.9602466930042614 34
1633942027330 0.9621258359966856 35
1633942058457 0.9536708484996449 36
1633942088224 0.9607883800159801 37
1633942117828 0.9572756218187737 38
1633942147565 0.9620916193181818 39
1633942181106 0.9567198319868608 40
1633942211024 0.9580103556315104 41
1633942240701 0.9567505807587595 42
1633942270560 0.9603010235410748 43
1633942300308 0.9600171175870028 44
1633942330379 0.9597223455255682 45
1633942360387 0.9624545935428503 46
1633942390293 0.9626432476621686 47
1633942421196 0.9595200509736033 48
1633942451025 0.961831757516572 49
1633942482295 0.959157539136482 50
1633942512244 0.9585201379024622 51
1633942542245 0.9615046183268229 52
1633942571892 0.9545167865175189 53
1633942601937 0.9612278793797349 54
1633942631875 0.9614895907315341 55
1633942661741 0.962473320238518 56
1633942693001 0.959014892578125 57
1633942722944 0.9600097193862452 58
1633942752823 0.9562530517578125 59
1633942785547 0.9604154644590436 60
1633942815353 0.9605671275745739 61
1633942845302 0.9629137443773674 62
1633942876938 0.9615242697975852 63
1633942906980 0.9635994651100852 64
1633942937037 0.9629299279415247 65
1633942968508 0.9643321181788589 66
1633942998727 0.960344256776752 67
1633943028423 0.9615836865974196 68
1633943058520 0.9604018240263967 69
1633943088406 0.9623880097360322 70
1633943118469 0.9603844844933712 71
1633943148285 0.963420752323035 72
1633943179702 0.9609455917820786 73
1633943209656 0.9617933793501421 74
1633943239674 0.9622580788352273 75
1633943270058 0.956613251657197 76
1633943300125 0.9616743145566998 77
1633943330311 0.9625248764500474 78
1633943360368 0.9578284061316288 79
1633943393685 0.9624164465701941 80
1633943425614 0.9614329482569839 81
1633943455717 0.9627426609848485 82
1633943486139 0.9604760372277462 83
1633943516248 0.960794853441643 84
1633943546940 0.9625981648763021 85
1633943577534 0.9593723181522253 86
1633943607597 0.96082675818241 87
1633943637870 0.9605252815015388 88
1633943668173 0.9621408635919745 89
1633943698347 0.9642648407907197 90
1633943728555 0.9633433024088541 91
1633943758590 0.9630270293264678 92
1633943788669 0.964630126953125 93
1633943820230 0.9608540390477036 94
1633943850311 0.9614944458007812 95
1633943880372 0.9611428000710227 96
1633943910587 0.9650326353130918 97
1633943940829 0.9608311508641099 98
1633943970881 0.9609969167998342 99
1633944003891 0.9611467303651752 100
1633944034118 0.9634972774621212 101
1633944064771 0.9626446348248106 102
1633944095086 0.9617945353190104 103
1633944125237 0.9607275760535038 104
1633944155546 0.9640667077266809 105
1633944185741 0.9628649624911222 106
1633944215977 0.9614521373401989 107
1633944246259 0.9606006506717566 108
1633944276746 0.9600665930545691 109
1633944307222 0.9630813598632812 110
1633944337571 0.9610165682705966 111
1633944367806 0.9596603855942235 112
1633944398352 0.9612244114731298 113
1633944428665 0.9627842758641099 114
1633944458815 0.9630765047940341 115
1633944489134 0.9638542406486742 116
1633944519682 0.9643758138020834 117
1633944551886 0.9638190991950758 118
1633944582231 0.9637992165305398 119
1633944616834 0.9644109552556818 120
1633944648123 0.9632425019235322 121
1633944679100 0.9608616684422349 122
1633944710256 0.9636290579131155 123
1633944741610 0.9631165013168798 124
1633944773280 0.9647928873697916 125
1633944804428 0.960828838926373 126
1633944835208 0.9627433545661696 127
1633944866282 0.9633500070282908 128
1633944897479 0.9634773947975852 129
1633944928621 0.9628448486328125 130
1633944960051 0.9615940903172349 131
1633944991262 0.965711651426373 132
1633945022470 0.9653690222537878 133
1633945053650 0.9648671005711411 134
1633945084898 0.9655780214251894 135
1633945116213 0.9629236857096354 136
1633945148389 0.9652781631007339 137
1633945183437 0.9643642541133997 138
1633945214673 0.9636027018229166 139
1633945248603 0.9656899192116477 140
1633945282571 0.9623840794418798 141
1633945314038 0.9651281183416193 142
1633945345397 0.9645956790808475 143
1633945377069 0.966074394457268 144
1633945407986 0.9634232954545454 145
1633945439402 0.9624342484907671 146
1633945470414 0.9630584716796875 147
1633945501461 0.9648287224047112 148
1633945533084 0.9630187063506155 149
1633945564522 0.9625981648763021 150
1633945595574 0.9639668320164536 151
1633945626522 0.9649931011777936 152
1633945659807 0.9645704789595171 153
1633945690952 0.9639629017223011 154
1633945723167 0.961752226858428 155
1633945754471 0.9653704094164299 156
1633945785757 0.9618909431226326 157
1633945817005 0.9657632076379025 158
1633945848149 0.9638563213926373 159
1633945882889 0.9633326674952651 160
1633945914878 0.962363272002249 161
1633945946249 0.9651498505563447 162
1633945977652 0.9630039099491003 163
1633946009224 0.9627366499467329 164
1633946040673 0.9637971357865767 165
1633946072001 0.9642694646661932 166
1633946103225 0.9629017223011364 167
1633946135199 0.962809707179214 168
1633946166418 0.9641945578835227 169
1633946197730 0.9598360928622159 170
1633946228689 0.9642868041992188 171
1633946260006 0.9647300026633523 172
1633946292159 0.9636665113044508 173
1633946323372 0.964643536191998 174
1633946354771 0.9625632546164773 175
1633946386290 0.9641073978308475 176
1633946417719 0.9627875125769413 177
1633946449118 0.9634739268909801 178
1633946481060 0.9644190470377604 179
1633946514999 0.9648888327858665 180
1633946546471 0.9634043375651041 181
1633946578325 0.9649891708836411 182
1633946609706 0.9638530846798059 183
1633946641693 0.9648634014707623 184
1633946673496 0.9638318148526278 185
1633946704882 0.9619480479847301 186
1633946736502 0.9643716523141572 187
1633946768018 0.9643450650301847 188
1633946800505 0.9628721294981061 189
1633946832121 0.9638251102331913 190
1633946863506 0.959726044625947 191
1633946895005 0.9644962657581676 192
1633946926796 0.9631206628048059 193
1633946958537 0.9625479958274148 194
1633946990051 0.9650599161783854 195
1633947021458 0.962860801003196 196
1633947053638 0.965146845037287 197
1633947085037 0.9638905380711411 198
1633947117349 0.9633162527373342 199
1633947151808 0.9637192234848485 200
1633947183327 0.9643358172792377 201
1633947214666 0.9649642019560842 202
1633947246282 0.9656284216678503 203
1633947278099 0.9659081661339962 204
1633947309448 0.9631909457120028 205
1633947341141 0.9626134236653646 206
1633947372397 0.961914756081321 207
1633947404146 0.9648192434599905 208
1633947435889 0.9647561275597775 209
1633947467381 0.9648382013494318 210
1633947498692 0.9633793686375474 211
1633947530198 0.9634908040364584 212
1633947561679 0.9656203298857717 213
1633947593081 0.9647200613310842 214
1633947624537 0.9655939737955729 215
1633947656186 0.9643295750473485 216
1633947687641 0.9646430738044508 217
1633947719267 0.964415810324929 218
1633947750848 0.9633248069069602 219
1633947785213 0.9656910751805161 220
1633947816604 0.965360468084162 221
1633947851423 0.9620273474491003 222
1633947883353 0.9648809721975615 223
1633947915137 0.9642592921401515 224
1633947946918 0.9645938295306582 225
1633947978647 0.9635106867009943 226
1633948010213 0.9635638612689394 227
1633948042133 0.9642144405480587 228
1633948074053 0.9649309100526752 229
1633948105942 0.9636107936049952 230
1633948137859 0.9661997014825995 231
1633948172094 0.9635885990027225 232
1633948204478 0.9650404959013967 233
1633948235758 0.9644817005504261 234
1633948267251 0.9658896706321023 235
1633948298914 0.9653810443300189 236
1633948330701 0.9652813998135653 237
1633948362854 0.9652104233250474 238
1633948394246 0.9655206853693182 239
1633948428521 0.9647646817294034 240
1633948460296 0.9653336496064158 241
1633948491971 0.9643855239405776 242
1633948523734 0.9653877489494554 243
1633948556618 0.9652649850556345 244
1633948592718 0.9655659993489584 245
1633948629071 0.9646576390121923 246
1633948662884 0.9638503103545217 247
1633948697274 0.963887070164536 248
1633948730628 0.9636306762695312 249
1633948763107 0.9643644853071733 250
1633948796078 0.9652830181699811 251
1633948830234 0.9647642193418561 252
1633948865072 0.9638329708214962 253
1633948897677 0.9631541859019886 254
1633948929852 0.9651607166637074 255
1633948962001 0.9650989879261364 256
1633948993955 0.9661895289565577 257
1633949025906 0.9631742997602983 258
1633949058069 0.9664151740796638 259
1633949092976 0.9647089640299479 260
1633949124911 0.9652157407818418 261
1633949157502 0.9647029529918324 262
1633949189961 0.9652455647786459 263
1633949222470 0.9661763509114584 264
1633949254905 0.9656624071525804 265
1633949287163 0.964801903926965 266
1633949319255 0.9650920521129261 267
1633949351377 0.9639929569128788 268
1633949383525 0.964620879202178 269
1633949415406 0.9638128569631865 270
1633949447485 0.9660734696821733 271
1633949479377 0.964040351636482 272
1633949511549 0.9648252544981061 273
1633949543546 0.9645182291666666 274
1633949575974 0.96448886755741 275
1633949608536 0.9649080218690814 276
1633949640790 0.9647001786665483 277
1633949672858 0.965913945978338 278
1633949704648 0.9644167351000237 279
1633949740105 0.9651512377189867 280
1633949772611 0.9642206827799479 281
1633949804867 0.9648035222833807 282
1633949837848 0.9643515384558475 283
1633949870437 0.9637400309244791 284
1633949902557 0.9662584247011127 285
1633949934742 0.9646423802231298 286
1633949967104 0.9642761692856298 287
1633949999585 0.9646333636659564 288
1633950032514 0.9650407270951704 289
1633950064869 0.9650317105379972 290
1633950097133 0.9642306241122159 291
1633950129144 0.9654635805072207 292
1633950161778 0.9655146743312026 293
1633950194334 0.965249032685251 294
1633950227127 0.9649766864198627 295
1633950259650 0.9660341667406487 296
1633950291955 0.964456269235322 297
1633950324225 0.9666489109848485 298
1633950356290 0.9660713889382102 299
1633950391699 0.9652672969933712 300
1633950424346 0.9649961066968513 301
1633950456741 0.9657988114790483 302
1633950489352 0.9655844948508523 303
1633950521839 0.9646389123165247 304
1633950554823 0.9648439811937737 305
1633950588073 0.964488173976089 306
1633950620810 0.965864239316998 307
1633950652996 0.9651089292584043 308
1633950685467 0.9651822176846591 309
1633950718149 0.9639596650094697 310
1633950750765 0.9658901330196497 311
1633950783529 0.9656832145922112 312
1633950816166 0.9662517200816761 313
1633950849240 0.9659932454427084 314
1633950881699 0.9634034127900095 315
1633950914699 0.9644567316228693 316
1633950947134 0.9660686146129261 317
1633950979772 0.9649269797585227 318
1633951012052 0.9655276211825284 319
1633951047448 0.9651110100023674 320
1633951080190 0.964826641660748 321
1633951112595 0.9658411199396307 322
1633951145108 0.964589668042732 323
1633951178047 0.9640253240411932 324
1633951211512 0.9646578702059659 325
1633951244188 0.9645600752397017 326
1633951277002 0.9655879627574574 327
1633951309764 0.9647690744111033 328
1633951342557 0.9657516479492188 329
1633951375352 0.9650638464725378 330
1633951408145 0.9655135183623342 331
1633951440947 0.964070869214607 332
1633951473851 0.9659090909090909 333
1633951506889 0.9652494950727983 334
1633951539588 0.9656302712180398 335
1633951572248 0.965040264707623 336
1633951605151 0.9647681496360085 337
1633951638196 0.9649831598455255 338
1633951671357 0.9662722963275332 339
1633951706779 0.9654275142785275 340
1633951739601 0.9651919278231534 341
1633951772850 0.9659627278645834 342
1633951805968 0.9632422707297585 343
1633951838989 0.9657648259943182 344
1633951872646 0.964488173976089 345
1633951906031 0.9640775738340436 346
1633951938604 0.9649648955374053 347
1633951971521 0.9649801543264678 348
1633952004213 0.9651128595525568 349
1633952037203 0.9665111194957386 350
1633952073599 0.9655414928089489 351
1633952107069 0.9649836222330729 352
1633952140057 0.9661250258937026 353
1633952177574 0.964094219785748 354
1633952211062 0.9646967107599432 355
1633952243908 0.9657884077592329 356
1633952276716 0.9658304850260416 357
1633952309478 0.9640220873283617 358
1633952342616 0.9660873413085938 359
1633952378628 0.9658242427941525 360
1633952411847 0.9656143188476562 361
1633952444984 0.9655988288648201 362
1633952478659 0.9647179805871212 363
1633952511552 0.9659687389026989 364
1633952546688 0.96583164099491 365
1633952579657 0.9657530351118608 366
1633952612553 0.9664158676609849 367
1633952645369 0.9653338808001894 368
1633952678122 0.964955185398911 369
1633952711055 0.9669314297762784 370
1633952744399 0.9654494776870265 371
1633952777655 0.9658265547318892 372
1633952810828 0.9663502086292614 373
1633952844315 0.9657532663056345 374
1633952877561 0.9642777876420454 375
1633952911160 0.9659407644560842 376
1633952944452 0.9647108135801373 377
1633952977533 0.9656970862186316 378
1633953011300 0.9659266616358901 379
1633953052582 0.9662401603929924 380
1633953088445 0.9664091630415483 381
1633953125905 0.9662750706528173 382
1633953159734 0.9662540320194128 383
1633953192915 0.9656115445223722 384
1633953226704 0.9655239220821497 385
1633953261537 0.9671908291903409 386
1633953295901 0.9654908613725142 387
1633953329922 0.9661342736446497 388
1633953362738 0.9669834483753551 389
1633953395669 0.9661014441287878 390
1633953428808 0.9668130585641572 391
1633953462430 0.9663744839754972 392
1633953510352 0.9660367098721591 393
1633953544477 0.9668699322324811 394
1633953577964 0.9650148333925189 395
1633953611372 0.9664586385091146 396
1633953648270 0.9663146047881155 397
1633953686166 0.9657037908380682 398
1633953720493 0.9657900261156487 399
1633953759381 0.9660216822768702 400
1633953794961 0.9657440185546875 401
1633953830360 0.9644375425396543 402
1633953865594 0.9648234049479166 403
1633953900686 0.9659037734522964 404
1633953933908 0.9654041637073864 405
1633953967725 0.9653281009558475 406
1633954001605 0.9658464373964252 407
1633954034658 0.9659652709960938 408
1633954068064 0.965410174745502 409
1633954106175 0.9668156016956676 410
1633954140198 0.9659077037464489 411
1633954173157 0.9666211677320076 412
1633954206297 0.9662917166045217 413
1633954239561 0.9666468302408854 414
1633954273230 0.9655315514766809 415
1633954306817 0.96733486291134 416
1633954340191 0.9661308057380446 417
1633954373590 0.9658966064453125 418
1633954406796 0.966310674493963 419
1633954442692 0.9662380796490293 420
1633954476206 0.965547735040838 421
1633954509432 0.9662126483339252 422
1633954542861 0.9663404984907671 423
1633954576714 0.9662683660333807 424
1633954610258 0.9654531767874053 425
1633954643214 0.9657111890388258 426
1633954676826 0.9655914306640625 427
1633954710562 0.9651195641719934 428
1633954743909 0.9654702851266572 429
1633954777356 0.9656913063742898 430
1633954811305 0.9666146943063447 431
1633954844531 0.9646802960020123 432
1633954877862 0.9652640602805398 433
1633954911394 0.9658922137636127 434
1633954944801 0.9652559684984612 435
1633954978454 0.9656492291074811 436
1633955011755 0.9649015484434186 437
1633955045386 0.9662921789920691 438
1633955078718 0.965809677586411 439
1633955114888 0.9657497983990293 440
1633955148582 0.966347665497751 441
1633955182193 0.9658045913233901 442
1633955215623 0.9655736287434896 443
1633955249418 0.9660302364464962 444
1633955283184 0.9652948090524385 445
1633955316809 0.9663005019679214 446
1633955350294 0.9669478445342092 447
1633955387339 0.9660732384883997 448
1633955420828 0.9657874829841383 449
1633955454360 0.9656163995916193 450
1633955488162 0.96564853552616 451
1633955521417 0.965871406323982 452
1633955555101 0.9659292047674005 453
1633955588734 0.9653239394679214 454
1633955622151 0.966685439601089 455
1633955659329 0.9668216127337832 456
1633955693561 0.9665899565725615 457
1633955726786 0.9666685624556108 458
1633955760193 0.9666988488399622 459
1633955796477 0.9663196910511364 460
1633955830359 0.9655722415808475 461
1633955863847 0.966431357643821 462
1633955897441 0.9664276585434423 463
1633955931022 0.9661130038174716 464
1633955964923 0.9661204020182291 465
1633955998686 0.9662937973484849 466
1633956032338 0.9659525553385416 467
1633956066739 0.9667469371448864 468
1633956100656 0.966439911813447 469
1633956134219 0.9652982769590436 470
1633956167969 0.9661303433504972 471
1633956201715 0.9666660193241003 472
1633956236130 0.9659030798709753 473
1633956270024 0.9659488562381628 474
1633956303514 0.9662359989050663 475
1633956337292 0.9666981552586411 476
1633956370945 0.9665254535097064 477
1633956404421 0.9659823793353457 478
1633956438695 0.9665261470910275 479
1633956475191 0.965190771854285 480
1633956509148 0.9645048199277936 481
1633956543012 0.9656913063742898 482
1633956577264 0.9661197084369082 483
1633956610968 0.9663918235085227 484
1633956644543 0.9657583525686553 485
1633956678376 0.9667430068507339 486
1633956712084 0.9659255056670217 487
1633956746158 0.9660172895951704 488
1633956780118 0.9657070275508997 489
1633956813825 0.9656772035540957 490
1633956847713 0.9656686493844697 491
1633956881626 0.9660115097508286 492
1633956915805 0.9653858993992661 493
1633956949388 0.9657666755445076 494
1633956983326 0.9659897775361033 495
1633957017781 0.9656723484848485 496
1633957051676 0.9660207575017755 497
1633957085369 0.9663025827118845 498
1633957119613 0.9669339729077888 499
1633957156693 0.9662861679539536 500
1633957190917 0.9661622480912642 501
1633957225041 0.9667781483043324 502
1633957258885 0.966966571229877 503
1633957293235 0.9663684729373816 504
1633957327363 0.9664514715021307 505
1633957361628 0.9659997188683712 506
1633957395353 0.966044570460464 507
1633957429486 0.9673998283617424 508
1633957468262 0.9685289787523674 509
1633957506732 0.9673882686730587 510
1633957541540 0.9669526996034564 511
1633957575662 0.9665996667110559 512
1633957609491 0.9672342936197916 513
1633957643817 0.9664743596857245 514
1633957678368 0.9666717991684423 515
1633957712312 0.9672259706439394 516
1633957746066 0.9665871822472775 517
1633957780917 0.9665652188387784 518
1633957815110 0.9665127378521543 519
1633957851883 0.9670121164032908 520
1633957886377 0.9670361605557528 521
1633957920874 0.9661536939216383 522
1633957955234 0.9663798014322916 523
1633957989711 0.9663966785777699 524
1633958023822 0.9667497114701704 525
1633958057769 0.965635126287287 526
1633958092542 0.9668451944986979 527
1633958126593 0.9659377589370265 528
1633958160689 0.966094970703125 529
1633958194910 0.9660905780214252 530
1633958229137 0.9661150845614347 531
1633958263521 0.9664947047378077 532
1633958297865 0.9667316783558239 533
1633958332334 0.9667737556226326 534
1633958366737 0.9657197432084517 535
1633958401101 0.9660237630208334 536
1633958435820 0.9657313028971354 537
1633958470417 0.9657858646277225 538
1633958504389 0.9663002707741477 539
1633958541564 0.9664720477479877 540
1633958575894 0.9664336695815577 541
1633958610560 0.9658686319986979 542
1633958645358 0.9667402325254498 543
1633958679517 0.9668447321111505 544
1633958713848 0.9664459228515625 545
1633958748470 0.9669050736860796 546
1633958783051 0.9664734349106298 547
1633958817458 0.9664202603426847 548
1633958852318 0.9661185524680398 549
1633958886935 0.9666248668323864 550
1633958921340 0.9669071544300426 551
1633958956074 0.96570957068241 552
1633958990492 0.9668583725437974 553
1633959024772 0.9657745361328125 554
1633959059166 0.9666109952059659 555
1633959093877 0.9666875203450521 556
1633959128601 0.966877792820786 557
1633959163109 0.9655851884321733 558
1633959197221 0.9663733280066288 559
1633959234917 0.966932354551373 560
1633959269500 0.966605215361624 561
1633959304030 0.9668507431492661 562
1633959338514 0.9671841245709043 563
1633959372903 0.966459100896662 564
1633959407275 0.9664130933357008 565
1633959441778 0.9658219308564158 566
1633959476382 0.966611688787287 567
1633959511201 0.966951543634588 568
1633959545817 0.9667966438062263 569
1633959580697 0.9667420820756392 570
1633959615027 0.9667360710375237 571
1633959649375 0.9669883034446023 572
1633959684676 0.9660827174331202 573
1633959719645 0.9677105527935606 574
1633959754103 0.9664348255504261 575
1633959789052 0.9670178962476326 576
1633959823597 0.9676462809244791 577
1633959858353 0.9666731863310842 578
1633959893186 0.9661176276929451 579
1633959930530 0.9658783421371923 580
1633959965282 0.966147451689749 581
1633960000115 0.9670985828746449 582
1633960034688 0.9664355191317472 583
1633960069443 0.9670049493963068 584
1633960104707 0.966715957179214 585
1633960139572 0.9670652909712358 586
1633960174228 0.9665804776278409 587
1633960208975 0.9669744318181818 588
1633960244026 0.9667233553799716 589
1633960278907 0.9671457464044745 590
1633960313919 0.9673145178592566 591
1633960348800 0.9672754461115057 592
1633960384049 0.967245390920928 593
1633960419430 0.9670294559363163 594
1633960454145 0.9671760327888258 595
1633960488615 0.9677591034860322 596
1633960523552 0.9658977624141809 597
1633960558212 0.966746474757339 598
1633960593438 0.9666690248431582 599
1633960631128 0.9656908439867424 600
1633960666347 0.9674451423413826 601
1633960701534 0.9672835378935842 602
1633960736749 0.9660024931936553 603
1633960772197 0.967263192841501 604
1633960807128 0.9674245660955255 605
1633960842232 0.967498779296875 606
1633960877259 0.9666798909505209 607
1633960911964 0.9665238351532908 608
1633960947290 0.9654987219608191 609
1633960983010 0.9657964995413115 610
1633961017934 0.9662956468986742 611
1633961053324 0.9673626061641809 612
1633961088697 0.9665152809836648 613
1633961123924 0.9671256325461648 614
1633961159341 0.9670444835316051 615
1633961194408 0.9662924101858428 616
1633961229266 0.9667719060724432 617
1633961264490 0.9662736834901752 618
1633961299730 0.965872793486624 619
1633961337740 0.9664186419862689 620
1633961373344 0.9667293664180872 621
1633961408336 0.9670953461618135 622
1633961443377 0.9669434518525095 623
1633961478636 0.9668729377515388 624
1633961514006 0.9671795006954309 625
1633961549201 0.9664142493045691 626
1633961584514 0.9662364612926136 627
1633961619694 0.9672067815607245 628
1633961655158 0.9673313950047349 629
1633961694938 0.9678319295247396 630
1633961735199 0.9669251875443892 631
1633961770993 0.9674890691583807 632
1633961806234 0.9677214189009233 633
1633961853191 0.9674086137251421 634
1633961901909 0.9665513472123579 635
1633961937151 0.9655063513553503 636
1633961972585 0.9668592973188921 637
1633962007774 0.9664732037168561 638
1633962042994 0.9665545839251894 639
1633962081035 0.966858603737571 640
1633962116620 0.9674236413204309 641
1633962152630 0.9665152809836648 642
1633962190296 0.9663680105498342 643
1633962225941 0.9670333862304688 644
1633962260996 0.966970732717803 645
1633962301270 0.9658697879675663 646
1633962340649 0.9670740763346354 647
1633962376278 0.967210711854877 648
1633962412444 0.9673182169596354 649
1633962447806 0.9672079375295928 650
1633962482990 0.9674856012517755 651
1633962518645 0.9674204046075995 652
1633962554032 0.9673406427556818 653
1633962589168 0.9663892803770123 654
1633962624668 0.9669529307972301 655
1633962659855 0.9671563813180635 656
1633962698213 0.966855829412287 657
1633962734166 0.96764003869259 658
1633962769340 0.9667154947916666 659
1633962807489 0.9671006636186079 660
1633962843043 0.9668967507102273 661
1633962878769 0.9672051632043087 662
1633962919980 0.9672338312322443 663
1633962955702 0.966725204930161 664
1633962991330 0.9665874134410511 665
1633963027086 0.9666195493755918 666
1633963062413 0.9666514541163589 667
1633963097941 0.9677549419981061 668
1633963133446 0.9660794807202888 669
1633963169033 0.9668431137547349 670
1633963204632 0.9667506362452651 671
1633963240286 0.9671277132901278 672
1633963275849 0.9664780587861033 673
1633963311512 0.9669674960049716 674
1633963346798 0.9662350741299716 675
1633963382790 0.9675521850585938 676
1633963418264 0.9673330133611505 677
1633963453613 0.9671249389648438 678
1633963489432 0.9671064434629498 679
1633963527851 0.9671237829959753 680
1633963563452 0.9669510812470408 681
1633963598922 0.9682129368637548 682
1633963634745 0.9675057151100852 683
1633963670473 0.9662237456350615 684
1633963706168 0.9667221994111033 685
1633963741862 0.9675780787612452 686
1633963778002 0.9673919677734375 687
1633963813678 0.9674460671164773 688
1633963850294 0.9672164916992188 689
1633963885858 0.9668972130977747 690
1633963921523 0.9675195867365057 691
1633963957547 0.9672976407137784 692
1633963993386 0.9667795354669745 693
1633964029517 0.9672907049005682 694
1633964065363 0.9675607392282197 695
1633964101278 0.9677556355794271 696
1633964136981 0.9677685824307528 697
1633964173569 0.9675318400065104 698
1633964209621 0.9676700938831676 699
1633964248607 0.9679329612038352 700
1633964284682 0.9675269849372633 701
1633964320348 0.967285849831321 702
1633964357420 0.9668528238932291 703
1633964393674 0.9673450354373816 704
1633964429812 0.9677884650952888 705
1633964465890 0.9672786828243372 706
1633964501566 0.9674911499023438 707
1633964537410 0.9677789861505682 708
1633964573338 0.9680769949248342 709
1633964609413 0.9676985307173296 710
1633964645645 0.9673119747277462 711
1633964681462 0.9670995076497396 712
1633964717470 0.967710321599787 713
1633964752942 0.9674858324455492 714
1633964789135 0.9675602768406724 715
1633964825622 0.9668213815400095 716
1633964861637 0.967510107791785 717
1633964897116 0.9668542110558712 718
1633964933426 0.9673824888287168 719
1633964972611 0.9670384724934896 720
1633965008825 0.966552040793679 721
1633965045037 0.966654922022964 722
1633965081566 0.9665790904651989 723
1633965117899 0.9670373165246212 724
1633965154426 0.9665326205166903 725
1633965190474 0.9670128099846117 726
1633965226357 0.9671330307469224 727
1633965262705 0.9674740415630918 728
1633965298795 0.9669214884440104 729
1633965335200 0.966867851488518 730
1633965371384 0.9666914506392046 731
1633965407938 0.966432744806463 732
1633965444101 0.9662697531960227 733
1633965481844 0.9669046112985322 734
1633965517630 0.9666361953272964 735
1633965554390 0.9665758537523674 736
1633965590788 0.9667321407433712 737
1633965627102 0.9666588523171165 738
1633965663170 0.9672641176165957 739
1633965702218 0.967027606386127 740
1633965738613 0.967214873342803 741
1633965775282 0.9674573956113873 742
1633965811827 0.967518661961411 743
1633965848384 0.9675397005948153 744
1633965884594 0.965361855246804 745
1633965920711 0.9666731863310842 746
1633965956990 0.9677195693507339 747
1633965993402 0.9674717296253551 748
1633966029433 0.9673526648319128 749
1633966065807 0.9675753044359612 750
1633966102214 0.9666650945490057 751
1633966138382 0.9675390070134943 752
1633966174751 0.9667897079930161 753
1633966210914 0.9678384029504025 754
1633966262011 0.9671818126331676 755
1633966298108 0.9675949559067235 756
1633966335673 0.9678085789535985 757
1633966371934 0.9669852979255446 758
1633966408481 0.9669476133404356 759
1633966447783 0.9668553670247396 760
1633966485802 0.9674176302823153 761
1633966522277 0.9675422437263258 762
1633966560331 0.9675706805604877 763
1633966596834 0.9680966463955966 764
1633966633298 0.9673926613547585 765
1633966669725 0.9674301147460938 766
1633966706594 0.9664738972981771 767
1633966745061 0.9670165090849905 768
1633966781461 0.9672294385505446 769
1633966818170 0.9673838759913589 770
1633966854762 0.9676696314956202 771
1633966891047 0.9664826826615767 772
1633966928601 0.9668229998964252 773
1633966964966 0.9665210608280066 774
1633967001748 0.967294404000947 775
1633967038626 0.9670856360233191 776
1633967075242 0.9672821507309423 777
1633967111881 0.967337637236624 778
1633967148532 0.9670301495176373 779
1633967188062 0.9674525405421401 780
1633967225147 0.9671841245709043 781
1633967263250 0.9673311638109612 782
1633967303394 0.9665763161399148 783
1633967340682 0.9676543727065577 784
1633967392232 0.9674578579989347 785
1633967429218 0.9670396284623579 786
1633967466014 0.9672971783262311 787
1633967503446 0.967265273585464 788
1633967540964 0.9667719060724432 789
1633967577746 0.9667594216086648 790
1633967616595 0.9677059289180872 791
1633967659481 0.9668017300692472 792
1633967696761 0.9674386689157197 793
1633967733875 0.9674349698153409 794
1633967777242 0.9673346317175663 795
1633967813680 0.9671700217507102 796
1633967850245 0.9666583899295691 797
1633967890326 0.9667996493252841 798
1633967927038 0.9668708570075758 799
1633967969670 0.966672723943537 800
1633968007604 0.9672941728071733 801
1633968045206 0.9668909708658854 802
1633968087018 0.9672157981178977 803
1633968124249 0.9665659124200995 804
1633968165003 0.9674167055072207 805
1633968202688 0.9666218613133286 806
1633968239514 0.9662216648910985 807
1633968276357 0.9668743249141809 808
1633968313328 0.9669113159179688 809
1633968350112 0.9672661983605587 810
1633968387007 0.9660607540246212 811
1633968424006 0.9674698800751658 812
1633968460767 0.9668334036162405 813
1633968497476 0.9670158155036696 814
1633968534258 0.9666324962269176 815
1633968573895 0.9670877167672822 816
1633968610600 0.966775605172822 817
1633968650578 0.9670967333244554 818
1633968687365 0.967284462668679 819
1633968727958 0.966916864568537 820
1633968765999 0.9667890144116951 821
1633968804633 0.9667198874733665 822
1633968842054 0.9666355017459753 823
1633968879283 0.9666771166252367 824
1633968916413 0.9677410703716856 825
1633968953497 0.9671344179095644 826
1633968990284 0.9660767063950048 827
1633969027849 0.9671344179095644 828
1633969065005 0.9673676924272017 829
1633969102284 0.9665212920217803 830
1633969138866 0.9671931411280776 831
1633969175837 0.9672576441909327 832
1633969212905 0.9668604532877604 833
1633969249954 0.9671790383078835 834
1633969286665 0.9666949185458097 835
1633969323617 0.9667295976118608 836
1633969361092 0.966644287109375 837
1633969397866 0.9669457637902462 838
1633969434674 0.9669311985825048 839
1633969474225 0.9673831824100378 840
1633969512755 0.9670692212653883 841
1633969550791 0.9663733280066288 842
1633969589015 0.9663074377811316 843
1633969626957 0.9667279792554451 844
1633969664133 0.9670412468187737 845
1633969701585 0.9667790730794271 846
1633969738608 0.9662073308771307 847
1633969775968 0.966749249082623 848
1633969812878 0.9668086658824574 849
1633969850142 0.9663333314837832 850
1633969887181 0.9666170062440814 851
1633969924504 0.9668301669034091 852
1633969961585 0.966500946969697 853
1633969998844 0.966632958614465 854
1633970035939 0.9666951497395834 855
1633970075880 0.9658778797496449 856
1633970113070 0.9667728308475378 857
1633970154810 0.9670352357806582 858
1633970192253 0.9670588175455729 859
1633970231858 0.9672349872011127 860
1633970270144 0.9673179857658617 861
1633970308130 0.9665783968838778 862
1633970345561 0.9666257916074811 863
1633970383683 0.9671859741210938 864
1633970421310 0.9675824714429451 865
1633970459658 0.9678744691790957 866
1633970497105 0.9674039898496686 867
1633970534987 0.9676418882427793 868
1633970572331 0.9675981926195549 869
1633970609680 0.966471122972893 870
1633970647008 0.9673968228426847 871
1633970684374 0.9660901156338778 872
1633970722006 0.9659816857540247 873
1633970765917 0.9675003976532908 874
1633970807151 0.9674812085700758 875
1633970844336 0.9670528065074574 876
1633970882641 0.966627178770123 877
1633970919736 0.9672278201941288 878
1633970959895 0.9675581960967092 879
1633971014554 0.9676855838660038 880
1633971053814 0.9675422437263258 881
1633971092084 0.9676955251982717 882
1633971129964 0.9678395589192709 883
1633971167824 0.9675013224283854 884
1633971205655 0.9661520755652225 885
1633971243390 0.966522910378196 886
1633971281064 0.9669344352953362 887
1633971318815 0.9670900287050189 888
1633971356484 0.9668893525094697 889
1633971394257 0.9670107292406487 890
1633971431737 0.9676220055782434 891
1633971469610 0.9677276611328125 892
1633971507350 0.967611601858428 893
1633971544812 0.9673080444335938 894
1633971588554 0.9675681374289773 895
1633971631952 0.9676331028793798 896
1633971669215 0.9658801916873816 897
1633971707099 0.9668276237718987 898
1633971744270 0.96636962890625 899
1633971784789 0.9674923058712122 900
1633971823065 0.9667013919714725 901
1633971860809 0.9673066572709517 902
1633971898965 0.966962872129498 903
1633971936890 0.9668759432705966 904
1633971974882 0.9672162605054451 905
1633972012359 0.9673528960256865 906
1633972050124 0.9673804080847538 907
1633972088251 0.9672188036369554 908
1633972125908 0.9669533931847775 909
1633972163200 0.9670902598987926 910
1633972201300 0.9665488040808475 911
1633972239266 0.9669064608487216 912
1633972276671 0.9673371748490767 913
1633972314352 0.9662124171401515 914
1633972352253 0.9671321059718276 915
1633972390278 0.9672648111979166 916
1633972427567 0.9673669988458807 917
1633972465312 0.967293710419626 918
1633972506708 0.9679914532285748 919
1633972547666 0.9670086484966856 920
1633972586094 0.9668042732007576 921
1633972627840 0.9671244765772964 922
1633972666342 0.9671506014737216 923
1633972704393 0.9666507605350378 924
1633972742469 0.9674169367009943 925
1633972780255 0.9673850319602273 926
1633972818401 0.967254638671875 927
1633972855814 0.9669466885653409 928
1633972893954 0.9669788244998816 929
1633972934189 0.9673882686730587 930
1633972971695 0.9672911672881155 931
1633973010007 0.9674204046075995 932
1633973047749 0.9664623376094934 933
1633973085886 0.9664646495472301 934
1633973123857 0.9666373512961648 935
1633973161932 0.967191522771662 936
1633973199698 0.9666900634765625 937
1633973237454 0.9668701634262548 938
1633973275953 0.9671785759203362 939
1633973316713 0.9674765846946023 940
1633973356021 0.9675027095910275 941
1633973394591 0.9673753218217329 942
1633973434310 0.9671462087920217 943
1633973473163 0.9666997736150568 944
1633973511841 0.9669214884440104 945
1633973550813 0.9673001838452888 946
1633973589014 0.9667709812973485 947
1633973627587 0.9664373686819365 948
1633973666093 0.9673533584132339 949
1633973704067 0.9671577684807054 950
1633973742126 0.9677595658735796 951
1633973779733 0.9670645973899148 952
1633973818490 0.966960097804214 953
1633973859689 0.9670504945697207 954
1633973897830 0.9672666607481061 955
1633973935550 0.9664849945993135 956
1633973973586 0.966704628684304 957
1633974011417 0.9667709812973485 958
1633974050638 0.9670035622336648 959
1633974091668 0.9671198527018229 960
1633974130763 0.9672731341737689 961
1633974169796 0.9672920920632102 962
1633974209077 0.9667510986328125 963
1633974247794 0.9673337069424716 964
1633974286875 0.9674250284830729 965
1633974326640 0.9676751801461885 966
1633974365349 0.9671795006954309 967
1633974403927 0.9677722815311316 968
1633974443741 0.9674837517015862 969
1633974482456 0.9676821159593987 970
1633974521071 0.9678432580196497 971
1633974559818 0.9679158528645834 972
1633974597969 0.967032461455374 973
1633974636026 0.9673045765269886 974
1633974674357 0.9678171331232245 975
1633974712726 0.9674599387428977 976
1633974751497 0.9667915575432054 977
1633974790235 0.9677142518939394 978
1633974828163 0.9676532167376894 979
1633974872028 0.9677394520152699 980
1633974911785 0.9677845348011364 981
1633974951094 0.9684226296164773 982
1633974990460 0.9673771713719224 983
1633975030250 0.967946601636482 984
1633975079202 0.9678409460819128 985
1633975118199 0.968170166015625 986
1633975175896 0.9680078679865057 987
1633975214581 0.9680453213778409 988
1633975264342 0.9681433475378788 989
1633975303323 0.9677211877071497 990
1633975342067 0.9676774920839252 991
1633975381134 0.967725811582623 992
1633975419662 0.9673757842092803 993
1633975458218 0.9679468328302557 994
1633975511249 0.9669896906072443 995
1633975550099 0.9674340450402462 996
1633975589038 0.9671034379438921 997
1633975627679 0.967132568359375 998
1633975666170 0.9675209738991477 999
1633975707884 0.9681676228841146 1000
1633975746944 0.9677986376213304 1001
1633975785850 0.9672685102982954 1002
1633975824850 0.9681826504794034 1003
1633975865108 0.9679953835227273 1004
1633975904534 0.9674932306463068 1005
1633975942987 0.9676344900420217 1006
1633975982907 0.9682661114316998 1007
1633976021940 0.9677406079841383 1008
1633976060875 0.9679958459102747 1009
1633976100728 0.9677695072058475 1010
1633976141069 0.9683708422111742 1011
1633976180855 0.9683382438890862 1012
1633976220537 0.9682247277462122 1013
1633976259239 0.9678504250266335 1014
1633976298964 0.9676855838660038 1015
1633976337958 0.9681955973307291 1016
1633976377064 0.9680726022431345 1017
1633976416772 0.9675517226710464 1018
1633976455881 0.968059424198035 1019
1633976497711 0.968339862245502 1020
1633976537159 0.9678920399058949 1021
1633976576690 0.9682097001509233 1022
1633976616322 0.9679697210138495 1023
1633976656650 0.9680203524502841 1024
1633976696690 0.9677308978456439 1025
1633976735934 0.9676828095407197 1026
1633976780318 0.9681583751331676 1027
1633976819805 0.9678793242483428 1028
1633976859570 0.967570449366714 1029
1633976898616 0.9684730298591383 1030
1633976937349 0.968434882886482 1031
1633976977188 0.9674721920129025 1032
1633977021558 0.9679685650449811 1033
1633977060870 0.9680728334369082 1034
1633977100406 0.9676268606474905 1035
1633977139901 0.9680203524502841 1036
1633977178961 0.9681213841293798 1037
1633977219137 0.968058037035393 1038
1633977259029 0.9680855490944602 1039
1633977301172 0.9682473847360322 1040
1633977341970 0.967721650094697 1041
1633977381846 0.9676331028793798 1042
1633977421734 0.9675575025153883 1043
1633977461075 0.9674148559570312 1044
1633977500738 0.967252557927912 1045
1633977541247 0.9678150523792614 1046
1633977580918 0.9674978545217803 1047
1633977620330 0.9673390243992661 1048
1633977659773 0.9678913463245739 1049
1633977699282 0.9672102494673296 1050
1633977738214 0.9678673021721117 1051
1633977777853 0.9675214362866951 1052
1633977817892 0.9676897453539299 1053
1633977857403 0.9681144483161696 1054
1633977897743 0.9679079922762784 1055
1633977937421 0.9679140033143939 1056
1633977976822 0.9676203872218276 1057
1633978016091 0.9672981031013258 1058
1633978055070 0.9677059289180872 1059
1633978097338 0.967698993104877 1060
1633978138186 0.9675258289683949 1061
1633978178106 0.9673092004024622 1062
1633978217337 0.9676134514086174 1063
1633978258023 0.9676495176373106 1064
1633978298645 0.9677951697147253 1065
1633978338464 0.9675794659238873 1066
1633978378767 0.9672292073567709 1067
1633978420420 0.9674904563210227 1068
1633978460212 0.967287236993963 1069
1633978499706 0.9667344526811079 1070
1633978540137 0.9672842314749053 1071
1633978580177 0.9670854048295454 1072
1633978621638 0.9672735965613163 1073
1633978661847 0.9666426687529592 1074
1633978701661 0.9671998457475142 1075
1633978741534 0.967344110662287 1076
1633978781341 0.9677087032433712 1077
1633978821086 0.9680638168797349 1078
1633978861398 0.9678418708570076 1079
1633978904000 0.9677211877071497 1080
1633978944630 0.9678966637813684 1081
1633978984620 0.9680212772253788 1082
1633979025687 0.9679001316879735 1083
1633979065472 0.9678081165660511 1084
1633979106066 0.9679697210138495 1085
1633979147275 0.9670842488606771 1086
1633979189171 0.9677970192649148 1087
1633979228734 0.9678055734345408 1088
1633979268939 0.9678088101473722 1089
1633979308866 0.9667938694809423 1090
1633979349508 0.9670488762133049 1091
1633979388634 0.9668260054154829 1092
1633979429487 0.966452627470999 1093
1633979469534 0.9666935313831676 1094
1633979510093 0.9668893525094697 1095
1633979550917 0.966829473322088 1096
1633979590912 0.9662829312411222 1097
1633979630750 0.9672629616477273 1098
1633979670377 0.9668764056581439 1099
1633979712741 0.9672624992601799 1100
1633979752492 0.9668546734434186 1101
1633979792869 0.9670340798117898 1102
1633979832874 0.9671168471827651 1103
1633979872828 0.9667111021099668 1104
1633979913100 0.9670578927704783 1105
1633979953000 0.9674389001094934 1106
1633979994079 0.9669392903645834 1107
1633980034266 0.9664040767785275 1108
1633980074651 0.9669420646898674 1109
1633980115234 0.966938134395715 1110
1633980156285 0.9671279444839015 1111
1633980197205 0.9667924823183002 1112
1633980237661 0.9673304702296401 1113
1633980278223 0.9662156538529829 1114
1633980318698 0.9674305771336411 1115
1633980359981 0.9670128099846117 1116
1633980402074 0.9671718713008997 1117
1633980443905 0.9672120990175189 1118
1633980485122 0.9673764777906013 1119
1633980528032 0.9671769575639204 1120
1633980568897 0.967447685472893 1121
1633980609415 0.967670556270715 1122
1633980649641 0.9671885172526041 1123
1633980689426 0.9665490352746212 1124
1633980729497 0.9672800699869791 1125
1633980769504 0.9673226096413352 1126
1633980810003 0.9671369610410748 1127
1633980849991 0.9672299009380918 1128
1633980891269 0.9669966264204546 1129
1633980931883 0.9671612363873106 1130
1633980973251 0.9670627478397253 1131
1633981013871 0.9675050215287642 1132
1633981054629 0.9669002186168324 1133
1633981094753 0.9672657359730114 1134
1633981135433 0.9666713367808949 1135
1633981175610 0.9672419230143229 1136
1633981218089 0.9666826652758049 1137
1633981257794 0.9673533584132339 1138
1633981298301 0.9665897253787878 1139
1633981341282 0.9664040767785275 1140
1633981382854 0.9666213989257812 1141
1633981423406 0.9669106223366477 1142
1633981464563 0.9669797492749763 1143
1633981505270 0.9675480235706676 1144
1633981545457 0.9676680131392046 1145
1633981586208 0.9666089144620028 1146
1633981626926 0.9672798387932054 1147
1633981667381 0.9667508674390388 1148
1633981708564 0.9666831276633523 1149
1633981750180 0.9652451023910985 1150
1633981790534 0.9669039177172112 1151
1633981831113 0.9664970166755446 1152
1633981871596 0.9667367646188447 1153
1633981912018 0.9671230894146543 1154
1633981953813 0.966592499704072 1155
1633981994509 0.9665145874023438 1156
1633982035591 0.967001943877249 1157
1633982076156 0.966857216574929 1158
1633982117128 0.9668930516098485 1159
1633982160302 0.967027606386127 1160
1633982202327 0.9667409261067709 1161
1633982242650 0.967233368844697 1162
1633982283167 0.9667462435635653 1163
1633982323615 0.96672451134884 1164
1633982363947 0.9669127030806108 1165
1633982404388 0.9670687588778409 1166
1633982444797 0.9669094663677793 1167
1633982486778 0.9666852084073153 1168
1633982527084 0.9670782378225615 1169
1633982567712 0.967091415867661 1170
1633982608439 0.9671469023733428 1171
1633982650021 0.9659241185043798 1172
1633982691083 0.966585332697088 1173
1633982732440 0.966848662405303 1174
1633982772925 0.9676120642459753 1175
1633982816289 0.9675420125325521 1176
1633982857705 0.9675635135535038 1177
1633982899378 0.967681191184304 1178
1633982939970 0.9666625514174952 1179
1633982983246 0.9672497836026278 1180
1633983025694 0.9662399291992188 1181
1633983066953 0.9666077584931345 1182
1633983107809 0.9672971783262311 1183
1633983148386 0.9674354322028883 1184
1633983189795 0.9670044870087595 1185
1633983230726 0.9674439863725142 1186
1633983272318 0.9672472404711174 1187
1633983313391 0.9673538208007812 1188
1633983354130 0.9660008748372396 1189
1633983395772 0.9672777580492424 1190
1633983436952 0.967559120871804 1191
1633983478300 0.9672888553503788 1192
1633983519018 0.9676763361150568 1193
1633983560833 0.9673827200224905 1194
1633983601566 0.9672185724431818 1195
1633983642174 0.9672842314749053 1196
1633983683961 0.9671903668027936 1197
1633983725745 0.9668509743430398 1198
1633983766530 0.9674289587772253 1199
1633983810933 0.9670243696732954 1200
1633983852215 0.9673734722715436 1201
1633983893636 0.9678185202858665 1202
1633983935118 0.9675295280687737 1203
1633983976249 0.9678950454249526 1204
1633984016792 0.9677466190222538 1205
1633984058351 0.9673140554717092 1206
1633984099320 0.9674758911132812 1207
1633984140183 0.9668930516098485 1208
1633984181813 0.967304345333215 1209
1633984222753 0.9671011260061553 1210
1633984263779 0.9671242453835227 1211
1633984305066 0.9678705388849432 1212
1633984346930 0.9676927508729877 1213
1633984388877 0.9673533584132339 1214
1633984429845 0.9675584272904829 1215
1633984470770 0.9677466190222538 1216
1633984512116 0.9672729029799952 1217
1633984554024 0.9678092725349196 1218
1633984595268 0.9673602942264441 1219
1633984639685 0.9675956494880446 1220
1633984683214 0.9677251180013021 1221
1633984727045 0.9675151940548059 1222
1633984768518 0.9673330133611505 1223
1633984810137 0.9675040967536696 1224
1633984851275 0.9674053770123106 1225
1633984892454 0.9675304528438684 1226
1633984933322 0.9677191069631865 1227
1633984974469 0.967691132516572 1228
1633985016183 0.9677211877071497 1229
1633985057826 0.9676765673088304 1230
1633985099467 0.9677419951467803 1231
1633985140808 0.9672060879794034 1232
1633985182372 0.967313593084162 1233
1633985224191 0.9676596901633523 1234
1633985266484 0.9676673195578835 1235
1633985307232 0.9672694350733901 1236
1633985349204 0.967592412775213 1237
1633985390961 0.9673517400568182 1238
1633985432211 0.9672125614050663 1239
1633985477730 0.9674053770123106 1240
1633985519142 0.9679995450106534 1241
1633985560758 0.9679854421904592 1242
1633985603007 0.9673915053858901 1243
1633985649101 0.9669575546727036 1244
1633985690433 0.9667714436848959 1245
1633985740046 0.9665728482333097 1246
1633985784948 0.9671455152107008 1247
1633985826730 0.9649184255888967 1248
1633985867701 0.9671788071141099 1249
1633985915006 0.96613681677616 1250
1633985956992 0.967254638671875 1251
1633985998746 0.9670146595348011 1252
1633986040843 0.9672634240352747 1253
1633986082012 0.9673045765269886 1254
1633986124821 0.9673295454545454 1255
1633986166006 0.9662329933860085 1256
1633986209401 0.9670236760919745 1257
1633986250514 0.9672301321318655 1258
1633986294059 0.9674301147460938 1259
1633986338356 0.9673272335168087 1260
1633986380536 0.9674298835523201 1261
1633986422260 0.9673087380149148 1262
1633986463420 0.967803261496804 1263
1633986504726 0.967682578346946 1264
1633986547088 0.9681475090258049 1265
1633986588621 0.9670521129261364 1266
1633986630437 0.9675348455255682 1267
1633986672173 0.9678044174656724 1268
1633986718829 0.9673889622543798 1269
1633986760852 0.967610908277107 1270
1633986803814 0.9674130064068418 1271
1633986845059 0.9677163326379025 1272
1633986887521 0.9678441827947443 1273
1633986932133 0.9675639759410511 1274
1633986977307 0.967172333688447 1275
1633987019141 0.9674677993312026 1276
1633987060854 0.9671203150893702 1277
1633987101838 0.9672557946407434 1278
1633987143302 0.9671339555220171 1279
1633987187536 0.9672555634469697 1280
1633987229261 0.9672132549863873 1281
1633987271243 0.9673949732924952 1282
1633987312592 0.9673864191228693 1283
1633987354176 0.9674659497810133 1284
1633987395919 0.967336943655303 1285
1633987437247 0.967836553400213 1286
1633987479919 0.9676178440903173 1287
1633987521405 0.967122627027107 1288
1633987563028 0.9671371922348485 1289
1633987604648 0.96754062536991 1290
1633987646318 0.9673018022017046 1291
1633987687953 0.9677001490737452 1292
1633987729993 0.9674624818744082 1293
1633987771356 0.9675339207504735 1294
1633987815061 0.9677586410984849 1295
1633987856510 0.9672153357303503 1296
1633987899221 0.9674345074277936 1297
1633987941169 0.9670340798117898 1298
1633987982838 0.9672661983605587 1299
1633988026828 0.9671230894146543 1300
1633988068806 0.9667580344460227 1301
1633988110632 0.9665062644264915 1302
1633988152212 0.9670017126834753 1303
1633988195716 0.9671522198301373 1304
1633988238219 0.9672798387932054 1305
1633988280183 0.9666246356386127 1306
1633988322536 0.9670093420780066 1307
1633988364253 0.9678180578983191 1308
1633988406069 0.9674037586558949 1309
1633988448708 0.9676261670661696 1310
1633988490590 0.9674664121685606 1311
1633988532161 0.9676592277758049 1312
1633988573629 0.9674728855942235 1313
1633988618114 0.9674046834309896 1314
1633988659304 0.9672160293116714 1315
1633988701819 0.9674102320815577 1316
1633988747595 0.96735751990116 1317
1633988789981 0.9669138590494791 1318
1633988831856 0.9674493038293087 1319
1633988876188 0.9675468676017992 1320
1633988918490 0.966936053651752 1321
1633988960653 0.9663957538026752 1322
1633989002569 0.9672761396928267 1323
1633989044551 0.9666567715731534 1324
1633989086460 0.9667635830965909 1325
1633989128605 0.9673949732924952 1326
1633989170505 0.9666951497395834 1327
1633989212952 0.9671628547437263 1328
1633989254662 0.9670169714725378 1329
1633989296473 0.9673006462328362 1330
1633989338305 0.9674488414417614 1331
1633989380037 0.9676987619111033 1332
1633989422086 0.967571142948035 1333
1633989464734 0.9672867746064158 1334
1633989506821 0.9674543900923296 1335
1633989548718 0.967327002323035 1336
1633989590981 0.9689365733753551 1337
1633989632826 0.9684938372987689 1338
1633989675502 0.968070059111624 1339
1633989721401 0.968036767208215 1340
1633989763817 0.9684325709487452 1341
1633989805949 0.9683444861209753 1342
1633989848668 0.9682103937322443 1343
1633989891140 0.9678740067915483 1344
1633989933319 0.9680085615678267 1345
1633989976102 0.9678004871715199 1346
1633990018142 0.9669531619910038 1347
1633990060739 0.9671989209724196 1348
1633990103212 0.9677454630533854 1349
1633990145428 0.9675655942974668 1350
1633990188066 0.9675209738991477 1351
1633990230992 0.967335556492661 1352
1633990273578 0.9679165464459043 1353
1633990316174 0.9676425818241003 1354
1633990358440 0.967632178104285 1355
1633990400327 0.967965790719697 1356
1633990442911 0.9674319642962832 1357
1633990484453 0.9677662704930161 1358
1633990528107 0.9668435761422822 1359
1633990573822 0.9674608635179924 1360
1633990617115 0.967672637014678 1361
1633990659718 0.9676564534505209 1362
1633990702280 0.9675991173946497 1363
1633990744870 0.9680305249763258 1364
1633990787507 0.9679960771040483 1365
1633990830240 0.9679646347508286 1366
1633990872592 0.9673066572709517 1367
1633990916201 0.9673734722715436 1368
1633990958574 0.9673200665098248 1369
1633991001088 0.9669270370945786 1370
1633991043328 0.9675401629823627 1371
1633991085522 0.9676092899206913 1372
1633991127776 0.9679292621034564 1373
1633991170160 0.967427802808357 1374
1633991212506 0.9671566125118372 1375
1633991254576 0.9678004871715199 1376
1633991296966 0.9677556355794271 1377
1633991339605 0.9677149454752604 1378
1633991381831 0.9674567020300663 1379
1633991426864 0.9679012876568418 1380
1633991470088 0.9675667502663352 1381
1633991512779 0.9669674960049716 1382
1633991555105 0.9675468676017992 1383
1633991597400 0.967742919921875 1384
1633991640060 0.9670803185665247 1385
1633991682657 0.9675901008374763 1386
1633991724794 0.967529296875 1387
1633991768954 0.9677207253196023 1388
1633991811402 0.96668613318241 1389
1633991854901 0.9674275716145834 1390
1633991896905 0.967134649103338 1391
