1633940992536 0.7494763461026278 1
1633941022934 0.8494084676106771 2
1633941053788 0.8985272031841856 3
1633941084847 0.9252733172792377 4
1633941115752 0.9309359463778409 5
1633941146646 0.9353309400153883 6
1633941177906 0.9450177279385653 7
1633941238753 0.937742059881037 9
1633941269998 0.9496510823567709 10
1633941300880 0.9509732795484138 11
1633941361561 0.9498912926876184 13
1633941393055 0.9529677882339015 14
1633941423934 0.9570543693773674 15
1633941485116 0.9564292214133523 17
1633941638487 0.9585321599786932 22
1633941728850 0.958129189231179 25
1633941878988 0.9605770689068418 30
1633942028164 0.9621258359966856 35
1633942148403 0.9620916193181818 39
1633942391187 0.9626432476621686 47
1633942451911 0.961831757516572 49
1633942662630 0.962473320238518 56
1633942846289 0.9629137443773674 62
1633942938002 0.9629299279415247 65
1633943149238 0.963420752323035 72
1633943394692 0.9624164465701941 80
1633943789705 0.964630126953125 93
1633944520706 0.9643758138020834 117
1633944583299 0.9637992165305398 119
1633945149842 0.9652781631007339 137
1633945249804 0.9656899192116477 140
1633945627784 0.9649931011777936 152
1633948139487 0.9661997014825995 231
1633952039266 0.9665111194957386 350
1633953468150 0.9663744839754972 392
1633955352301 0.9669478445342092 447
1633955624308 0.966685439601089 455
1633957432104 0.9673998283617424 508
1633957470728 0.9685289787523674 509
1633961697640 0.9678319295247396 630
1633961808738 0.9677214189009233 633
1633966213780 0.9678384029504025 754
1633967343840 0.9676543727065577 784
1633967619600 0.9677059289180872 791
1633967737437 0.9674349698153409 794
1633975033998 0.967946601636482 984
1633975126543 0.968170166015625 986
1633975462252 0.9679468328302557 994
