1633940992539 0.4712661162990191 1
1633941022938 0.5526771820203576 2
1633941053791 0.6207913162783546 3
1633941084851 0.6718739889299695 4
1633941115756 0.6863754118790067 5
1633941146650 0.7003821339734365 6
1633941177909 0.7145084248113063 7
1633941238757 0.7248356843869009 9
1633941270001 0.7337959325970125 10
1633941300884 0.7440127366019725 11
1633941361564 0.7453226489726451 13
1633941393059 0.7671272835349121 14
1633941423937 0.7744713242543273 15
1633941485120 0.7760380193532588 17
1633941638491 0.788505290585243 22
1633941728854 0.7914956168117908 25
1633941878991 0.797153358955395 30
1633942028167 0.7977459405807988 35
1633942148406 0.8041518783751026 39
1633942391190 0.8085682655128644 47
1633942451914 0.8087740119064145 49
1633942662634 0.8088744029154378 56
1633942846292 0.8111324868545572 62
1633942938005 0.8147197500747432 65
1633943149241 0.815184271427545 72
1633943394695 0.8197075452684864 80
1633943789709 0.8265006007990462 93
1633944520710 0.8265676794881915 117
1633944583302 0.8293814728458024 119
1633945149846 0.8295243298570761 137
1633945249807 0.8337674184707661 140
1633945627787 0.835940575183292 152
1633948139491 0.8387034550181336 231
1633952039274 0.8403913474510355 350
1633953468373 0.8415027781017316 392
1633955352304 0.842359559220443 447
1633955624311 0.8425038024225388 455
1633957432108 0.8443625861236725 508
1633957470731 0.8468430855498787 509
1633961697643 0.8484234315303248 630
1633961808741 0.8506668777121709 633
1633966213783 0.8522437615549543 754
1633967343844 0.8531430945789591 784
1633967619603 0.8534624034108459 791
1633967737440 0.8557681108526429 794
1633975034018 0.8561299937298534 984
1633975126561 0.8572147036964514 986
1633975462288 0.857439271293019 994
