1633940992162 0.4712661162990191 1
1633941022189 0.5526771820203576 2
1633941053027 0.6207913162783546 3
1633941084064 0.6718739889299695 4
1633941114975 0.6863754118790067 5
1633941145865 0.7003821339734365 6
1633941177148 0.7145084248113063 7
1633941208090 0.7126108697054764 8
1633941237965 0.7248356843869009 9
1633941269232 0.7337959325970125 10
1633941300086 0.7440127366019725 11
1633941330683 0.72465269305309 12
1633941360777 0.7453226489726451 13
1633941392285 0.7671272835349121 14
1633941423150 0.7744713242543273 15
1633941454520 0.7727049542681952 16
1633941484338 0.7760380193532588 17
1633941515465 0.7675533428867309 18
1633941545506 0.7627434713717897 19
1633941578464 0.7542768888772245 20
1633941608029 0.7594895341808026 21
1633941637575 0.788505290585243 22
1633941668533 0.7788704923874719 23
1633941698254 0.7788682270671935 24
1633941728008 0.7914956168117908 25
1633941759038 0.7905265486986631 26
1633941788448 0.7870869813586194 27
1633941818346 0.7747072883414317 28
1633941848059 0.7744669819044916 29
1633941877867 0.797153358955395 30
1633941909126 0.7945758512894711 31
1633941938754 0.763665449132002 32
1633941968341 0.7930912047016674 33
1633941997795 0.7967673256256684 34
1633942027334 0.7977459405807988 35
1633942058461 0.779322396121884 36
1633942088228 0.7958474144255595 37
1633942117832 0.7825315846053853 38
1633942147569 0.8041518783751026 39
1633942181110 0.785762740651144 40
1633942211028 0.7971326634433848 41
1633942240704 0.7877274582193574 42
1633942270565 0.8024004171444087 43
1633942300312 0.7965302048521188 44
1633942330383 0.8004037314634964 45
1633942360391 0.8023276775092582 46
1633942390297 0.8085682655128644 47
1633942421200 0.7960354861326772 48
1633942451028 0.8087740119064145 49
1633942482300 0.7923268528135504 50
1633942512248 0.7866724139186071 51
1633942542248 0.8056696583568003 52
1633942571896 0.7766344441220475 53
1633942601941 0.8037324311316648 54
1633942631879 0.806441730989474 55
1633942661745 0.8088744029154378 56
1633942693005 0.7949279233780918 57
1633942722948 0.8012393696117202 58
1633942752827 0.7935307624898602 59
1633942785551 0.8017658186821239 60
1633942815357 0.8020081339843346 61
1633942845306 0.8111324868545572 62
1633942876942 0.8074370973196834 63
1633942906984 0.8109344333728198 64
1633942937041 0.8147197500747432 65
1633942968512 0.8111586164929753 66
1633942998731 0.8059289882584307 67
1633943028427 0.8109609664450452 68
1633943058524 0.8030174464158072 69
1633943088410 0.8046446326626143 70
1633943118472 0.8002385507613262 71
1633943148289 0.815184271427545 72
1633943179706 0.7949422410041617 73
1633943209660 0.8009697025449375 74
1633943239678 0.8048522226571186 75
1633943270062 0.7866699238230012 76
1633943300129 0.8085564945484308 77
1633943330315 0.812663845417988 78
1633943360372 0.8014392000299606 79
1633943393690 0.8197075452684864 80
1633943425618 0.8113443573811818 81
1633943455721 0.8087277582684123 82
1633943486143 0.8017287765761005 83
1633943516252 0.8046881142955743 84
1633943546944 0.8174381082518315 85
1633943577538 0.788506335202031 86
1633943607601 0.8082123980706646 87
1633943637874 0.8080304144417755 88
1633943668177 0.8151213681426436 89
1633943698351 0.8178155910660097 90
1633943728559 0.8168084892033187 91
1633943758594 0.8148646937061216 92
1633943788673 0.8265006007990462 93
1633943820233 0.8171160551396258 94
1633943850315 0.8138287955816699 95
1633943880376 0.8038960988033927 96
1633943910591 0.8208369900523674 97
1633943940834 0.8036626297300268 98
1633943970885 0.8127724560413725 99
1633944003895 0.8162519116003023 100
1633944034122 0.8153029393571934 101
1633944064775 0.815149408216141 102
1633944095090 0.8210653575523195 103
1633944125241 0.81516517855426 104
1633944155550 0.8252106340871268 105
1633944185745 0.8232425383777219 106
1633944215980 0.8118221656206276 107
1633944246263 0.8123075041402483 108
1633944276750 0.8170063912047267 109
1633944307226 0.8209482882839749 110
1633944337575 0.8149111059574892 111
1633944367810 0.8108101522639759 112
1633944398356 0.8090228900716675 113
1633944428669 0.8185935861092638 114
1633944458819 0.8214077860923258 115
1633944489138 0.8248431853799346 116
1633944519686 0.8265676794881915 117
1633944551890 0.8231946730584161 118
1633944582236 0.8293814728458024 119
1633944616839 0.8243558730016372 120
1633944648127 0.8231643351745902 121
1633944679104 0.8068589654939118 122
1633944710260 0.8192733196166126 123
1633944741614 0.8241997993820549 124
1633944773285 0.8279023101817454 125
1633944804432 0.806105439552064 126
1633944835212 0.8222980901948442 127
1633944866286 0.8228378782114766 128
1633944897483 0.8247082417483563 129
1633944928625 0.8227972744504586 130
1633944960055 0.8171216784884713 131
1633944991266 0.8250067149782047 132
1633945022474 0.8225560365453146 133
1633945053654 0.82878033900154 134
1633945084902 0.8227435111373683 135
1633945116218 0.820866112397455 136
1633945148393 0.8295243298570761 137
1633945183441 0.8270263243704954 138
1633945214677 0.8249566243307793 139
1633945248607 0.8337674184707661 140
1633945282575 0.819035261476535 141
1633945314042 0.8241643418394777 142
1633945345401 0.8262438539988214 143
1633945377073 0.8217754769392016 144
1633945407990 0.824217361352283 145
1633945439406 0.82087425975025 146
1633945470418 0.8258044640840296 147
1633945501464 0.8213301855351994 148
1633945533088 0.8203142908658718 149
1633945564526 0.8222321186755474 150
1633945595577 0.823041646772257 151
1633945626526 0.835940575183292 152
1633945659811 0.8258783175946145 153
1633945690956 0.8283684567786271 154
1633945723171 0.8148613758490915 155
1633945754475 0.8280061288968223 156
1633945785761 0.8176468422140838 157
1633945817009 0.8350995114576285 158
1633945848153 0.8229308647470882 159
1633945882893 0.8242895725826804 160
1633945914882 0.8128321245662272 161
1633945946253 0.8215330696208014 162
1633945977656 0.8145657426728639 163
1633946009228 0.8212574200905045 164
1633946040677 0.8240220673730949 165
1633946072004 0.8257883386364921 166
1633946103229 0.821794163297652 167
1633946135203 0.8209642043060463 168
1633946166422 0.8302997009369791 169
1633946197733 0.8025099159290525 170
1633946228693 0.8279861680216011 171
1633946260010 0.8294146340511549 172
1633946292163 0.8283953996559121 173
1633946323376 0.8326129146429422 174
1633946354775 0.8177924503688832 175
1633946386293 0.8291465435571105 176
1633946417723 0.8240085291868215 177
1633946449122 0.8208924559350191 178
1633946481064 0.8269056857251238 179
1633946515003 0.8266254422540377 180
1633946546475 0.8271847760277509 181
1633946578329 0.8300696361122069 182
1633946609710 0.8314888164063744 183
1633946641697 0.8265734166871147 184
1633946673500 0.8234166205774082 185
1633946704886 0.8151245650346896 186
1633946736506 0.8264409375516991 187
1633946768022 0.8275216561806263 188
1633946800509 0.8269628245571212 189
1633946832125 0.8318374469081123 190
1633946863510 0.8149263540007162 191
1633946895009 0.8308700340255509 192
1633946926800 0.8188059674819279 193
1633946958541 0.8246310856294798 194
1633946990055 0.8289096727964919 195
1633947021462 0.8231075268040102 196
1633947053642 0.8292528614171508 197
1633947085041 0.8272853481058583 198
1633947117353 0.8243249967608047 199
1633947151812 0.8246645664602849 200
1633947183331 0.8283678636577784 201
1633947214670 0.8283216247770124 202
1633947246286 0.8268864637038252 203
1633947278103 0.8268179912665219 204
1633947309452 0.8178485029002674 205
1633947341145 0.8204633046743443 206
1633947372401 0.8159493909704298 207
1633947404150 0.8299960048281853 208
1633947435893 0.8239029563788396 209
1633947467385 0.8272921083215873 210
1633947498696 0.8294711695496729 211
1633947530201 0.8234103897479513 212
1633947561683 0.8326262324215922 213
1633947593085 0.8349224498961384 214
1633947624541 0.8279034538886223 215
1633947656190 0.8298516673688427 216
1633947687645 0.8295110439027833 217
1633947719271 0.8281415040769212 218
1633947750853 0.8223351431683922 219
1633947785217 0.8352458478747411 220
1633947816608 0.8307879460780558 221
1633947851427 0.8171138051564399 222
1633947883357 0.8334253937828457 223
1633947915141 0.8284968697145692 224
1633947946922 0.830011952975197 225
1633947978652 0.8267742656512714 226
1633948010217 0.8264578934136051 227
1633948042137 0.8284791744710169 228
1633948074057 0.8277364320624867 229
1633948105946 0.825450580770914 230
1633948137863 0.8387034550181336 231
1633948172097 0.826066271954859 232
1633948204481 0.836459943620696 233
1633948235762 0.8288392832920358 234
1633948267255 0.8320916461100852 235
1633948298918 0.8336541419448749 236
1633948330705 0.8362414191583815 237
1633948362858 0.8306401643783503 238
1633948394251 0.8318681054624897 239
1633948428525 0.8321139019223558 240
1633948460300 0.8335077645514596 241
1633948491975 0.8298030521488654 242
1633948523738 0.8297267048759901 243
1633948556622 0.8338329529628957 244
1633948592723 0.8327153790721853 245
1633948629075 0.8297002464340046 246
1633948662888 0.8257984833770581 247
1633948697278 0.8304978224207501 248
1633948730632 0.8269671838828647 249
1633948763111 0.8251521314228525 250
1633948796083 0.8238600042990548 251
1633948830238 0.8316331136821156 252
1633948865078 0.8288480753676009 253
1633948897682 0.8230147200924999 254
1633948929856 0.8279070358944065 255
1633948962005 0.8276409031949349 256
1633948993959 0.8260976465002313 257
1633949025910 0.8238641413296364 258
1633949058073 0.8331964394288142 259
1633949092980 0.8299196857216549 260
1633949124915 0.8368582763059852 261
1633949157506 0.8261748482986557 262
1633949189965 0.8286490079571326 263
1633949222474 0.8311611922432894 264
1633949254909 0.8342513395227472 265
1633949287167 0.8227106855234385 266
1633949319259 0.830769314588613 267
1633949351382 0.8291287711582115 268
1633949383529 0.8315138056223546 269
1633949415411 0.8317609325213913 270
1633949447489 0.8352169506060799 271
1633949479381 0.828382400292707 272
1633949511553 0.8351160931157174 273
1633949543550 0.8320777417113997 274
1633949575978 0.8268441753167581 275
1633949608540 0.8292763642346491 276
1633949640794 0.8309778595024037 277
1633949672862 0.8341919163302782 278
1633949704653 0.8350309876505054 279
1633949740109 0.8295709933466235 280
1633949772615 0.8248694213812311 281
1633949804871 0.8265037668295278 282
1633949837852 0.8250045965621942 283
1633949870441 0.8242202449245443 284
1633949902561 0.8369696059136034 285
1633949934746 0.830793791191132 286
1633949967108 0.830024021124572 287
1633949999589 0.8318228020803251 288
1633950032518 0.8274774652859895 289
1633950064873 0.8303438347203779 290
1633950097136 0.8319742895482204 291
1633950129149 0.8337000134352281 292
1633950161782 0.8326586728006252 293
1633950194338 0.833160352692529 294
1633950227131 0.8300053898048627 295
1633950259654 0.8277309070559526 296
1633950291959 0.8275995494182817 297
1633950324229 0.8361562312516472 298
1633950356294 0.8343410308399153 299
1633950391703 0.8327790119448082 300
1633950424350 0.8311921137035961 301
1633950456745 0.8341497842329952 302
1633950489356 0.8314923326508864 303
1633950521843 0.8299544873047962 304
1633950554827 0.8308282990430478 305
1633950588077 0.8294817189274452 306
1633950620815 0.8335063882158634 307
1633950653000 0.8306147340806065 308
1633950685471 0.8329421278096384 309
1633950718153 0.8316635833348648 310
1633950750769 0.8353740060907343 311
1633950783533 0.8373681642961797 312
1633950816170 0.8324856591014277 313
1633950849244 0.8348628067031546 314
1633950881703 0.8273171907414419 315
1633950914703 0.8329794129265878 316
1633950947138 0.8355489090659108 317
1633950979776 0.8319653121084885 318
1633951012056 0.8296898991130585 319
1633951047452 0.833974665659101 320
1633951080194 0.8320099458224677 321
1633951112599 0.8337195195212829 322
1633951145112 0.8289548724852226 323
1633951178051 0.8277821244109566 324
1633951211516 0.8274019336953473 325
1633951244192 0.8260742863908326 326
1633951277006 0.832242064395015 327
1633951309768 0.8308667046329062 328
1633951342561 0.8320373384097906 329
1633951375356 0.834233591526461 330
1633951408149 0.8334376446696675 331
1633951440951 0.8305686633586759 332
1633951473855 0.8343922368307362 333
1633951506893 0.834195582049961 334
1633951539593 0.8350002225339007 335
1633951572252 0.8322730142032649 336
1633951605155 0.8301805538942976 337
1633951638200 0.8355662270387756 338
1633951671361 0.8366597359810052 339
1633951706783 0.8324783081274685 340
1633951739605 0.8296942663164908 341
1633951772854 0.8351956476928925 342
1633951805972 0.8298327811421164 343
1633951838993 0.8332973048232587 344
1633951872650 0.8307896693772603 345
1633951906034 0.8335996065931095 346
1633951938608 0.835325731685091 347
1633951971525 0.8322771891602709 348
1633952004218 0.8352717682999714 349
1633952037207 0.8403913474510355 350
1633952073603 0.8365045855170457 351
1633952107073 0.837110550648574 352
1633952140061 0.8312958482676776 353
1633952177586 0.8329623100784126 354
1633952211066 0.8365013067059025 355
1633952243914 0.8354991400000363 356
1633952276720 0.8400953316204794 357
1633952309482 0.8313861111380099 358
1633952342620 0.8365319595404299 359
1633952378632 0.8352881541864956 360
1633952411851 0.8377013480635751 361
1633952444989 0.8378918241790442 362
1633952478672 0.8346903168552277 363
1633952511561 0.8349654581816662 364
1633952546697 0.8368010529374086 365
1633952579663 0.8353673442541645 366
1633952612557 0.8383093583388331 367
1633952645375 0.8330870682350472 368
1633952678133 0.8289122200918025 369
1633952711059 0.8389273746201926 370
1633952744403 0.8328574622003295 371
1633952777659 0.8349043363571605 372
1633952810833 0.837058186674715 373
1633952844320 0.8363228100733702 374
1633952877569 0.8288396274286495 375
1633952911170 0.8378671696403726 376
1633952944460 0.8314042560113387 377
1633952977551 0.8345748334136622 378
1633953011303 0.8357806496095124 379
1633953052586 0.8351917089787125 380
1633953088455 0.8342591586049932 381
1633953125914 0.8353498830361509 382
1633953159740 0.8384113209051759 383
1633953192920 0.8370050194448472 384
1633953226710 0.8373612950439819 385
1633953261542 0.8385846456000684 386
1633953295914 0.8367074883681684 387
1633953329931 0.8379879734892555 388
1633953362742 0.8399478984932331 389
1633953395675 0.836462332350027 390
1633953428816 0.8388507326565406 391
1633953462434 0.8415027781017316 392
1633953510370 0.8383658954012572 393
1633953544486 0.8347800329278278 394
1633953577970 0.834763253938103 395
1633953611378 0.835742824812015 396
1633953648292 0.8325103962831014 397
1633953686176 0.8375155206143972 398
1633953720499 0.8364882752941635 399
1633953759385 0.8354487260711959 400
1633953794965 0.8348264755712422 401
1633953830364 0.8338821501317082 402
1633953865598 0.8303472561820965 403
1633953900690 0.8306025271921343 404
1633953933912 0.8341284181195535 405
1633953967730 0.8354828275180256 406
1633954001608 0.8344411931813579 407
1633954034662 0.8351058300327507 408
1633954068068 0.8308425096668284 409
1633954106179 0.838849758355807 410
1633954140201 0.8381748148487289 411
1633954173161 0.8366900018346695 412
1633954206301 0.8363023131399506 413
1633954239565 0.8383082640214587 414
1633954273234 0.8346773517286057 415
1633954306821 0.8361995022237424 416
1633954340195 0.8375125270939567 417
1633954373594 0.8345906995058673 418
1633954406800 0.8348682445507783 419
1633954442696 0.8349767342692015 420
1633954476211 0.8362010874441235 421
1633954509436 0.8362103493860825 422
1633954542865 0.8387587254569506 423
1633954576718 0.8340672568526524 424
1633954610262 0.8363724107899012 425
1633954643218 0.8338300055996246 426
1633954676830 0.835879876769578 427
1633954710566 0.8339590866238197 428
1633954743912 0.8331251620157727 429
1633954777360 0.8308089290882481 430
1633954811309 0.8383247860899036 431
1633954844535 0.8313029450161002 432
1633954877866 0.8326021143798318 433
1633954911398 0.838980604043491 434
1633954944806 0.8332048846502523 435
1633954978458 0.8366466817500464 436
1633955011759 0.8277797290746675 437
1633955045390 0.837417474964187 438
1633955078722 0.8361208325485975 439
1633955114892 0.8344528142511087 440
1633955148586 0.8364500889526001 441
1633955182197 0.8350320222008311 442
1633955215627 0.8407951445072784 443
1633955249423 0.8370578985815266 444
1633955283187 0.8283703150995418 445
1633955316814 0.8379422821146555 446
1633955350298 0.842359559220443 447
1633955387343 0.8359732875037675 448
1633955420832 0.8351390802757975 449
1633955454364 0.8356650841357338 450
1633955488166 0.8373658688160598 451
1633955521421 0.8405760137336526 452
1633955555105 0.8390750180049524 453
1633955588738 0.8339047921363357 454
1633955622155 0.8425038024225388 455
1633955659333 0.8394087303772821 456
1633955693565 0.8386646224143937 457
1633955726790 0.838971426689562 458
1633955760197 0.8412177468582008 459
1633955796481 0.838555469692419 460
1633955830363 0.8366919688516234 461
1633955863851 0.8403242867726073 462
1633955897444 0.8393646251331176 463
1633955931026 0.8397412485788989 464
1633955964927 0.8370748878679668 465
1633955998689 0.8381268497854962 466
1633956032342 0.8365411294757427 467
1633956066744 0.8409058505133078 468
1633956100660 0.8387188273653929 469
1633956134223 0.8380255860538404 470
1633956167973 0.8405191860138893 471
1633956201718 0.8412281302371903 472
1633956236134 0.8375734446340272 473
1633956270028 0.8373943041216677 474
1633956303518 0.8376838124456554 475
1633956337297 0.8406890848374232 476
1633956370949 0.839358465763342 477
1633956404425 0.8389202165336124 478
1633956438699 0.8412881558938761 479
1633956475195 0.8344884939433362 480
1633956509153 0.8352836774579446 481
1633956543016 0.8360450910572773 482
1633956577268 0.8409858780127739 483
1633956610972 0.8398515389551052 484
1633956644547 0.8360612454664661 485
1633956678380 0.8398300721826273 486
1633956712088 0.8322165167205621 487
1633956746162 0.8294461257238994 488
1633956780122 0.840173836067405 489
1633956813829 0.8362931021633586 490
1633956847717 0.8377802142198325 491
1633956881630 0.8342019869487333 492
1633956915809 0.832780055596183 493
1633956949393 0.8383228922485984 494
1633956983330 0.8357480587468972 495
1633957017785 0.8373188151590626 496
1633957051680 0.8401176074780728 497
1633957085374 0.8418251093201772 498
1633957119617 0.8400902601344905 499
1633957156697 0.835965654824652 500
1633957190922 0.8370144387112034 501
1633957225045 0.8394083667942447 502
1633957258889 0.8374000928200458 503
1633957293239 0.8389784418614699 504
1633957327366 0.8414206191655921 505
1633957361632 0.8368636911128481 506
1633957395357 0.8332539853706716 507
1633957429490 0.8443625861236725 508
1633957468266 0.8468430855498787 509
1633957506736 0.841309777367773 510
1633957541544 0.8435559244718558 511
1633957575666 0.8419370794466594 512
1633957609495 0.8428128453711623 513
1633957643821 0.8445484828936489 514
1633957678372 0.8400727726755782 515
1633957712316 0.8409885459524924 516
1633957746070 0.8428898410953196 517
1633957780921 0.8405387523640702 518
1633957815114 0.8380029684094392 519
1633957851887 0.8424296028119769 520
1633957886381 0.843563126933314 521
1633957920878 0.8360702565448114 522
1633957955238 0.8425221295945058 523
1633957989715 0.8419237381631473 524
1633958023826 0.84111937335535 525
1633958057773 0.8428843601362858 526
1633958092546 0.8415997124226441 527
1633958126597 0.8394289864694657 528
1633958160693 0.840963558824427 529
1633958194914 0.8391160259269779 530
1633958229141 0.8419235001923263 531
1633958263525 0.843703950725572 532
1633958297869 0.8412998753798858 533
1633958332338 0.8429594883131987 534
1633958366741 0.8394276634825671 535
1633958401105 0.8388054287685791 536
1633958435823 0.8369628574472744 537
1633958470421 0.8378328096140658 538
1633958504394 0.8394880255524404 539
1633958541568 0.8416450906555419 540
1633958575898 0.8376600029680383 541
1633958610564 0.8379110402886313 542
1633958645362 0.840806066101826 543
1633958679521 0.8413023212701821 544
1633958713852 0.8402010171787636 545
1633958748474 0.8436885285946142 546
1633958783056 0.8389905764188765 547
1633958817462 0.8403570338471978 548
1633958852322 0.8379271536849043 549
1633958886939 0.8326149076606282 550
1633958921344 0.8390978470269317 551
1633958956078 0.8361658780672093 552
1633958990497 0.8423217395497398 553
1633959024776 0.8396365277500077 554
1633959059170 0.8424327156104578 555
1633959093881 0.8443696471808876 556
1633959128605 0.8419663230462007 557
1633959163113 0.8387604430826224 558
1633959197225 0.8382109417388843 559
1633959234921 0.8413123802983321 560
1633959269504 0.8401490649241333 561
1633959304034 0.8412549599335873 562
1633959338518 0.8402901321539327 563
1633959372907 0.8420363419991481 564
1633959407279 0.8422162502216862 565
1633959441782 0.8448239849375497 566
1633959476386 0.8410387841568088 567
1633959511205 0.8355899947113227 568
1633959545821 0.8387125857398621 569
1633959580701 0.8396241200488735 570
1633959615031 0.8411019254390975 571
1633959649379 0.8416718886261648 572
1633959684680 0.8375576118853275 573
1633959719649 0.842892681727452 574
1633959754107 0.8394144183104749 575
1633959789056 0.8419120704218996 576
1633959823602 0.8416737918602517 577
1633959858357 0.8408608345117318 578
1633959893190 0.8404498979341268 579
1633959930534 0.8414567436474641 580
1633959965286 0.8380101404250165 581
1633960000119 0.8406138396852807 582
1633960034692 0.8406562997688165 583
1633960069447 0.8432630628855742 584
1633960104711 0.8419665658471912 585
1633960139576 0.8436515515941638 586
1633960174233 0.8441453475008746 587
1633960208979 0.8445196891515554 588
1633960244030 0.8345618981764951 589
1633960278912 0.8435470236384937 590
1633960313923 0.8438096782650217 591
1633960348804 0.845871886082469 592
1633960384054 0.8457182154980689 593
1633960419434 0.8435159211686958 594
1633960454149 0.8430885751494941 595
1633960488619 0.8462639567544501 596
1633960523557 0.8369897934237432 597
1633960558216 0.8417299007667541 598
1633960593442 0.8438795237507104 599
1633960631132 0.8435506474931485 600
1633960666351 0.8437523399368978 601
1633960701538 0.834641043700886 602
1633960736754 0.8437869751415634 603
1633960772201 0.8430291642692634 604
1633960807132 0.8440853098964679 605
1633960842236 0.8428605580965363 606
1633960877263 0.8452796927520875 607
1633960911968 0.8429306884801863 608
1633960947294 0.8412747837268751 609
1633960983014 0.8453569864409084 610
1633961017938 0.8416485930204124 611
1633961053328 0.8462587498717177 612
1633961088701 0.843474590713493 613
1633961123928 0.8441086546399124 614
1633961159345 0.8447924060801164 615
1633961194412 0.841344920181923 616
1633961229270 0.8460863773181112 617
1633961264494 0.8441444096765204 618
1633961299734 0.838391296733235 619
1633961337744 0.8405880249850056 620
1633961373348 0.8459592631710517 621
1633961408340 0.8466244589632604 622
1633961443381 0.8430450053529525 623
1633961478640 0.8450013599380782 624
1633961514010 0.8434339438662675 625
1633961549207 0.8443688953870088 626
1633961584518 0.8454922682555259 627
1633961619698 0.8451335188242787 628
1633961655162 0.8450783899207543 629
1633961694941 0.8484234315303248 630
1633961735203 0.8442827223594264 631
1633961770997 0.8481526491033853 632
1633961806237 0.8506668777121709 633
1633961853195 0.8479935101610581 634
1633961901913 0.8424861530192 635
1633961937155 0.839450860249563 636
1633961972589 0.8416117271535578 637
1633962007778 0.8446757023242935 638
1633962042998 0.8426025822883989 639
1633962081039 0.8460881415676706 640
1633962116625 0.8478653592298979 641
1633962152634 0.8436366717189685 642
1633962190300 0.8441630173237745 643
1633962225945 0.8464545907273658 644
1633962261000 0.8428825882096299 645
1633962301275 0.8395032112291312 646
1633962340653 0.8441681882853052 647
1633962376282 0.8449459951103896 648
1633962412448 0.8426268901809265 649
1633962447810 0.8454757481834316 650
1633962482994 0.8454135666127472 651
1633962518648 0.8458837371244144 652
1633962554036 0.8464087551197522 653
1633962589172 0.8428285384876213 654
1633962624672 0.8452875936579518 655
1633962659859 0.8464277667896397 656
1633962698217 0.8436135715820569 657
1633962734170 0.8450211935755785 658
1633962769344 0.8423015844791476 659
1633962807493 0.8456706790805303 660
1633962843047 0.8395638584050793 661
1633962878774 0.841547334641711 662
1633962919984 0.845001191581594 663
1633962955706 0.8430386777711775 664
1633962991335 0.8398071357209053 665
1633963027090 0.8410924330366139 666
1633963062417 0.8441225933247093 667
1633963097945 0.8495317330937656 668
1633963133450 0.8384427219943784 669
1633963169037 0.8471090365519246 670
1633963204636 0.844612078041564 671
1633963240289 0.8468494120910708 672
1633963275853 0.8419525083060783 673
1633963311517 0.8410227652302248 674
1633963346803 0.8402147359371982 675
1633963382794 0.8454821466525988 676
1633963418268 0.8457909920770513 677
1633963453617 0.8441019681413766 678
1633963489436 0.8453019167609579 679
1633963527855 0.8421398474475209 680
1633963563456 0.8419561115161375 681
1633963598926 0.8498182689303927 682
1633963634749 0.8478701230931929 683
1633963670478 0.841745707079135 684
1633963706172 0.8442033226880478 685
1633963741866 0.8461911797069286 686
1633963778007 0.8481368453326377 687
1633963813682 0.845179219714713 688
1633963850298 0.8449384837159667 689
1633963885862 0.8450235843791266 690
1633963921527 0.8460203677130682 691
1633963957551 0.8432022588025021 692
1633963993390 0.8420463871636057 693
1633964029521 0.846487015277346 694
1633964065367 0.8453407599200938 695
1633964101282 0.8461771390794672 696
1633964136985 0.84477015618119 697
1633964173573 0.8447623288105567 698
1633964209624 0.8448582382358436 699
1633964248611 0.8458891304751465 700
1633964284686 0.8452777749604075 701
1633964320352 0.843058240796576 702
1633964357423 0.8442251063091947 703
1633964393678 0.8450757256780347 704
1633964429816 0.8464507185570272 705
1633964465894 0.8447385408601548 706
1633964501570 0.8453817068116617 707
1633964537414 0.8459353272356888 708
1633964573342 0.8479200669345349 709
1633964609418 0.8480752570103193 710
1633964645649 0.8461651638514055 711
1633964681466 0.8456924415508781 712
1633964717474 0.8477476386235716 713
1633964752946 0.8472855439262065 714
1633964789139 0.8490814623249663 715
1633964825626 0.8453894321421126 716
1633964861641 0.8480124022163079 717
1633964897120 0.8463234773088951 718
1633964933430 0.849658280248023 719
1633964972615 0.8451210802475121 720
1633965008829 0.8468652447387893 721
1633965045041 0.8457777294830556 722
1633965081570 0.8444016931053444 723
1633965117903 0.8479103727258229 724
1633965154430 0.8423855773989527 725
1633965190478 0.8426392926317225 726
1633965226361 0.8463208878839543 727
1633965262709 0.8475042211806645 728
1633965298799 0.8440783558263928 729
1633965335203 0.8458733172951398 730
1633965371388 0.8425132483940002 731
1633965407942 0.8437432458660019 732
1633965444105 0.8446920548801976 733
1633965481848 0.8463902695760649 734
1633965517634 0.8463060545451792 735
1633965554394 0.8442563657258574 736
1633965590792 0.8413869839484366 737
1633965627106 0.8399630556324404 738
1633965663174 0.848902514979259 739
1633965702222 0.8458889027730189 740
1633965738617 0.84804338951196 741
1633965775286 0.850267619434662 742
1633965811831 0.8473486379001786 743
1633965848388 0.8491679556469 744
1633965884598 0.8390499848085516 745
1633965920715 0.8428770989528704 746
1633965956994 0.8493754292100443 747
1633965993406 0.8471584937998783 748
1633966029437 0.8456399587360123 749
1633966065811 0.849990648596346 750
1633966102218 0.849152328176888 751
1633966138386 0.8487950195737596 752
1633966174755 0.8464081349561184 753
1633966210918 0.8522437615549543 754
1633966262015 0.8503153157508297 755
1633966298112 0.8508653692731792 756
1633966335677 0.8504538110805459 757
1633966371938 0.8468872086294633 758
1633966408485 0.8476866497239658 759
1633966447787 0.8476560074507207 760
1633966485806 0.8483420588760422 761
1633966522281 0.8493919909475522 762
1633966560335 0.8470014245536356 763
1633966596838 0.8513057020014932 764
1633966633303 0.8500624053707446 765
1633966669729 0.8491930280714837 766
1633966706598 0.8431725053170065 767
1633966745065 0.844158043486241 768
1633966781465 0.8465266585230432 769
1633966818174 0.8466121244249311 770
1633966854766 0.8498174588409819 771
1633966891051 0.84658714561247 772
1633966928605 0.8438461986002237 773
1633966964970 0.8427594129098354 774
1633967001752 0.8478030597385496 775
1633967038630 0.8408265789761886 776
1633967075246 0.8425210640815646 777
1633967111886 0.8447921649934985 778
1633967148536 0.8464145506582077 779
1633967188066 0.849169455391597 780
1633967225151 0.8474712761677868 781
1633967263254 0.8467654033576987 782
1633967303398 0.8455029126287442 783
1633967340686 0.8531430945789591 784
1633967392235 0.8482848603039798 785
1633967429223 0.8475480878764047 786
1633967466018 0.8477027764429368 787
1633967503450 0.8501741888526892 788
1633967540968 0.8471323607023806 789
1633967577750 0.8495306857498246 790
1633967616599 0.8534624034108459 791
1633967659485 0.8499358252203485 792
1633967696772 0.849791934266088 793
1633967733879 0.8557681108526429 794
1633967777247 0.8531773913016595 795
1633967813684 0.8498240143957916 796
1633967850249 0.8461410999513651 797
1633967890330 0.849964663417124 798
1633967927042 0.8512552103882323 799
1633967969674 0.8470208817656965 800
1633968007619 0.84855968832766 801
1633968045211 0.8473407904677464 802
1633968087023 0.8485830988363695 803
1633968124255 0.8496819195003086 804
1633968165008 0.851996746853709 805
1633968202711 0.8466930455887395 806
1633968239519 0.8407828688961336 807
1633968276361 0.8412153691951522 808
1633968313332 0.8477138883009364 809
1633968350115 0.8501774185084331 810
1633968387011 0.8434652822090034 811
1633968424010 0.8523080469073795 812
1633968460771 0.8478735354723255 813
1633968497482 0.8509692306845753 814
1633968534262 0.8504282820601682 815
1633968573898 0.8515786604100832 816
1633968610604 0.8498884370710935 817
1633968650583 0.8494968431164345 818
1633968687369 0.8467803475293013 819
1633968727962 0.844809422742493 820
1633968766011 0.8464790560613579 821
1633968804646 0.8479874126791432 822
1633968842066 0.8462689079561021 823
1633968879295 0.8467499916704494 824
1633968916417 0.8522418577174494 825
1633968953502 0.8497796021564901 826
1633968990288 0.805315357918421 827
1633969027853 0.844100145184088 828
1633969065009 0.8487230817412029 829
1633969102288 0.8474876758988876 830
1633969138870 0.8464712998004473 831
1633969175841 0.8455435632197776 832
1633969212909 0.8460411322262323 833
1633969249958 0.84859719920447 834
1633969286669 0.8449520261967143 835
1633969323621 0.8426346118183868 836
1633969361097 0.8470274508546619 837
1633969397870 0.8487744836341184 838
1633969434682 0.8468384821479287 839
1633969474229 0.8492221756954931 840
1633969512764 0.8464167390771945 841
1633969550800 0.8456649702209711 842
1633969589026 0.8446903462590675 843
1633969626966 0.8450935041963294 844
1633969664137 0.8476126805908495 845
1633969701596 0.843988456942934 846
1633969738612 0.8460297935665413 847
1633969775972 0.8450427506119779 848
1633969812882 0.8460264986157204 849
1633969850146 0.8426420306513461 850
1633969887185 0.8445925531583995 851
1633969924508 0.8455020055071427 852
1633969961589 0.8447959403286206 853
1633969998848 0.8484371363468752 854
1633970035943 0.8454894559414077 855
1633970075884 0.8367503442037432 856
1633970113074 0.8433813660119249 857
1633970154814 0.848399498435457 858
1633970192257 0.8440799078876399 859
1633970231862 0.8479093505941524 860
1633970270152 0.8478587637444156 861
1633970308139 0.846537916257081 862
1633970345565 0.8437868315832359 863
1633970383689 0.849768844307754 864
1633970421331 0.8500178622962444 865
1633970459666 0.8542282969126878 866
1633970497109 0.8506165148007815 867
1633970534992 0.8514162802625267 868
1633970572342 0.8518704968617213 869
1633970609685 0.8441188883038884 870
1633970647012 0.8516380198754501 871
1633970684378 0.8467115255467098 872
1633970722014 0.8457539656929223 873
1633970765921 0.8480494652559315 874
1633970807158 0.8504886563544218 875
1633970844341 0.8485916701603348 876
1633970882654 0.8428149337010308 877
1633970919740 0.8479356979706509 878
1633970959906 0.8481766449422029 879
1633971014558 0.8483861061098692 880
1633971053818 0.8463056812266704 881
1633971092088 0.8471255550005079 882
1633971129973 0.8487693416867517 883
1633971167828 0.8480959743771359 884
1633971205659 0.8434570278965026 885
1633971243394 0.8470281523892605 886
1633971281068 0.8489844108477329 887
1633971318820 0.8476705739627117 888
1633971356488 0.8463448190989408 889
1633971394261 0.8497472099327337 890
1633971431741 0.851708740654637 891
1633971469614 0.8539207747486939 892
1633971507354 0.8496170986549715 893
1633971544816 0.8512065563984704 894
1633971588558 0.8512190691372283 895
1633971631956 0.8494366078117233 896
1633971669219 0.8447284599178505 897
1633971707102 0.8492837745121498 898
1633971744274 0.8460526386045037 899
1633971784793 0.8471892667930787 900
1633971823071 0.8465451788012205 901
1633971860846 0.8479551447502912 902
1633971898975 0.8492362903899877 903
1633971936898 0.8467344069256079 904
1633971974893 0.851414449656988 905
1633972012363 0.8503802305240298 906
1633972050128 0.8464774517292185 907
1633972088255 0.8483010582135948 908
1633972125912 0.8460821118689559 909
1633972163205 0.8483433739693745 910
1633972201304 0.8442603906782241 911
1633972239274 0.8489975155166324 912
1633972276674 0.8511297869472982 913
1633972314356 0.8496792320474489 914
1633972352257 0.8550578627030753 915
1633972390282 0.8521260725448042 916
1633972427571 0.8519838744812794 917
1633972465316 0.8529467994003902 918
1633972506711 0.8552697299860158 919
1633972547670 0.8482789143676769 920
1633972586103 0.8482617522660916 921
1633972627852 0.8512382639286573 922
1633972666346 0.8495172243218304 923
1633972704403 0.8477782909240072 924
1633972742473 0.850250628580759 925
1633972780259 0.8497388336404472 926
1633972818405 0.8518282013437751 927
1633972855818 0.8502840804532938 928
1633972893958 0.848779848364219 929
1633972934193 0.850055840651963 930
1633972971698 0.8520473738724412 931
1633973010011 0.85157117342054 932
1633973047753 0.8483363372124443 933
1633973085889 0.8489942417771663 934
1633973123861 0.8495600154466366 935
1633973161936 0.8472327580351895 936
1633973199702 0.8488747023902977 937
1633973237471 0.8450353555392996 938
1633973275965 0.8464669518068767 939
1633973316717 0.8485264135400189 940
1633973356027 0.8475217244151375 941
1633973394609 0.8484441521496693 942
1633973434321 0.8476711190263623 943
1633973473167 0.8407310442093563 944
1633973511847 0.8464320506281794 945
1633973550827 0.8474891804615804 946
1633973589022 0.8471217408745947 947
1633973627593 0.8453775829387712 948
1633973666112 0.8511629519317951 949
1633973704071 0.8451493402095713 950
1633973742130 0.8490746501764399 951
1633973779737 0.8495210829643001 952
1633973818501 0.8519808590561676 953
1633973859695 0.8489601482113204 954
1633973897840 0.8501938774541731 955
1633973935555 0.844504100039084 956
1633973973594 0.8472825268891293 957
1633974011430 0.8482224631117523 958
1633974050649 0.8472953192140306 959
1633974091672 0.8544700741991279 960
1633974130783 0.8522597948458639 961
1633974169806 0.8508219806317268 962
1633974209096 0.8457598421868104 963
1633974247799 0.8498390742915404 964
1633974286888 0.8514480870339958 965
1633974326649 0.8503474501073065 966
1633974365354 0.8466553762513888 967
1633974403947 0.8517396473714215 968
1633974443753 0.8499744945131932 969
1633974482466 0.8525173065863727 970
1633974521081 0.8517891974836563 971
1633974559827 0.8491645422960266 972
1633974597981 0.846442399163339 973
1633974636033 0.8476750526300018 974
1633974674362 0.850685572647971 975
1633974712746 0.8457031331501743 976
1633974751501 0.8444606626208295 977
1633974790240 0.8488673658934014 978
1633974828167 0.8526108385623292 979
1633974872032 0.852171894058377 980
1633974911790 0.8511413693503946 981
1633974951102 0.8549702459726837 982
1633974990468 0.8518825213066678 983
1633975030265 0.8561299937298534 984
1633975079208 0.8519302020259739 985
1633975118221 0.8572147036964514 986
1633975175903 0.8539900915507215 987
1633975214597 0.8518856141886887 988
1633975264354 0.856995206245515 989
1633975303331 0.8549851097276263 990
1633975342105 0.8549627437723076 991
1633975381145 0.8530623484174557 992
1633975419666 0.8549334877235005 993
1633975458236 0.857439271293019 994
1633975511254 0.8501987651563208 995
1633975550103 0.8561726915003545 996
1633975589060 0.851280389775935 997
1633975627685 0.8525728017213388 998
1633975666187 0.8507959092467231 999
1633975707889 0.852487571566044 1000
1633975746953 0.8498110800536409 1001
1633975785855 0.8525682136226219 1002
1633975824872 0.8533539042038082 1003
1633975865118 0.851397310590797 1004
1633975904539 0.8474210014477985 1005
1633975942993 0.8510058184152542 1006
1633975982914 0.8525784142921983 1007
1633976021949 0.8535931098233137 1008
1633976060896 0.8546376786828158 1009
1633976100737 0.8534801083105297 1010
1633976141082 0.8568915665279488 1011
1633976180881 0.8553971857488474 1012
1633976220541 0.8550221730603969 1013
1633976259256 0.8551247004226725 1014
1633976298970 0.8489922332632821 1015
1633976337966 0.854274921423582 1016
1633976377078 0.8523399902490961 1017
1633976416778 0.8529268857817895 1018
1633976455887 0.8519813926242381 1019
1633976497717 0.8559083407380331 1020
1633976537166 0.8528766710865147 1021
1633976576695 0.8540566858486742 1022
1633976616342 0.8546079770106342 1023
1633976656660 0.8545858616732835 1024
1633976696696 0.8552010247162325 1025
1633976735950 0.8519366811600008 1026
1633976780330 0.8538931170667988 1027
1633976819815 0.8533225022146246 1028
1633976859579 0.8522560290330736 1029
1633976898622 0.8557343419749917 1030
1633976937369 0.8556314535131901 1031
1633976977200 0.85267281072758 1032
1633977021569 0.8539533174499471 1033
1633977060876 0.855034193732358 1034
1633977100427 0.854430282562257 1035
1633977139911 0.8543136831502728 1036
1633977178967 0.85698026758379 1037
1633977219156 0.8557249232076084 1038
1633977259037 0.8542434280292395 1039
1633977301176 0.8554450304861854 1040
1633977341991 0.8516733989606391 1041
1633977381855 0.8531620162237011 1042
1633977421748 0.8519834142470031 1043
1633977461101 0.8511575417029613 1044
1633977500755 0.8519656098855913 1045
1633977541255 0.8536145294223546 1046
1633977580925 0.8543297556183929 1047
1633977620336 0.8493665578821701 1048
1633977659797 0.8523077723505292 1049
1633977699287 0.8497775805560215 1050
1633977738234 0.8534359486796632 1051
1633977777859 0.8479081038745049 1052
1633977817902 0.8478475049974644 1053
1633977857414 0.8538138587283276 1054
1633977897750 0.8518852540718027 1055
1633977937440 0.8523704494791604 1056
1633977976830 0.850511256078509 1057
1633978016102 0.8419181227896073 1058
1633978055075 0.8500091390354374 1059
1633978097349 0.8515417468818773 1060
1633978138196 0.8473117201018586 1061
1633978178115 0.8497772664959524 1062
1633978217364 0.8530580185003471 1063
1633978258039 0.8510205258452566 1064
1633978298653 0.8512678451835627 1065
1633978338471 0.8498561499144145 1066
1633978378793 0.8499843877028379 1067
1633978420431 0.8491776589244431 1068
1633978460220 0.8478591655679067 1069
1633978499721 0.8472523415412914 1070
1633978540142 0.8455441934386875 1071
1633978580192 0.8454864348063128 1072
1633978621668 0.8481624413034957 1073
1633978661859 0.8474637752695162 1074
1633978701666 0.8494571204285127 1075
1633978741543 0.8472747072534121 1076
1633978781351 0.8513118987385149 1077
1633978821091 0.851904626069836 1078
1633978861411 0.8476061828635847 1079
1633978904011 0.8493078673828487 1080
1633978944635 0.8451471250472175 1081
1633978984642 0.8485328086405021 1082
1633979025694 0.8514679436284397 1083
1633979065477 0.8511089656472735 1084
1633979106086 0.8497358549050719 1085
1633979147291 0.8455387805726048 1086
1633979189178 0.8491730527050845 1087
1633979228742 0.8490509429581794 1088
1633979268952 0.8504380745485638 1089
1633979308871 0.8452249106683094 1090
1633979349512 0.8512828991200375 1091
1633979388649 0.8441850683831886 1092
1633979429506 0.8388522961014321 1093
1633979469543 0.8411988914129691 1094
1633979510098 0.8477115652342059 1095
1633979550927 0.846892147087728 1096
1633979590916 0.8392015842070835 1097
1633979630755 0.849902797107479 1098
1633979670397 0.8497158595682437 1099
1633979712747 0.848796571680455 1100
1633979752510 0.8485686774147517 1101
1633979792877 0.8502712980171513 1102
1633979832880 0.850600261240273 1103
1633979872852 0.8440115065178072 1104
1633979913106 0.8481586385987054 1105
1633979953013 0.8485570143177612 1106
1633979994083 0.84645627592902 1107
1633980034285 0.8387003988470935 1108
1633980074656 0.8455433236045202 1109
1633980115242 0.8459832334031474 1110
1633980156290 0.8487445733290198 1111
1633980197212 0.8434768301853363 1112
1633980237666 0.8470852461805597 1113
1633980278246 0.8438877410039892 1114
1633980318703 0.8474953459307272 1115
1633980360119 0.8475294743356295 1116
1633980402171 0.8482445186570032 1117
1633980443912 0.8510465339218544 1118
1633980485133 0.8492967858528954 1119
1633980528036 0.8458472728246801 1120
1633980568911 0.8519103139594233 1121
1633980609420 0.8501936080823269 1122
1633980649647 0.8495950364001095 1123
1633980689449 0.8483874413703989 1124
1633980729503 0.8493050691930073 1125
1633980769515 0.8473279794931273 1126
1633980810009 0.8483722416898117 1127
1633980850005 0.8485376391132546 1128
1633980891274 0.8440151547848992 1129
1633980931903 0.8494433411365425 1130
1633980973260 0.8465238589249371 1131
1633981013879 0.8483624838798848 1132
1633981054645 0.8490024565688811 1133
1633981094763 0.8486727250170443 1134
1633981135437 0.8423984104811171 1135
1633981175630 0.8470568248263678 1136
1633981218098 0.8483307819869026 1137
1633981257805 0.8504933737516277 1138
1633981298307 0.8426389627159183 1139
1633981341286 0.8428627384021627 1140
1633981382869 0.8454752876473229 1141
1633981423415 0.8459694269835224 1142
1633981464574 0.8439714174182519 1143
1633981505279 0.8460963583257446 1144
1633981545470 0.8483564316479101 1145
1633981586217 0.8464472448336832 1146
1633981626933 0.8466622230450697 1147
1633981667386 0.8436069233443569 1148
1633981708584 0.8456610576687107 1149
1633981750187 0.8348788656187696 1150
1633981790540 0.8468422485935616 1151
1633981831121 0.8465214906205818 1152
1633981871602 0.8474228621288385 1153
1633981912028 0.8506379913947774 1154
1633981953825 0.8475518402970202 1155
1633981994515 0.8434953097868494 1156
1633982035595 0.8474376145436882 1157
1633982076166 0.84919535539154 1158
1633982117137 0.8482701232880734 1159
1633982160413 0.8493767591856962 1160
1633982202335 0.8491738172762726 1161
1633982242660 0.8494755236374862 1162
1633982283173 0.8471564644505691 1163
1633982323624 0.8468790793386726 1164
1633982363955 0.8461268703500746 1165
1633982404397 0.8450884616609274 1166
1633982444802 0.8470052223453274 1167
1633982486786 0.8459371469746967 1168
1633982527090 0.8485655701973666 1169
1633982567724 0.8489702200817903 1170
1633982608447 0.8476114889359091 1171
1633982650031 0.8409591457876612 1172
1633982691089 0.8439071635396052 1173
1633982732449 0.8436756757312457 1174
1633982772931 0.847275877802898 1175
1633982816294 0.847120276635292 1176
1633982857715 0.8476551232178146 1177
1633982899387 0.8489293901842283 1178
1633982939980 0.8471245102583596 1179
1633982983257 0.848729346197221 1180
1633983025705 0.8407320609373382 1181
1633983066958 0.846197824555931 1182
1633983107821 0.8484476016033698 1183
1633983148392 0.848500989333819 1184
1633983189800 0.8514997427243427 1185
1633983230735 0.851959417690391 1186
1633983272326 0.8439524994930192 1187
1633983313408 0.848247732371227 1188
1633983354135 0.8479639704400955 1189
1633983395792 0.8507847523955379 1190
1633983436962 0.849244409305438 1191
1633983478312 0.8478264178385414 1192
1633983519023 0.8494253046172257 1193
1633983560841 0.8507511498355516 1194
1633983601570 0.8519993402296198 1195
1633983642194 0.8479942041253173 1196
1633983683966 0.8462453327461488 1197
1633983725757 0.8475387370459663 1198
1633983766537 0.8478093917003037 1199
1633983810939 0.8434538556910662 1200
1633983852222 0.8425594742172549 1201
1633983893648 0.8521681226726204 1202
1633983935123 0.8490728753232641 1203
1633983976260 0.8517038267361965 1204
1633984016798 0.8480324118451323 1205
1633984058358 0.8492169093374118 1206
1633984099326 0.8471841416771169 1207
1633984140189 0.8482129703987128 1208
1633984181827 0.8474014679503351 1209
1633984222759 0.8462655790495416 1210
1633984263785 0.8477001859174224 1211
1633984305079 0.8486580908599756 1212
1633984346936 0.849388532573155 1213
1633984388886 0.8471788027858037 1214
1633984429853 0.8510055289608986 1215
1633984470789 0.8490947414387144 1216
1633984512120 0.8464923294774092 1217
1633984554029 0.8510772300767601 1218
1633984595274 0.849595216350978 1219
1633984639692 0.8504270487415628 1220
1633984683220 0.8496226753338492 1221
1633984727061 0.8487223376330031 1222
1633984768523 0.8507954101911288 1223
1633984810142 0.8506215508180686 1224
1633984851283 0.8526543737352172 1225
1633984892459 0.8506582455546073 1226
1633984933328 0.8472863674325201 1227
1633984974475 0.8499817722519669 1228
1633985016187 0.8521144621529675 1229
1633985057833 0.8501400072853715 1230
1633985099473 0.8487503769477989 1231
1633985140817 0.8469866900669858 1232
1633985182377 0.8489695006891397 1233
1633985224213 0.8520347086960577 1234
1633985266492 0.8494827529019023 1235
1633985307241 0.8422393752604312 1236
1633985349210 0.849593938767051 1237
1633985390966 0.8486190946246668 1238
1633985432219 0.8465075346371254 1239
1633985477742 0.8482806219856468 1240
1633985519147 0.8517879234668285 1241
1633985560774 0.851721695476727 1242
1633985603014 0.8480674170499203 1243
1633985649111 0.8476923290858734 1244
1633985690438 0.8483980919458348 1245
1633985740057 0.8393421365958975 1246
1633985784961 0.8481548520575647 1247
1633985826736 0.8373832056214556 1248
1633985867706 0.8481453215588146 1249
1633985915015 0.8458119422806777 1250
1633985956997 0.8495235196566099 1251
1633985998750 0.8469856849292758 1252
1633986040849 0.8470354348373812 1253
1633986082022 0.8467535467780192 1254
1633986124828 0.8483640641068961 1255
1633986166015 0.8422079841577972 1256
1633986209410 0.8431994035467054 1257
1633986250525 0.8446702713496029 1258
1633986294066 0.8483739583066751 1259
1633986338376 0.8475085450041755 1260
1633986380541 0.8438692360240212 1261
1633986422269 0.8453929250517096 1262
1633986463425 0.8513316454662431 1263
1633986504731 0.8553342364160987 1264
1633986547099 0.8555437341798391 1265
1633986588629 0.8509297759458662 1266
1633986630443 0.8491225121116044 1267
1633986672181 0.8520602213878588 1268
1633986718834 0.8491143605917347 1269
1633986760864 0.8514846973925362 1270
1633986803819 0.8500760331172645 1271
1633986845064 0.8505186207121974 1272
1633986887529 0.8533146928361354 1273
1633986932139 0.8509279844603989 1274
1633986977312 0.8493363646932681 1275
1633987019149 0.8528657033661775 1276
1633987060859 0.8484077436656454 1277
1633987101843 0.8493713415935513 1278
1633987143307 0.8452312316187368 1279
1633987187629 0.8470366506253069 1280
1633987229269 0.8478750500141823 1281
1633987271249 0.8497238055249963 1282
1633987312598 0.8513841156512674 1283
1633987354184 0.8503613762584534 1284
1633987395925 0.8495556903539894 1285
1633987437254 0.8522172274360953 1286
1633987479927 0.8508534566135799 1287
1633987521409 0.8505484727600023 1288
1633987563033 0.8488813681501661 1289
1633987604653 0.8496124831164031 1290
1633987646323 0.8492061701228797 1291
1633987687959 0.8512285034837276 1292
1633987730002 0.8440922586765771 1293
1633987771363 0.8491979530470569 1294
1633987815096 0.8504898152915495 1295
1633987856514 0.8474519934277922 1296
1633987899227 0.8480571324766399 1297
1633987941177 0.8492275227358872 1298
1633987982842 0.8499839475031026 1299
1633988026905 0.8478222241269546 1300
1633988068812 0.8469585939843703 1301
1633988110638 0.8443737559650614 1302
1633988152216 0.8486495390487075 1303
1633988195926 0.849121041538041 1304
1633988238227 0.8478717664303932 1305
1633988280189 0.8500611242745699 1306
1633988322541 0.8514147592520321 1307
1633988364262 0.8497885103727932 1308
1633988406074 0.8469751087843386 1309
1633988448713 0.8433530224864887 1310
1633988490604 0.8490901108404096 1311
1633988532167 0.852589421161971 1312
1633988573635 0.8539858531968447 1313
1633988618119 0.8517888617179321 1314
1633988659310 0.849334356730771 1315
1633988701829 0.8475929796479543 1316
1633988747601 0.8491761299978151 1317
1633988789990 0.8468192961205201 1318
1633988831862 0.8554491573554803 1319
1633988876221 0.8537066195747268 1320
1633988918495 0.8489075988940905 1321
1633988960658 0.8463324059233307 1322
1633989002578 0.8468349118133298 1323
1633989044556 0.8396702605142567 1324
1633989086468 0.8464496420216582 1325
1633989128611 0.8471839419057752 1326
1633989170517 0.8431461814987582 1327
1633989212966 0.8491185014439561 1328
1633989254666 0.8448927021961187 1329
1633989296481 0.8525165359509875 1330
1633989338310 0.8492587405342458 1331
1633989380043 0.8524545935780418 1332
1633989422094 0.8470979238286054 1333
1633989464739 0.8463526651967026 1334
1633989506827 0.8445434955873601 1335
1633989548723 0.8487966054548136 1336
1633989590987 0.853405498655043 1337
1633989632832 0.8544016213905796 1338
1633989675507 0.8521765857925139 1339
1633989721407 0.8513060365104665 1340
1633989763822 0.8538787183648132 1341
1633989805955 0.8482203493977764 1342
1633989848673 0.8508118739781497 1343
1633989891145 0.8542820301227902 1344
1633989933327 0.854846282896004 1345
1633989976107 0.8531828386191518 1346
1633990018148 0.8519784030866113 1347
1633990060744 0.851971635177225 1348
1633990103216 0.8547754049622475 1349
1633990145433 0.8542612301593836 1350
1633990188071 0.8517521115303797 1351
1633990230998 0.8496818141245157 1352
1633990273584 0.8496471529877139 1353
1633990316180 0.8538633799419098 1354
1633990358445 0.8536078086046428 1355
1633990400334 0.8547663558421654 1356
1633990442916 0.8499227443491792 1357
1633990484459 0.8526476132161754 1358
1633990528114 0.8467208680046551 1359
1633990573855 0.8505934342014787 1360
1633990617123 0.8526984378991059 1361
1633990659722 0.8534079508434469 1362
1633990702285 0.8527045384177452 1363
1633990744876 0.8515350508244317 1364
1633990787512 0.8506571374962367 1365
1633990830245 0.8531948529859272 1366
1633990872601 0.8526266080052128 1367
1633990916208 0.8460655836805423 1368
1633990958579 0.8506247958741145 1369
1633991001092 0.8512592637433141 1370
1633991043333 0.8508255972180396 1371
1633991085527 0.8508422243550473 1372
1633991127788 0.8538134871884947 1373
1633991170165 0.849348442151903 1374
1633991212515 0.847871091570817 1375
1633991254582 0.8517734884236269 1376
1633991296972 0.8504040166547024 1377
1633991339609 0.8527649684361118 1378
1633991381838 0.8512408574253684 1379
1633991426987 0.8527410703102232 1380
1633991470093 0.8510588881549438 1381
1633991512783 0.8508498536625537 1382
1633991555111 0.8526317994243025 1383
1633991597406 0.854646261888824 1384
1633991640066 0.8484339692153495 1385
1633991682663 0.8519686446326644 1386
1633991724802 0.8474159107230194 1387
1633991768959 0.8526428172445846 1388
1633991811407 0.8511982058612014 1389
1633991854906 0.8521654529446405 1390
1633991896911 0.8448444526649725 1391
