1633940992161 0.4712661162990191 1
1633941022188 0.5547786161725263 2
1633941053026 0.6231517395341658 3
1633941084063 0.6874989654167131 4
1633941114974 0.7078246435002257 5
1633941145864 0.7251015034077931 6
1633941177147 0.7545208966007394 7
1633941208089 0.732020504288894 8
1633941237964 0.7445782905764274 9
1633941269231 0.7748885048224452 10
1633941300084 0.7794419145353998 11
1633941330682 0.7301843930000602 12
1633941360776 0.762655733832474 13
1633941392284 0.7942023641302619 14
1633941423149 0.8049623212722141 15
1633941454519 0.7906748369255951 16
1633941484337 0.7940854151521718 17
1633941515464 0.7854034206282828 18
1633941545505 0.7835185853780251 19
1633941578463 0.7718182118743693 20
1633941608028 0.7711739885528147 21
1633941637574 0.8163348890764869 22
1633941668531 0.8063600391776178 23
1633941698253 0.7878207354242878 24
1633941728006 0.8067754549741806 25
1633941759037 0.7996130607526707 26
1633941788447 0.802281710728477 27
1633941818345 0.7896630274986022 28
1633941848058 0.789418081941258 29
1633941877866 0.8220644014227511 30
1633941909125 0.8099151534379165 31
1633941938753 0.7724432129151283 32
1633941968339 0.8115351862063572 33
1633941997794 0.8184691593975739 34
1633942027333 0.8357338425132179 35
1633942058460 0.7882801248129402 36
1633942088227 0.8175241922503801 37
1633942117831 0.7976383719529796 38
1633942147568 0.8292816245743245 39
1633942181108 0.8040362927593102 40
1633942211027 0.8188444480507923 41
1633942240703 0.8060467014337611 42
1633942270563 0.8242556814246066 43
1633942300310 0.8182255800815538 44
1633942330382 0.8190177717300894 45
1633942360390 0.8274004174314225 46
1633942390296 0.8338360238101414 47
1633942421199 0.8145479392985534 48
1633942451027 0.8308028760439433 49
1633942482298 0.8139077398551648 50
1633942512247 0.801859140056032 51
1633942542247 0.8212231266648466 52
1633942571895 0.7795874267993178 53
1633942601940 0.8256239759484806 54
1633942631878 0.8251961898496943 55
1633942661744 0.8341517280065452 56
1633942693004 0.8102740222850049 57
1633942722947 0.8135661291442082 58
1633942752826 0.8057389280666272 59
1633942785550 0.8236037981793025 60
1633942815355 0.8174909164936847 61
1633942845305 0.836480377068762 62
1633942876941 0.8262147042340947 63
1633942906983 0.8395556486683311 64
1633942937040 0.836910560388063 65
1633942968511 0.8397877441339039 66
1633942998730 0.8278803614794774 67
1633943028426 0.8330493974377118 68
1633943058523 0.8216922707510586 69
1633943088409 0.8233572985384892 70
1633943118471 0.8188487496162408 71
1633943148288 0.8406587799096559 72
1633943179705 0.807172121634995 73
1633943209659 0.8227859979449941 74
1633943239677 0.8365393180373204 75
1633943270061 0.8049645732142338 76
1633943300128 0.824165693284887 77
1633943330314 0.8315630046137551 78
1633943360371 0.8137690338765754 79
1633943393689 0.8486383998073742 80
1633943425617 0.8302128308086512 81
1633943455720 0.8243402632542888 82
1633943486142 0.8203736318453121 83
1633943516251 0.8234017913722156 84
1633943546943 0.8364482968158277 85
1633943577537 0.8099831614526699 86
1633943607600 0.8270080352350987 87
1633943637873 0.8300390249518627 88
1633943668176 0.837323117469486 89
1633943698350 0.8368345583001029 90
1633943728558 0.8423337544909224 91
1633943758593 0.8338150354202175 92
1633943788672 0.8523287445740164 93
1633943820232 0.839372134462495 94
1633943850314 0.8327550466417087 95
1633943880375 0.8290178518909985 96
1633943910589 0.846488145991504 97
1633943940833 0.8223524583283994 98
1633943970884 0.8284630439958391 99
1633944003894 0.8352345141956581 100
1633944034121 0.8407811562121057 101
1633944064774 0.8341063711979116 102
1633944095089 0.8401599007512106 103
1633944125240 0.8373681211607962 104
1633944155549 0.8411413413088861 105
1633944185744 0.839135251473817 106
1633944215979 0.8274944082001762 107
1633944246262 0.8279891161892879 108
1633944276749 0.8392594835721706 109
1633944307225 0.8466029222928493 110
1633944337574 0.8274481998952968 111
1633944367809 0.8296662023166265 112
1633944398355 0.8310585329919074 113
1633944428668 0.8376306462513397 114
1633944458818 0.8405102927456358 115
1633944489137 0.857317326536625 116
1633944519685 0.8457901836623356 117
1633944551889 0.852248602695772 118
1633944582234 0.8519716296937427 119
1633944616838 0.8534507861664008 120
1633944648126 0.8455851536423806 121
1633944679103 0.8288356688342129 122
1633944710259 0.8383261875146735 123
1633944741613 0.8466488211551069 124
1633944773283 0.8571223917175718 125
1633944804431 0.8280616188394744 126
1633944835211 0.8414213015947244 127
1633944866285 0.8419736428210458 128
1633944897482 0.8504803743029925 129
1633944928624 0.8386813917178421 130
1633944960054 0.8393779109764842 131
1633944991265 0.8507881748212736 132
1633945022473 0.8482609126873557 133
1633945053653 0.8513541225541111 134
1633945084901 0.8517815174128048 135
1633945116217 0.8399560219880935 136
1633945148392 0.8521183777520159 137
1633945183440 0.8528708970070734 138
1633945214676 0.8474262600129406 139
1633945248606 0.8531573584352026 140
1633945282574 0.8348467530108312 141
1633945314041 0.8433309544403959 142
1633945345400 0.8454588273476312 143
1633945377072 0.84415846658346 144
1633945407989 0.8499741538945418 145
1633945439405 0.843232702622825 146
1633945470417 0.8385091481468608 147
1633945501463 0.8339660345434332 148
1633945533087 0.8361504740872208 149
1633945564525 0.8348818435782481 150
1633945595576 0.8454591235325909 151
1633945626525 0.8553810536759268 152
1633945659810 0.8483730577625612 153
1633945690955 0.8509310217492512 154
1633945723170 0.8273977047083082 155
1633945754474 0.8439908031998499 156
1633945785760 0.8366618850562718 157
1633945817008 0.8545204303287361 158
1633945848151 0.8453453240981762 159
1633945882892 0.8500486217258892 160
1633945914881 0.8285238644227182 161
1633945946252 0.8472059780464515 162
1633945977655 0.8270975233293696 163
1633946009227 0.837111810439742 164
1633946040676 0.8464662481964866 165
1633946072003 0.8482806280156963 166
1633946103228 0.8376589154848653 167
1633946135202 0.8466193356906102 168
1633946166421 0.8529148678885701 169
1633946197732 0.8275883508018355 170
1633946228692 0.850538320457987 171
1633946260009 0.852005694122587 172
1633946292162 0.8509586984792249 173
1633946323375 0.8552910874153181 174
1633946354774 0.8400669529081136 175
1633946386292 0.8517303015528296 176
1633946417721 0.8464523412658401 177
1633946449121 0.8432513944235216 178
1633946481063 0.8494284086826175 179
1633946515002 0.8425834623747719 180
1633946546474 0.849715100666639 181
1633946578328 0.8560093122407133 182
1633946609709 0.8508257656251272 183
1633946641696 0.8457960542844895 184
1633946673499 0.8425658443117665 185
1633946704885 0.8340809502680545 186
1633946736505 0.8489510019986324 187
1633946768021 0.8500611565435228 188
1633946800508 0.8461945181514728 189
1633946832124 0.851182503812952 190
1633946863509 0.8338781296751514 191
1633946895008 0.8501925929563776 192
1633946926799 0.841108075545638 193
1633946958540 0.8405506046570761 194
1633946990054 0.8548131000713821 195
1633947021461 0.8389976334990683 196
1633947053641 0.8452616039155514 197
1633947085040 0.8432561077218014 198
1633947117352 0.8500851529095799 199
1633947151811 0.8504353341621688 200
1633947183330 0.8443595212573494 201
1633947214669 0.8443123897340977 202
1633947246285 0.8494086631043186 203
1633947278102 0.8427797285496594 204
1633947309451 0.8401245321621424 205
1633947341144 0.8395438466435151 206
1633947372400 0.8317013097150328 207
1633947404149 0.8526028999013265 208
1633947435892 0.8398084188571955 209
1633947467384 0.8465314596779032 210
1633947498695 0.8487611967485026 211
1633947530200 0.8425594685792991 212
1633947561682 0.8553047679350207 213
1633947593084 0.8543392510565136 214
1633947624540 0.8571235757905737 215
1633947656189 0.8491505433541647 216
1633947687644 0.8521047299234817 217
1633947719270 0.8474006088228961 218
1633947750851 0.8447333766399048 219
1633947785216 0.8546701699183399 220
1633947816607 0.8534164115354347 221
1633947851426 0.836116451787985 222
1633947883356 0.8495146870991169 223
1633947915140 0.8477642387776987 224
1633947946921 0.8593064924919688 225
1633947978650 0.8427351588105624 226
1633948010216 0.8391726302353529 227
1633948042136 0.8444729809279864 228
1633948074056 0.8469861165290561 229
1633948105945 0.8446471059051213 230
1633948137861 0.858208186530183 231
1633948172096 0.8485661315022676 232
1633948204480 0.8559125004490842 233
1633948235761 0.8514146723311187 234
1633948267254 0.8580945100510254 235
1633948298917 0.8563606749939571 236
1633948330704 0.8556888940225298 237
1633948362857 0.8466756887871988 238
1633948394249 0.8545259916034914 239
1633948428524 0.8547784829085678 240
1633948460299 0.8528916660526563 241
1633948491974 0.8524046917015582 242
1633948523737 0.8523262649309783 243
1633948556621 0.8532244169852887 244
1633948592722 0.8553963427045016 245
1633948629074 0.8522990858310397 246
1633948662887 0.8450030992695478 247
1633948697277 0.8531183856773464 248
1633948730631 0.8494915818874563 249
1633948763110 0.854275147826012 250
1633948796081 0.8529374162154919 251
1633948830237 0.854284599268788 252
1633948865076 0.8514237038795589 253
1633948897681 0.8389030351522005 254
1633948929855 0.8571272842200914 255
1633948962004 0.8501836515309839 256
1633948993958 0.8620149354785023 257
1633949025909 0.8496098957461875 258
1633949058072 0.8558905058724006 259
1633949092979 0.8492201435291352 260
1633949124914 0.8563200966851942 261
1633949157505 0.8486776651783856 262
1633949189964 0.8479199151189265 263
1633949222473 0.853799823938632 264
1633949254908 0.8603216938828331 265
1633949287166 0.8451191477750497 266
1633949319258 0.86009058451527 267
1633949351380 0.8484108356037511 268
1633949383528 0.8541620415731581 269
1633949415409 0.8511042100218887 270
1633949447488 0.8613174803125199 271
1633949479380 0.8443743385222959 272
1633949511552 0.8545373976067807 273
1633949543549 0.8547413377891421 274
1633949575977 0.8460731096264502 275
1633949608539 0.8485618610773153 276
1633949640793 0.8503029260024596 277
1633949672861 0.8535917283379592 278
1633949704651 0.8544503129447032 279
1633949740108 0.8488633420291032 280
1633949772614 0.8473366818857783 281
1633949804870 0.8490155425797484 282
1633949837851 0.8376969749708433 283
1633949870440 0.8499771275784362 284
1633949902560 0.8531273203134798 285
1633949934745 0.8501145770327861 286
1633949967107 0.8526316792874981 287
1633949999588 0.8544794542770655 288
1633950032517 0.8533361360761769 289
1633950064872 0.8463736384794585 290
1633950097135 0.8546350678627633 291
1633950129147 0.859753138855079 292
1633950161781 0.8620466259582943 293
1633950194337 0.8591966137141706 294
1633950227130 0.8592996976803284 295
1633950259653 0.8535974979014511 296
1633950291958 0.8568089452801034 297
1633950324228 0.8589309145931315 298
1633950356293 0.8570662729250492 299
1633950391702 0.8554617087682076 300
1633950424349 0.8571668672568336 301
1633950456744 0.8568698172665788 302
1633950489355 0.8541399837347626 303
1633950521842 0.8459767747045026 304
1633950554826 0.8534578636084227 305
1633950588076 0.8554030226439279 306
1633950620813 0.8629242607411292 307
1633950652999 0.8565714445206254 308
1633950685470 0.8556292674776051 309
1633950718152 0.8543158988342582 310
1633950750767 0.8548013085579605 311
1633950783532 0.8568418425356257 312
1633950816169 0.8551603657695599 313
1633950849243 0.8509798493036016 314
1633950881702 0.849851122006773 315
1633950914702 0.8556675681424871 316
1633950947137 0.8616598124742205 317
1633950979775 0.8513133426226392 318
1633951012055 0.8489850130459203 319
1633951047451 0.8566899289260805 320
1633951080193 0.8580102566294197 321
1633951112598 0.8564278332825628 322
1633951145111 0.8548597122503857 323
1633951178050 0.8503287192392707 324
1633951211515 0.8466438391301229 325
1633951244191 0.8485743642302715 326
1633951277005 0.8549101361878754 327
1633951309767 0.853497315264931 328
1633951342560 0.8580385052350965 329
1633951375355 0.853634372724751 330
1633951408148 0.852819915475939 331
1633951440950 0.8565239340886346 332
1633951473854 0.8571188736315732 333
1633951506892 0.8535954793069369 334
1633951539592 0.8577434192566138 335
1633951572251 0.8582815458971169 336
1633951605154 0.8527924755956987 337
1633951638199 0.8549979997606075 338
1633951671360 0.8628053527304116 339
1633951706782 0.8584932552564519 340
1633951739604 0.8522929428309476 341
1633951772853 0.8513191157950717 342
1633951805971 0.8458527190020028 343
1633951838992 0.8593378455989855 344
1633951872649 0.8567518465452998 345
1633951906033 0.8563046542435055 346
1633951938607 0.8580777944158134 347
1633951971524 0.8516324726291145 348
1633952004217 0.8580223612108656 349
1633952037206 0.8632813841520365 350
1633952073602 0.8559581805290699 351
1633952107072 0.8599112271253835 352
1633952140060 0.8606357017359486 353
1633952177583 0.8623609798458859 354
1633952211065 0.8592853889897207 355
1633952243912 0.8582559259144342 356
1633952276719 0.8663483107336193 357
1633952309481 0.8507206718621495 358
1633952342619 0.8626735832760684 359
1633952378631 0.858039193405583 360
1633952411850 0.857182774762728 361
1633952444988 0.8607137804796409 362
1633952478669 0.8607743892569535 363
1633952511558 0.8577077080154082 364
1633952546693 0.8595932995154704 365
1633952579662 0.854794491794959 366
1633952612556 0.8611426871651826 367
1633952645374 0.8557781556967021 368
1633952678129 0.8514895957363264 369
1633952711058 0.8584373135648482 370
1633952744402 0.8555422958011167 371
1633952777657 0.8543207162724433 372
1633952810832 0.859857436895427 373
1633952844319 0.8591020305812052 374
1633952877565 0.8383665196979444 375
1633952911167 0.8540422115253217 376
1633952944458 0.8507392387092768 377
1633952977543 0.8539835504697939 378
1633953011302 0.858545103100822 379
1633953052585 0.8579401212855255 380
1633953088451 0.8569821707070747 381
1633953125913 0.8581026035857736 382
1633953159739 0.8579092586006452 383
1633953192918 0.8631614263024987 384
1633953226709 0.8502437765061971 385
1633953261541 0.8647904157750705 386
1633953295910 0.8594971864949279 387
1633953329928 0.8574760658959825 388
1633953362740 0.8561631088888554 389
1633953395674 0.8559149447302602 390
1633953428815 0.8583588892299486 391
1633953462433 0.8644230872329072 392
1633953510364 0.8645648296325464 393
1633953544484 0.8608669089568222 394
1633953577968 0.8574999962632653 395
1633953611377 0.8618597880873906 396
1633953648285 0.8585263461669483 397
1633953686173 0.8603272274015598 398
1633953720497 0.8592720026368061 399
1633953759384 0.8615564987609208 400
1633953794964 0.8609148029328435 401
1633953830363 0.8565948935205095 402
1633953865597 0.8529637184127373 403
1633953900689 0.8633034140894624 404
1633953933911 0.8635682446414202 405
1633953967729 0.8615916658779639 406
1633954001607 0.867293208660939 407
1633954034661 0.8679840123175048 408
1633954068066 0.8669660970436469 409
1633954106178 0.8616978062487667 410
1633954140200 0.8677574553728018 411
1633954173160 0.8628365643920028 412
1633954206300 0.8557512041432053 413
1633954239564 0.8611415630414987 414
1633954273233 0.8540884529315965 415
1633954306820 0.8657124258316391 416
1633954340194 0.8569895626077697 417
1633954373593 0.8640468418413684 418
1633954406799 0.8576078465424338 419
1633954442695 0.8543947978568573 420
1633954476209 0.8556476243614288 421
1633954509435 0.8556571016973867 422
1633954542864 0.8649699356274805 423
1633954576717 0.8635049247415696 424
1633954610261 0.8525185963263858 425
1633954643217 0.856541328709342 426
1633954676829 0.8620011229186273 427
1633954710565 0.8566739255590989 428
1633954743911 0.8525001657835815 429
1633954777359 0.8501300669740214 430
1633954811308 0.8611585351273717 431
1633954844534 0.8539454376819086 432
1633954877865 0.855279992981617 433
1633954911397 0.8584917808817117 434
1633954944805 0.8558991811193254 435
1633954978457 0.8594347236654173 436
1633955011758 0.847030420448497 437
1633955045389 0.8635867710568177 438
1633955078721 0.8656309795797243 439
1633955114891 0.8639040900482067 440
1633955148585 0.8659718567979858 441
1633955182195 0.8544513715543388 442
1633955215626 0.863696179571679 443
1633955249422 0.8532173174730618 444
1633955283186 0.8542568874464026 445
1633955316813 0.8574293119312755 446
1633955350297 0.8686832954460817 447
1633955387342 0.8587429879416134 448
1633955420831 0.8578860591159945 449
1633955454363 0.8584263899293141 450
1633955488165 0.8568394936722472 451
1633955521420 0.8668440141628294 452
1633955555104 0.8585883905166954 453
1633955588737 0.8599643168905962 454
1633955622154 0.8620969141067838 455
1633955659332 0.8656402532015723 456
1633955693564 0.8548550591405404 457
1633955726789 0.8618227885060092 458
1633955760196 0.8607809502735079 459
1633955796480 0.858056759685266 460
1633955830362 0.8594812442678155 461
1633955863850 0.8598667120463889 462
1633955897443 0.8622266966347979 463
1633955931025 0.8592701148249197 464
1633955964926 0.8632334781138409 465
1633955998688 0.8643183138412929 466
1633956032341 0.8660661105160631 467
1633956066742 0.8638099009163941 468
1633956100659 0.8649287907205614 469
1633956134222 0.8575145531713716 470
1633956167972 0.8634127046990925 471
1633956201717 0.8675165093071026 472
1633956236133 0.8570518968348185 473
1633956270027 0.8635628761254698 474
1633956303517 0.8605001030570156 475
1633956337295 0.8669606187385926 476
1633956370948 0.8588784300834198 477
1633956404424 0.8617701835209092 478
1633956438698 0.8642026192839815 479
1633956475194 0.8538952031048092 480
1633956509151 0.8580345947427913 481
1633956543014 0.8655525648592988 482
1633956577267 0.8672666867006731 483
1633956610971 0.8627268727009642 484
1633956644546 0.855504530244756 485
1633956678379 0.8660747619383344 486
1633956712087 0.8548838926623672 487
1633956746161 0.8655090007553734 488
1633956780121 0.8563934081922583 489
1633956813828 0.8557417789578554 490
1633956847716 0.8539535774287096 491
1633956881629 0.8602707990408812 492
1633956915808 0.8655666719582374 493
1633956949391 0.8645204826313672 494
1633956983329 0.8585116245493418 495
1633957017784 0.8601251642100877 496
1633957051679 0.8630001882265029 497
1633957085373 0.8547762648481799 498
1633957119616 0.8629720960136401 499
1633957156696 0.8654703249949338 500
1633957190921 0.8564798907742548 501
1633957225044 0.8589294916034131 502
1633957258887 0.8635688457206723 503
1633957293238 0.8651965181696408 504
1633957327365 0.8643386905047328 505
1633957361631 0.8630156814601246 506
1633957395356 0.866059260385265 507
1633957429489 0.8673607888585586 508
1633957468265 0.8733069319733124 509
1633957506735 0.8642248296696191 510
1633957541543 0.8665321558777039 511
1633957575665 0.8615170115268143 512
1633957609494 0.8657688372684313 513
1633957643820 0.8675517489646822 514
1633957678371 0.8629541322426174 515
1633957712315 0.8638948487605369 516
1633957746069 0.8624919304231178 517
1633957780920 0.8634328039848813 518
1633957815113 0.8608279519847936 519
1633957851886 0.868755527899851 520
1633957886380 0.8665395545151552 521
1633957920877 0.8588425981627634 522
1633957955237 0.8654702031632278 523
1633957989714 0.8648555131325715 524
1633958023825 0.8674043537727048 525
1633958057772 0.8658422999065348 526
1633958092545 0.8678997034358518 527
1633958126596 0.8656611422966364 528
1633958160692 0.8638691810492168 529
1633958194913 0.8653384017371959 530
1633958229140 0.8648552686800549 531
1633958263524 0.8700696991857462 532
1633958297868 0.8675904964855072 533
1633958332337 0.865919474376204 534
1633958366740 0.8622914519820922 535
1633958401103 0.8650180984175972 536
1633958435822 0.8597595111520641 537
1633958470419 0.8606531585140598 538
1633958504393 0.8657220263509542 539
1633958541567 0.8645692760041366 540
1633958575897 0.8638368780607895 541
1633958610563 0.8607335199852088 542
1633958645361 0.8603596955460545 543
1633958679520 0.8608674915322795 544
1633958713851 0.8664572989655999 545
1633958748473 0.8666683717859072 546
1633958783055 0.8618424598232818 547
1633958817461 0.8632461359364213 548
1633958852321 0.8607500722677617 549
1633958886938 0.8653950221354559 550
1633958921343 0.8653196547465234 551
1633958956077 0.858940824162425 552
1633958990496 0.8619106172136872 553
1633959024775 0.8625060051595411 554
1633959059169 0.8586958954484976 555
1633959093880 0.8640061506036989 556
1633959128604 0.8615469352100658 557
1633959163112 0.8616060582638612 558
1633959197224 0.8577042194537422 559
1633959234920 0.8608777844913165 560
1633959269503 0.8630325024901602 561
1633959304033 0.8641685191535684 562
1633959338517 0.8699474309358363 563
1633959372906 0.8649711839991249 564
1633959407278 0.8651559924456231 565
1633959441780 0.8678347549553038 566
1633959476385 0.8639464553206129 567
1633959511204 0.8583492552676621 568
1633959545820 0.8615568974137103 569
1633959580700 0.8624932595054576 570
1633959615030 0.8640113164043648 571
1633959649378 0.8679741351457326 572
1633959684679 0.8570356958826607 573
1633959719648 0.8591647412202599 574
1633959754106 0.8622778460465578 575
1633959789055 0.8614914208968275 576
1633959823601 0.8612476009732808 577
1633959858356 0.8637636587980435 578
1633959893189 0.8633415293953677 579
1633959930533 0.8610255051276378 580
1633959965285 0.8608353193470987 581
1633960000118 0.8601629987477291 582
1633960034691 0.8568851858647396 583
1633960069446 0.8696150336007483 584
1633960104710 0.8582207466550519 585
1633960139575 0.8599382610843986 586
1633960174231 0.8637766346520577 587
1633960208978 0.8641596819225218 588
1633960244029 0.864017023994489 589
1633960278911 0.8631643962812495 590
1633960313922 0.863433159154906 591
1633960348803 0.8655433252936893 592
1633960384053 0.8653860809747681 593
1633960419433 0.8664910629904112 594
1633960454148 0.8694350931229158 595
1633960488618 0.8659445138882744 596
1633960523555 0.8564546723405745 597
1633960558215 0.8546795915477811 598
1633960593441 0.8635046289542153 599
1633960631131 0.8532466319470928 600
1633960666350 0.8667339211803152 601
1633960701537 0.8640989628903291 602
1633960736753 0.8667694997563141 603
1633960772200 0.8593038585601759 604
1633960807131 0.8670759603605741 605
1633960842235 0.8658178495622006 606
1633960877262 0.8683028750449459 607
1633960911967 0.8625337277471675 608
1633960947293 0.8608393135809885 609
1633960983013 0.861676619383783 610
1633961017937 0.8578966353567138 611
1633961053327 0.8625957913750327 612
1633961088700 0.8664486068029655 613
1633961123927 0.8637390884687475 614
1633961159344 0.8644387411052353 615
1633961194410 0.8609110811163864 616
1633961229269 0.8691315315641298 617
1633961264493 0.8671366698622623 618
1633961299733 0.8612268573446461 619
1633961337743 0.8601365837055872 620
1633961373347 0.8656327344075881 621
1633961408339 0.8629685604876476 622
1633961443380 0.86600732067385 623
1633961478638 0.8613141275044502 624
1633961514009 0.8597164524351143 625
1633961549205 0.8640053813262416 626
1633961584517 0.8651548791451893 627
1633961619697 0.8614488377205003 628
1633961655161 0.8647313757328648 629
1633961694940 0.8681542090077743 630
1633961735202 0.863917204274762 631
1633961770996 0.8678771293150921 632
1633961806236 0.87044982835664 633
1633961853194 0.867714289467129 634
1633961901912 0.8620788542522048 635
1633961937154 0.8623152805676443 636
1633961972588 0.8545595998789972 637
1633962007777 0.8676824335160058 638
1633962042997 0.8655528471756316 639
1633962081038 0.8657646099762212 640
1633962116624 0.867583158281756 641
1633962152633 0.8632561292008051 642
1633962190299 0.8637947154010717 643
1633962225944 0.8594769690462486 644
1633962260999 0.8591544528468814 645
1633962301274 0.8590265417228321 646
1633962340652 0.8638000066175215 647
1633962376281 0.8679600883624236 648
1633962412447 0.8689589804990805 649
1633962447808 0.8651379748853719 650
1633962482993 0.8650743472316483 651
1633962518647 0.8622135389994032 652
1633962554035 0.8660926796574209 653
1633962589171 0.8624292021733798 654
1633962624671 0.864945444673253 655
1633962659858 0.8661121334591662 656
1633962698216 0.8665913731426578 657
1633962734169 0.8680373350348354 658
1633962769343 0.8618899934205232 659
1633962807492 0.8653374390591473 660
1633962843046 0.8590885992982207 661
1633962878772 0.8611182028891926 662
1633962919983 0.8646523820834916 663
1633962955705 0.8626442284170188 664
1633962991334 0.8626812600401519 665
1633963027089 0.8606527221770003 666
1633963062416 0.8671142592907519 667
1633963097944 0.8692882850261788 668
1633963133448 0.8579413899477362 669
1633963169036 0.8668092467042949 670
1633963204635 0.8642542193913678 671
1633963240288 0.8699153493853801 672
1633963275852 0.8648850668980727 673
1633963311515 0.8639300000808535 674
1633963346801 0.859754613517133 675
1633963382792 0.8685108432540314 676
1633963418267 0.8688281008106675 677
1633963453616 0.8670930723319976 678
1633963489435 0.8683257043770152 679
1633963527854 0.8650775086620448 680
1633963563455 0.8648887682500399 681
1633963598925 0.8729650700296641 682
1633963634748 0.8675880329325695 683
1633963670476 0.8646726329528858 684
1633963706171 0.8638359580993977 685
1633963741865 0.8658700443512757 686
1633963778005 0.867860958014792 687
1633963813681 0.8681996653878763 688
1633963850297 0.8679523723774912 689
1633963885861 0.8714305713909742 690
1633963921526 0.8724585042041015 691
1633963957550 0.8661688572912862 692
1633963993389 0.8683603367624683 693
1633964029520 0.8661727598186798 694
1633964065366 0.864999847360096 695
1633964101281 0.8692247654357175 696
1633964136984 0.8677794600460473 697
1633964173572 0.8711611515858866 698
1633964209623 0.867869941222812 699
1633964248610 0.8723231658024948 700
1633964284685 0.8716927054279202 701
1633964320351 0.8694038108214691 702
1633964357422 0.8672195644576941 703
1633964393677 0.8714843421054732 704
1633964429815 0.8695057964943782 705
1633964465893 0.8711366202620348 706
1633964501569 0.8717998851495261 707
1633964537413 0.8723708062118041 708
1633964573341 0.8744175690262392 709
1633964609417 0.8745776087918917 710
1633964645648 0.872607825221762 711
1633964681465 0.8721203303493431 712
1633964717473 0.8742397523305581 713
1633964752945 0.8703633602977374 714
1633964789138 0.8688275428441514 715
1633964825625 0.8650496514942547 716
1633964861640 0.8711100162844564 717
1633964897119 0.8660054186416601 718
1633964933428 0.869417775137512 719
1633964972614 0.8681399423554209 720
1633965008828 0.8733297836368765 721
1633965045040 0.8722082835294012 722
1633965081569 0.8674009610109374 723
1633965117902 0.871005207780612 724
1633965154429 0.8755503639107225 725
1633965190477 0.8689717705264639 726
1633965226360 0.8626591289627952 727
1633965262708 0.867213621673238 728
1633965298798 0.86706881688003 729
1633965335202 0.872306858460613 730
1633965371387 0.8654610800623194 731
1633965407941 0.8667245794109902 732
1633965444104 0.8643360561564812 733
1633965481847 0.8694437010431173 734
1633965517633 0.8659875906973926 735
1633965554393 0.867251675298157 736
1633965590791 0.8643041391532578 737
1633965627105 0.8662119011209543 738
1633965663173 0.868644433932265 739
1633965702221 0.8655607377212285 740
1633965738615 0.8677653288029359 741
1633965775285 0.8666820522422809 742
1633965811830 0.8670544201769269 743
1633965848387 0.8689160476386883 744
1633965884597 0.8552478609631569 745
1633965920714 0.8624788919517743 746
1633965956993 0.8691283461684173 747
1633965993405 0.8668598541208057 748
1633966029436 0.8619650544645067 749
1633966065810 0.8697578729823076 750
1633966102217 0.865545230265245 751
1633966138385 0.8651810238126352 752
1633966174754 0.8627480603413717 753
1633966210917 0.868696343824355 754
1633966262014 0.8667306693367531 755
1633966298111 0.8706529360004623 756
1633966335676 0.8702318066870701 757
1633966371937 0.863236382541229 758
1633966408484 0.8674002927408022 759
1633966447786 0.8673689378565512 760
1633966485805 0.864719318699904 761
1633966522280 0.8657895197303236 762
1633966560334 0.8666991321013946 763
1633966596837 0.8677401750131051 764
1633966633301 0.8698312985189016 765
1633966669728 0.8689417031429134 766
1633966706597 0.8594499668096128 767
1633966745064 0.863789625892898 768
1633966781464 0.8695838048641378 769
1633966818173 0.8629559878308177 770
1633966854765 0.8662232012896495 771
1633966891050 0.8662752187662484 772
1633966928604 0.863470528800229 773
1633966964969 0.8657139494482354 774
1633967001751 0.8708949718715062 775
1633967038629 0.860380685464007 776
1633967075245 0.8621145771997405 777
1633967111884 0.8644384944119519 778
1633967148535 0.8660986099758405 779
1633967188064 0.8655626881211645 780
1633967225150 0.8638317255146554 781
1633967263253 0.8664576220404359 782
1633967303397 0.8651657710619709 783
1633967340684 0.8696130384897499 784
1633967392234 0.8646610159083037 785
1633967429222 0.8639100200747908 786
1633967466017 0.8674167944997493 787
1633967503449 0.8632537917581153 788
1633967540967 0.8634862672796467 789
1633967577749 0.8659308920384311 790
1633967616598 0.8665925942325512 791
1633967659484 0.8663438527342548 792
1633967696771 0.8628656563317201 793
1633967733878 0.8722887307532732 794
1633967777246 0.869647997311344 795
1633967813683 0.8695873635677869 796
1633967850248 0.8624758702206965 797
1633967890329 0.869731283496592 798
1633967927041 0.8710518431879587 799
1633967969673 0.8700914894402485 800
1633968007615 0.8649411494922867 801
1633968045210 0.8670463902460661 802
1633968087022 0.8683175895069827 803
1633968124254 0.8660850453593879 804
1633968165006 0.871810624687516 805
1633968202704 0.8630384711792558 806
1633968239518 0.8603359588704623 807
1633968276360 0.8641278500681718 808
1633968313331 0.8674281647730513 809
1633968350114 0.8665901099854298 810
1633968387010 0.8597483957651618 811
1633968424009 0.8721291642773187 812
1633968460770 0.8642417504428338 813
1633968497481 0.8673972081109185 814
1633968534261 0.8635117940918631 815
1633968573897 0.8680184028890424 816
1633968610602 0.8662955497558636 817
1633968650582 0.8658963960723504 818
1633968687368 0.8598077374912906 819
1633968727961 0.8644561535039463 820
1633968766007 0.8628203505799169 821
1633968804642 0.8677080501833093 822
1633968842062 0.8626061455614322 823
1633968879292 0.8664418519418551 824
1633968916416 0.8720614358039016 825
1633968953501 0.8661846137811328 826
1633968990287 0.8642408719124518 827
1633969027852 0.8637303811186018 828
1633969065008 0.8684608278282077 829
1633969102287 0.8671966916174664 830
1633969138869 0.866156678865574 831
1633969175839 0.8652073670155862 832
1633969212908 0.8657165073942842 833
1633969249957 0.8683320177906205 834
1633969286668 0.8646020733175681 835
1633969323620 0.8589016892666184 836
1633969361095 0.8633793321452923 837
1633969397869 0.8651600914262829 838
1633969434681 0.8631867153940276 839
1633969474228 0.8656164261915452 840
1633969512763 0.8627568305651713 841
1633969550798 0.8619905487966655 842
1633969589023 0.8609971097003623 843
1633969626964 0.864746841503221 844
1633969664136 0.8606528756768625 845
1633969701592 0.8669764693888505 846
1633969738611 0.8690734066208828 847
1633969775971 0.8646949076029541 848
1633969812881 0.8657015334672489 849
1633969850145 0.8655933700076085 850
1633969887184 0.864234240441153 851
1633969924507 0.8651648428445181 852
1633969961588 0.8644423575455651 853
1633969998847 0.8614900153675963 854
1633970035942 0.8685183516285278 855
1633970075883 0.866282709293287 856
1633970113073 0.8663528429071912 857
1633970154813 0.8715076559803918 858
1633970192256 0.8637096731873524 859
1633970231860 0.8710041578087792 860
1633970270151 0.8709521931071039 861
1633970308135 0.8662248445421293 862
1633970345564 0.8634097811549389 863
1633970383687 0.8661736482519191 864
1633970421324 0.8664274735374846 865
1633970459664 0.8707191906754809 866
1633970497108 0.8703982942147531 867
1633970534990 0.8678528879896025 868
1633970572339 0.8683158732490134 869
1633970609683 0.8604146197383263 870
1633970647011 0.8680789082900339 871
1633970684377 0.8630573078931714 872
1633970722013 0.8654226625695018 873
1633970765920 0.8677715458432789 874
1633970807156 0.8702674623161526 875
1633970844339 0.8717050619545852 876
1633970882650 0.8624152809964036 877
1633970919739 0.8676551328071777 878
1633970959903 0.8712787325476326 879
1633971014557 0.8681160155542849 880
1633971053817 0.8693568087308988 881
1633971092087 0.8701990136970199 882
1633971129970 0.8685081635864434 883
1633971167827 0.8711958647298206 884
1633971205658 0.8698150600182682 885
1633971243393 0.8667264815145922 886
1633971281067 0.8687282343558198 887
1633971318819 0.8707588775336805 888
1633971356487 0.8727930946957827 889
1633971394259 0.8695087729544252 890
1633971431740 0.8749070332016504 891
1633971469613 0.8771793172515766 892
1633971507353 0.8727584204082197 893
1633971544815 0.8743911707750824 894
1633971588557 0.8744040243277366 895
1633971631955 0.8725730134719646 896
1633971669218 0.8610359591440637 897
1633971707101 0.8724160173976946 898
1633971744273 0.8690968738972334 899
1633971784792 0.8668913427650108 900
1633971823070 0.8662322759826444 901
1633971860839 0.8676750318375073 902
1633971898971 0.8689859715618481 903
1633971936896 0.8664259047610872 904
1633971974892 0.8678510220441885 905
1633972012362 0.8769546127279058 906
1633972050127 0.8661629738624559 907
1633972088254 0.8680289897999575 908
1633972125911 0.8657584400519548 909
1633972163204 0.8714500028323536 910
1633972201303 0.8672558098795764 911
1633972239273 0.8687416437844611 912
1633972276673 0.8743123103271857 913
1633972314355 0.8728222461499087 914
1633972352256 0.8715647712494666 915
1633972390281 0.871942957952823 916
1633972427570 0.8751896609457501 917
1633972465315 0.8761788133918404 918
1633972506710 0.8717807286343945 919
1633972547669 0.8646549551855855 920
1633972586100 0.8713661579698372 921
1633972627848 0.8744237419344962 922
1633972666345 0.8692734388409425 923
1633972704400 0.8674940651315425 924
1633972742471 0.8700238990128697 925
1633972780258 0.8695002018646437 926
1633972818404 0.8716381595145606 927
1633972855817 0.8700581288359286 928
1633972893957 0.8718983656348398 929
1633972934192 0.8698245811322414 930
1633972971697 0.8752548898923133 931
1633973010010 0.8680107713630214 932
1633973047752 0.8647134865794799 933
1633973085888 0.8653840920045248 934
1633973123860 0.8693172251081863 935
1633973161935 0.8669358454313567 936
1633973199701 0.8652622449074848 937
1633973237465 0.8714427103999027 938
1633973275960 0.8695224718950016 939
1633973316716 0.8750428639631445 940
1633973356026 0.8706059737182734 941
1633973394604 0.8681754115019871 942
1633973434317 0.8741608414959361 943
1633973473166 0.8704039045932159 944
1633973511846 0.8694866201005423 945
1633973550819 0.8671982311699892 946
1633973589021 0.8701950956844086 947
1633973627591 0.8616976134974347 948
1633973666106 0.8709574391860229 949
1633973704070 0.8749781404522621 950
1633973742129 0.8722011970684053 951
1633973779736 0.8726597895041837 952
1633973818498 0.871794367406311 953
1633973859694 0.8620210735684175 954
1633973897837 0.8699658280926422 955
1633973935554 0.8675061572385924 956
1633973973593 0.870360261084553 957
1633974011427 0.867948566905049 958
1633974050646 0.8737732979394691 959
1633974091671 0.8743414712735263 960
1633974130776 0.8720797900748375 961
1633974169802 0.8706085383208367 962
1633974209089 0.8687961024798365 963
1633974247798 0.8696027736936693 964
1633974286882 0.8678853087914089 965
1633974326647 0.8701229722028253 966
1633974365353 0.8663450361642118 967
1633974403941 0.8715475461475011 968
1633974443749 0.8663832685385444 969
1633974482461 0.8723432904604743 970
1633974521077 0.8715982485879274 971
1633974559825 0.8689125549075619 972
1633974597979 0.8661271061206258 973
1633974636031 0.8741648980246894 974
1633974674361 0.8772694967932201 975
1633974712739 0.8687378488390898 976
1633974751500 0.8708500583277303 977
1633974790239 0.8686084674258062 978
1633974828166 0.8724389975986624 979
1633974872031 0.875382801678644 980
1633974911789 0.8709353546841249 981
1633974951100 0.8748532749487925 982
1633974990464 0.8716937427324042 983
1633975030261 0.8760399935840363 984
1633975079207 0.8717425323056477 985
1633975118214 0.8737632500998578 986
1633975175901 0.8738503262379476 987
1633975214593 0.8683312824162694 988
1633975264350 0.8735395152463936 989
1633975303330 0.8748684843724548 990
1633975342098 0.8714678160459043 991
1633975381141 0.8695307335220398 992
1633975419665 0.8748156618566053 993
1633975458232 0.877379719462624 994
1633975511253 0.8666118687307671 995
1633975550102 0.8727011218381991 996
1633975589041 0.8677143741345438 997
1633975627684 0.8690317361175036 998
1633975666183 0.8705818606245539 999
1633975707888 0.8689448605924156 1000
1633975746950 0.8695741284269815 1001
1633975785854 0.8723953813812875 1002
1633975824865 0.8731993438364548 1003
1633975865115 0.8711972480463969 1004
1633975904538 0.8671284665977473 1005
1633975942991 0.8674345021684444 1006
1633975982913 0.8724058192757378 1007
1633976021947 0.8700717412870842 1008
1633976060888 0.8711364755685844 1009
1633976100734 0.8699565582779144 1010
1633976141076 0.8734338747620791 1011
1633976180875 0.8719106449331882 1012
1633976220540 0.8715283926175473 1013
1633976259249 0.8716328992725312 1014
1633976298967 0.8687362386880095 1015
1633976337965 0.8741417800613396 1016
1633976377071 0.8721618504874472 1017
1633976416777 0.872762394753459 1018
1633976455885 0.8684289098563664 1019
1633976497715 0.8758131858714757 1020
1633976537163 0.8727110122745732 1021
1633976576694 0.8739184692405039 1022
1633976616335 0.8711062005050481 1023
1633976656657 0.8710836582306828 1024
1633976696694 0.875089420639866 1025
1633976735948 0.8683833352364487 1026
1633976780324 0.8737510965334686 1027
1633976819812 0.8697959095932851 1028
1633976859574 0.8687088481263763 1029
1633976898620 0.8722543099667869 1030
1633976937362 0.872149435241244 1031
1633976977196 0.8725024109770586 1032
1633977021564 0.8738126969255272 1033
1633977060874 0.8715406453488128 1034
1633977100419 0.8709250756619145 1035
1633977139907 0.870806225296031 1036
1633977178966 0.8735242881935158 1037
1633977219148 0.8756255028170877 1038
1633977259033 0.8741095542624775 1039
1633977301175 0.8719594133141039 1040
1633977341984 0.8714797570760028 1041
1633977381852 0.8696323254172089 1042
1633977421745 0.8684309705065977 1043
1633977461093 0.8709519031379138 1044
1633977500748 0.871778763603861 1045
1633977541254 0.8700935743918982 1046
1633977580922 0.8708226080434585 1047
1633977620335 0.8691192685305926 1048
1633977659789 0.8687615903495741 1049
1633977699286 0.8695398498712779 1050
1633977738227 0.8699115461445215 1051
1633977777858 0.8676268969878655 1052
1633977817899 0.8675648888346147 1053
1633977857410 0.8736699949778236 1054
1633977897748 0.8716965390502167 1055
1633977937439 0.872193018071699 1056
1633977976828 0.8702905876152185 1057
1633978016099 0.8648497448111141 1058
1633978055073 0.8664185818739593 1059
1633978097346 0.8713450433209908 1060
1633978138193 0.8636690892157942 1061
1633978178113 0.8695395285074862 1062
1633978217355 0.8695263200157979 1063
1633978258032 0.8674494935256669 1064
1633978298651 0.8710647718157386 1065
1633978338469 0.869620246424052 1066
1633978378786 0.8697514664866247 1067
1633978420428 0.8689259765738488 1068
1633978460219 0.8675768205811139 1069
1633978499718 0.8636085643509688 1070
1633978540141 0.8719674494836465 1071
1633978580188 0.8651489100343667 1072
1633978621662 0.8712641420393886 1073
1633978661856 0.8671722351595049 1074
1633978701664 0.8692119371826642 1075
1633978741542 0.8669787702127938 1076
1633978781347 0.874499382361743 1077
1633978821090 0.8717163615598321 1078
1633978861409 0.8673179545580867 1079
1633978904008 0.8657037721585793 1080
1633978944634 0.868166696546558 1081
1633978984635 0.8682661297716764 1082
1633979025691 0.8679055487177918 1083
1633979065475 0.8742909219100395 1084
1633979106079 0.8728804112643538 1085
1633979147286 0.8685690197321699 1086
1633979189176 0.8689212632331097 1087
1633979228740 0.8687963137246485 1088
1633979268946 0.870215704189228 1089
1633979308870 0.8648813039396656 1090
1633979349511 0.8710801758437594 1091
1633979388646 0.863817279275821 1092
1633979429503 0.8583604890340235 1093
1633979469540 0.8641109234748009 1094
1633979510097 0.8674257876815129 1095
1633979550924 0.8665873132990706 1096
1633979590915 0.858717900118876 1097
1633979630754 0.8663101870130288 1098
1633979670390 0.8661196406409896 1099
1633979712746 0.8651826058827804 1100
1633979752504 0.8649503121138782 1101
1633979792873 0.866685801839876 1102
1633979832879 0.867021115704371 1103
1633979872847 0.8636396810879889 1104
1633979913105 0.8678832581010009 1105
1633979953009 0.8649384238605752 1106
1633979994082 0.8661413056017879 1107
1633980034279 0.854891526237964 1108
1633980074654 0.8618665537899356 1109
1633980115238 0.8656572620869414 1110
1633980156289 0.8718621298010164 1111
1633980197211 0.8630925704222046 1112
1633980237665 0.8667849030684797 1113
1633980278239 0.8635130373064075 1114
1633980318702 0.870578876753743 1115
1633980360115 0.8672394621108769 1116
1633980402170 0.8679711353699568 1117
1633980443909 0.8708383137805021 1118
1633980485129 0.8656924766994764 1119
1633980528035 0.8688859144969477 1120
1633980568910 0.868356459016555 1121
1633980609418 0.8699655524563344 1122
1633980649646 0.8693530605024377 1123
1633980689442 0.8647655773041902 1124
1633980729502 0.8657009199496289 1125
1633980769512 0.8636856624949252 1126
1633980810008 0.8614241223311935 1127
1633980850003 0.8682710725810047 1128
1633980891273 0.8670038944093906 1129
1633980931896 0.8691978374420435 1130
1633980973258 0.8662104602952845 1131
1633981013878 0.8680918439701145 1132
1633981054642 0.8687466997449015 1133
1633981094760 0.8684093000174407 1134
1633981135436 0.868723360808652 1135
1633981175622 0.8701284114947903 1136
1633981218096 0.8680594048238073 1137
1633981257802 0.8702722894202702 1138
1633981298306 0.8622352176628001 1139
1633981341285 0.862464197434771 1140
1633981382862 0.8651375036391211 1141
1633981423411 0.8656431345877903 1142
1633981464570 0.8635986596837927 1143
1633981505277 0.8691417844280023 1144
1633981545466 0.8647339689384103 1145
1633981586215 0.8661320644809782 1146
1633981626931 0.8663520421856526 1147
1633981667385 0.863225689003528 1148
1633981708577 0.8619865607125081 1149
1633981750185 0.8677481122966737 1150
1633981790538 0.8631905545509663 1151
1633981831117 0.8662080369140837 1152
1633981871601 0.8637823768417504 1153
1633981912024 0.8704202702644234 1154
1633981953821 0.8639138449359587 1155
1633981994514 0.8664698902090593 1156
1633982035594 0.8671454660447041 1157
1633982076163 0.8689440845866921 1158
1633982117135 0.8646459943940208 1159
1633982160410 0.8691297070737356 1160
1633982202334 0.8689220455850232 1161
1633982242656 0.8692307683732418 1162
1633982283171 0.8668577775773267 1163
1633982323621 0.8665739416488742 1164
1633982363954 0.8658042394279833 1165
1633982404395 0.8647416816995537 1166
1633982444801 0.8667030182138233 1167
1633982486784 0.8656101038810851 1168
1633982527089 0.8682996532252123 1169
1633982567723 0.8687137135720644 1170
1633982608446 0.8673233840274418 1171
1633982650027 0.853896978799779 1172
1633982691087 0.8635329115288983 1173
1633982732447 0.8666551688445481 1174
1633982772930 0.8669799679843607 1175
1633982816292 0.8668207481849498 1176
1633982857711 0.8640191217355331 1177
1633982899386 0.868671934142001 1178
1633982939978 0.866825080264368 1179
1633982983254 0.8684672379692493 1180
1633983025702 0.8636313777722073 1181
1633983066957 0.8658768437316502 1182
1633983107818 0.8681789411755411 1183
1633983148390 0.8648813173132361 1184
1633983189798 0.8679379616958551 1185
1633983230733 0.8684065106959968 1186
1633983272323 0.8737390582986552 1187
1633983313403 0.8679744238217206 1188
1633983354134 0.8643339312594024 1189
1633983395785 0.8672091684649497 1190
1633983436959 0.8689942792892855 1191
1633983478308 0.867543311276647 1192
1633983519022 0.869179381468789 1193
1633983560838 0.8671749172068943 1194
1633983601569 0.8718132783744946 1195
1633983642187 0.8677149995700921 1196
1633983683965 0.8659254567635011 1197
1633983725754 0.8672489402330817 1198
1633983766535 0.8709014762991445 1199
1633983810936 0.8630690616373701 1200
1633983852221 0.8655085649546898 1201
1633983893644 0.8686192447319374 1202
1633983935122 0.8721993738729252 1203
1633983976257 0.8681459855534978 1204
1633984016797 0.8711305709226262 1205
1633984058357 0.8689661397871191 1206
1633984099325 0.8668860984603057 1207
1633984140187 0.8679388534312409 1208
1633984181823 0.8704824417855582 1209
1633984222757 0.8659461739111589 1210
1633984263783 0.8707892960396868 1211
1633984305075 0.8717732917783406 1212
1633984346934 0.8691417542609028 1213
1633984388883 0.8736531403728602 1214
1633984429852 0.8707963552158032 1215
1633984470781 0.8688411307744985 1216
1633984512119 0.8729452147735782 1217
1633984554028 0.8675072924334543 1218
1633984595273 0.8693532446382102 1219
1633984639690 0.8702044219681109 1220
1633984683218 0.8727641489810746 1221
1633984727054 0.871839288463474 1222
1633984768522 0.8705813499630156 1223
1633984810141 0.8772034742811332 1224
1633984851282 0.8691148828806846 1225
1633984892458 0.8704409954512261 1226
1633984933327 0.8669907015588576 1227
1633984974474 0.8697487902113148 1228
1633985016186 0.8753238054800913 1229
1633985057831 0.866551976537985 1230
1633985099471 0.8718680914950152 1231
1633985140815 0.8666840549522645 1232
1633985182376 0.8754997975856753 1233
1633985224206 0.8684832551959817 1234
1633985266490 0.8658820338459543 1235
1633985307239 0.8685593557373198 1236
1633985349208 0.8659953661563763 1237
1633985390965 0.8683544224066357 1238
1633985432218 0.8628493789351394 1239
1633985477739 0.8646566957691535 1240
1633985519146 0.8715969449428014 1241
1633985560768 0.8715291767668835 1242
1633985603013 0.8711665295765717 1243
1633985649107 0.8674061041808938 1244
1633985690437 0.8647764334891908 1245
1633985740054 0.8622035955693266 1246
1633985784957 0.8645284978501818 1247
1633985826734 0.8601913084983046 1248
1633985867705 0.8678696313625079 1249
1633985915012 0.8588244337003804 1250
1633985956996 0.8659235876036487 1251
1633985998749 0.8600162339281878 1252
1633986040847 0.8600667492194947 1253
1633986082019 0.8631001403451624 1254
1633986124826 0.8647417487421645 1255
1633986166014 0.8617942163475133 1256
1633986209408 0.86280869200128 1257
1633986250521 0.8676768546159346 1258
1633986294064 0.8681035852440395 1259
1633986338370 0.8705924353350285 1260
1633986380539 0.8668540012075548 1261
1633986422267 0.8617132517901596 1262
1633986463424 0.8711300558259231 1263
1633986504730 0.8718464803623556 1264
1633986547095 0.8754401000909982 1265
1633986588628 0.8707188405027466 1266
1633986630442 0.8688695472769906 1267
1633986672180 0.8685092604107902 1268
1633986718833 0.8688612061868912 1269
1633986760861 0.8679226259136277 1270
1633986803818 0.8698452431897592 1271
1633986845063 0.8702981235194579 1272
1633986887527 0.8731592205765106 1273
1633986932138 0.8741050112744954 1274
1633986977311 0.8657328196101265 1275
1633987019148 0.8693302922342504 1276
1633987060858 0.8681381563090326 1277
1633987101842 0.8691241634910758 1278
1633987143306 0.8682530939585468 1279
1633987187624 0.8667351773840349 1280
1633987229268 0.867593074433117 1281
1633987271247 0.8728680336910467 1282
1633987312596 0.8711837462478084 1283
1633987354183 0.8701372222179524 1284
1633987395924 0.8659563793569621 1285
1633987437252 0.8754293698176233 1286
1633987479926 0.8706407463022677 1287
1633987521408 0.8669683274464889 1288
1633987563032 0.868622795316449 1289
1633987604652 0.8693709129563195 1290
1633987646322 0.8689551508234118 1291
1633987687958 0.8744137156408718 1292
1633987730000 0.8704701417602202 1293
1633987771361 0.8689467426528025 1294
1633987815092 0.8702686482053065 1295
1633987856513 0.8671601793214617 1296
1633987899225 0.8677793913714456 1297
1633987941176 0.868977000008815 1298
1633987982841 0.8697510160496863 1299
1633988026901 0.8675390200368838 1300
1633988068810 0.866655305472379 1301
1633988110636 0.8707604358389697 1302
1633988152215 0.8683855748405378 1303
1633988195908 0.8655133396372309 1304
1633988238226 0.874367759131343 1305
1633988280188 0.8664715706891368 1306
1633988322540 0.8645134478559096 1307
1633988364260 0.8729345009276943 1308
1633988406072 0.87004446972399 1309
1633988448712 0.8663237273791167 1310
1633988490601 0.872217078839954 1311
1633988532166 0.8724170821192261 1312
1633988573634 0.8738459893177017 1313
1633988618118 0.8715979050136979 1314
1633988659308 0.8690863185152076 1315
1633988701825 0.870679169755097 1316
1633988747599 0.8655694915807844 1317
1633988789988 0.8698844131354759 1318
1633988831861 0.8753433238056078 1319
1633988876215 0.8735602618904182 1320
1633988918494 0.8686496360776739 1321
1633988960657 0.8693842613375848 1322
1633989002576 0.8732985028074962 1323
1633989044554 0.8625406567150342 1324
1633989086467 0.872901193334835 1325
1633989128610 0.8770845516200967 1326
1633989170514 0.8694944996705946 1327
1633989212963 0.8688654433380016 1328
1633989254665 0.8712955991397474 1329
1633989296479 0.8689743841353695 1330
1633989338309 0.8723903015604704 1331
1633989380041 0.8790937996273555 1332
1633989422093 0.8839282683428926 1333
1633989464738 0.8728011859840996 1334
1633989506826 0.8812627780042018 1335
1633989548721 0.8753214993752767 1336
1633989590986 0.8732521381586487 1337
1633989632831 0.8742714265391976 1338
1633989675506 0.8719946459272235 1339
1633989721405 0.8711038513130355 1340
1633989763821 0.8737363629779484 1341
1633989805954 0.8713236273969376 1342
1633989848671 0.8739857382499281 1343
1633989891144 0.8741490540791341 1344
1633989933326 0.8747264290098646 1345
1633989976106 0.8696535497894056 1346
1633990018146 0.8751840405247682 1347
1633990060742 0.8717849290185558 1348
1633990103215 0.8746539027520671 1349
1633990145431 0.8741277703956484 1350
1633990188070 0.871560300170621 1351
1633990230996 0.8694418563134578 1352
1633990273582 0.8694063891037073 1353
1633990316179 0.8737206678475355 1354
1633990358443 0.8734591529907973 1355
1633990400332 0.8746446431873321 1356
1633990442915 0.869688389566602 1357
1633990484457 0.8724766274770167 1358
1633990528112 0.8697833040981671 1359
1633990573846 0.8737613487517135 1360
1633990617122 0.8725286341293177 1361
1633990659721 0.8732546473746898 1362
1633990702283 0.8691660159933774 1363
1633990744874 0.8747286125200388 1364
1633990787511 0.8738267871556673 1365
1633990830244 0.876433623300719 1366
1633990872599 0.872455133772776 1367
1633990916206 0.8725051331705593 1368
1633990958577 0.870406767871187 1369
1633991001091 0.8710559908071122 1370
1633991043332 0.870612239013808 1371
1633991085526 0.8706292528284205 1372
1633991127784 0.8736696147975295 1373
1633991170163 0.8724824464128498 1374
1633991212514 0.867589023932929 1375
1633991254580 0.8715821742009205 1376
1633991296971 0.8701808542513235 1377
1633991339607 0.8725967118881144 1378
1633991381836 0.8710371564352606 1379
1633991426983 0.8725722579918562 1380
1633991470091 0.8708509553213378 1381
1633991512782 0.8706370595616828 1382
1633991555109 0.8724604459225419 1383
1633991597405 0.8745217563513547 1384
1633991640064 0.8681649917552414 1385
1633991682662 0.8751740162763556 1386
1633991724801 0.8671232574840197 1387
1633991768957 0.872471719971203 1388
1633991811406 0.8709935129742526 1389
1633991854904 0.8719832541759113 1390
1633991896910 0.8712458418107529 1391
