1633940992538 0.4712661162990191 1
1633941022937 0.5547786161725263 2
1633941053790 0.6231517395341658 3
1633941084850 0.6874989654167131 4
1633941115755 0.7078246435002257 5
1633941146649 0.7251015034077931 6
1633941177908 0.7545208966007394 7
1633941238756 0.7445782905764274 9
1633941270000 0.7748885048224452 10
1633941300883 0.7794419145353998 11
1633941361563 0.762655733832474 13
1633941393058 0.7942023641302619 14
1633941423936 0.8049623212722141 15
1633941485119 0.7940854151521718 17
1633941638490 0.8163348890764869 22
1633941728853 0.8067754549741806 25
1633941878990 0.8220644014227511 30
1633942028166 0.8357338425132179 35
1633942148405 0.8292816245743245 39
1633942391189 0.8338360238101414 47
1633942451913 0.8308028760439433 49
1633942662633 0.8341517280065452 56
1633942846291 0.836480377068762 62
1633942938004 0.836910560388063 65
1633943149240 0.8406587799096559 72
1633943394694 0.8486383998073742 80
1633943789708 0.8523287445740164 93
1633944520709 0.8457901836623356 117
1633944583301 0.8519716296937427 119
1633945149845 0.8521183777520159 137
1633945249806 0.8531573584352026 140
1633945627786 0.8553810536759268 152
1633948139490 0.858208186530183 231
1633952039271 0.8632813841520365 350
1633953468370 0.8644230872329072 392
1633955352303 0.8686832954460817 447
1633955624310 0.8620969141067838 455
1633957432107 0.8673607888585586 508
1633957470730 0.8733069319733124 509
1633961697642 0.8681542090077743 630
1633961808740 0.87044982835664 633
1633966213782 0.868696343824355 754
1633967343842 0.8696130384897499 784
1633967619602 0.8665925942325512 791
1633967737439 0.8722887307532732 794
1633975034014 0.8760399935840363 984
1633975126555 0.8737632500998578 986
1633975462282 0.877379719462624 994
