1633940992541 8.069890191193064 1
1633941022939 7.12895330798302 2
1633941053793 6.3433690203811555 3
1633941084852 5.360882694559749 4
1633941115757 5.011374013751737 5
1633941146651 4.814164224665816 6
1633941177911 4.4945523545051955 7
1633941238759 4.646582122995571 9
1633941270002 4.258052237622821 10
1633941300885 4.201115553737885 11
1633941361566 4.333545716754557 13
1633941393060 4.179010548697116 14
1633941423939 4.030443045279952 15
1633941485121 4.080149944887027 17
1633941638492 3.914824269662626 22
1633941728856 4.014290110472987 25
1633941878993 3.9163606654161605 30
1633942028169 3.8253546093827464 35
1633942148408 3.896891832276057 39
1633942391192 3.814271935375024 47
1633942451916 3.8446342589801112 49
1633942662635 3.8289052280870606 56
1633942846294 3.8064724354896833 62
1633942938007 3.821146928988661 65
1633943149242 3.732623662363042 72
1633943394697 3.76204799844447 80
1633943789710 3.7684521538980036 93
1633944520711 3.7175801926722434 117
1633944583304 3.7003098525185103 119
1633945149847 3.6750377335338746 137
1633945249809 3.70152657799243 140
1633945627789 3.66033779632642 152
1633948139492 3.6393947216404103 231
1633952039282 3.5775554881427096 350
1633953468377 3.5604229766054725 392
1633955352306 3.5855981081997435 447
1633955624312 3.628920653956891 455
1633957432109 3.5413723474860648 508
1633957470733 3.512363553673259 509
1633961697644 3.5400450639749104 630
1633961808743 3.540996306705217 633
1633966213785 3.506478795988153 754
1633967343845 3.5130700115505866 784
1633967619604 3.4992107807365995 791
1633967737442 3.5075581695362783 794
1633975034028 3.470863287752734 984
1633975126577 3.4865424872957465 986
1633975462301 3.4833158649378073 994
