1633940992164 8.069890191193064 1
1633941022190 7.12895330798302 2
1633941053028 6.3433690203811555 3
1633941084066 5.360882694559749 4
1633941114977 5.011374013751737 5
1633941145866 4.814164224665816 6
1633941177150 4.4945523545051955 7
1633941208092 4.803704676648518 8
1633941237967 4.646582122995571 9
1633941269234 4.258052237622821 10
1633941300087 4.201115553737885 11
1633941330685 4.6825784348277155 12
1633941360779 4.333545716754557 13
1633941392286 4.179010548697116 14
1633941423152 4.030443045279952 15
1633941454522 4.205413174540339 16
1633941484340 4.080149944887027 17
1633941515466 4.248210021158398 18
1633941545507 4.254359272725915 19
1633941578466 4.3604949736310985 20
1633941608031 4.317039001999647 21
1633941637577 3.914824269662626 22
1633941668534 4.0507651954038675 23
1633941698255 4.1392139416459335 24
1633941728009 4.014290110472987 25
1633941759039 4.109822436509626 26
1633941788450 4.082135493598548 27
1633941818348 4.138108647818401 28
1633941848060 4.162155475486894 29
1633941877869 3.9163606654161605 30
1633941909127 3.966476644046189 31
1633941938755 4.423462108335152 32
1633941968342 4.018058632857056 33
1633941997797 3.977569298218713 34
1633942027336 3.8253546093827464 35
1633942058462 4.196933188563847 36
1633942088230 3.976476800725704 37
1633942117834 4.165938601433644 38
1633942147570 3.896891832276057 39
1633942181111 4.012056616502304 40
1633942211030 3.988858446030175 41
1633942240706 4.051763418890009 42
1633942270566 3.891646623097934 43
1633942300313 3.940448496374176 44
1633942330385 3.934170540055716 45
1633942360393 3.8464033291657476 46
1633942390299 3.814271935375024 47
1633942421202 4.001342902534237 48
1633942451030 3.8446342589801112 49
1633942482301 3.9344722131960626 50
1633942512250 4.120938096293556 51
1633942542250 3.897410309763817 52
1633942571898 4.235500902664571 53
1633942601942 3.94846159971811 54
1633942631881 3.859934048405289 55
1633942661746 3.8289052280870606 56
1633942693006 3.901592760261508 57
1633942722950 3.9166806622154033 58
1633942752829 4.002057880841601 59
1633942785552 3.861440615020916 60
1633942815358 3.926215671448949 61
1633942845308 3.8064724354896833 62
1633942876944 3.9071454371832326 63
1633942906986 3.7844432452962846 64
1633942937043 3.821146928988661 65
1633942968514 3.7797839314349666 66
1633942998732 3.8342201233993123 67
1633943028429 3.818409071649029 68
1633943058526 3.909849770921766 69
1633943088412 3.8453072367329737 70
1633943118474 3.8702069880435395 71
1633943148291 3.732623662363042 72
1633943179707 3.9872449264829126 73
1633943209661 3.9406835438101915 74
1633943239680 3.8689490728339946 75
1633943270064 4.030809288657328 76
1633943300131 3.8890650020298474 77
1633943330317 3.847728014301803 78
1633943360373 3.995212587375568 79
1633943393691 3.76204799844447 80
1633943425620 3.9009117355695735 81
1633943455723 3.90725429576189 82
1633943486144 3.8758885082905685 83
1633943516253 3.8811192374634946 84
1633943546946 3.8121962368572735 85
1633943577539 3.9994692356155706 86
1633943607602 3.9303307352098327 87
1633943637876 3.891288820550222 88
1633943668179 3.828549776073275 89
1633943698353 3.820417774523729 90
1633943728560 3.775858479983287 91
1633943758596 3.7697692438411434 92
1633943788674 3.7684521538980036 93
1633943820235 3.8027347992361897 94
1633943850316 3.831662350586318 95
1633943880377 3.858494374199178 96
1633943910592 3.7569536086842037 97
1633943940835 3.9313438843960946 98
1633943970887 3.828194121808737 99
1633944003897 3.878891227011401 100
1633944034124 3.7716728416595973 101
1633944064777 3.826696335157141 102
1633944095091 3.811391510557317 103
1633944125243 3.8619042836536446 104
1633944155551 3.748258289293306 105
1633944185747 3.7660273396090176 106
1633944215982 3.8818967920326677 107
1633944246265 3.8591040589055696 108
1633944276752 3.8237110076522254 109
1633944307228 3.7478423838734116 110
1633944337577 3.8377110827198226 111
1633944367811 3.8481274349293826 112
1633944398357 3.873145388936302 113
1633944428671 3.7623258151845516 114
1633944458821 3.766600485860149 115
1633944489140 3.770562128773725 116
1633944519688 3.7175801926722434 117
1633944551892 3.7091253515679194 118
1633944582237 3.7003098525185103 119
1633944616840 3.69429317085788 120
1633944648128 3.7432467953449255 121
1633944679106 3.850320019496114 122
1633944710261 3.7970269386509687 123
1633944741616 3.7460457624239623 124
1633944773286 3.6999285255310332 125
1633944804434 3.850338955274535 126
1633944835213 3.733890682337324 127
1633944866288 3.743468062355645 128
1633944897485 3.7199397809421626 129
1633944928626 3.7906501591253847 130
1633944960057 3.74891118375076 131
1633944991268 3.673393264727778 132
1633945022475 3.744246032454919 133
1633945053656 3.7321075825947823 134
1633945084904 3.719169683210745 135
1633945116219 3.795474830869287 136
1633945148395 3.6750377335338746 137
1633945183443 3.73649230428115 138
1633945214679 3.7210567770676017 139
1633945248608 3.70152657799243 140
1633945282577 3.881624821636638 141
1633945314044 3.7495113909368354 142
1633945345403 3.7392549043525705 143
1633945377075 3.717489573773264 144
1633945407992 3.737196557467176 145
1633945439407 3.779477540528649 146
1633945470420 3.8209056107024573 147
1633945501466 3.7774535013803794 148
1633945533090 3.833451544715153 149
1633945564527 3.8193050654569127 150
1633945595579 3.703613635718874 151
1633945626527 3.66033779632642 152
1633945659813 3.710164000597993 153
1633945690957 3.667796362369122 154
1633945723172 3.886019100918284 155
1633945754477 3.6968944446037297 156
1633945785762 3.818443289867418 157
1633945817011 3.670393216823128 158
1633945848154 3.8241090322017177 159
1633945882895 3.788227763668639 160
1633945914883 3.888148474889975 161
1633945946255 3.7030354647587584 162
1633945977658 3.8666390084608135 163
1633946009229 3.775315655833884 164
1633946040679 3.7160311709251697 165
1633946072006 3.6964572638392434 166
1633946103231 3.764796728053 167
1633946135205 3.736788270766306 168
1633946166423 3.7580867894623706 169
1633946197735 3.8888587806196884 170
1633946228695 3.739865134018281 171
1633946260011 3.7099223873571723 172
1633946292164 3.719514200309213 173
1633946323378 3.701210624708253 174
1633946354776 3.795270942564674 175
1633946386295 3.699896633364356 176
1633946417724 3.7531669089805177 177
1633946449123 3.6990359923557916 178
1633946481066 3.7123795401109767 179
1633946515005 3.727145676610466 180
1633946546476 3.6720751395057287 181
1633946578330 3.662976195800107 182
1633946609712 3.7154020678036073 183
1633946641699 3.7271025480528555 184
1633946673501 3.7638472580741094 185
1633946704888 3.810428286546943 186
1633946736507 3.6919474423366196 187
1633946768024 3.7049731155423182 188
1633946800511 3.7625102174919633 189
1633946832127 3.7490388454650856 190
1633946863511 3.8700733067869253 191
1633946895011 3.7134704340593916 192
1633946926801 3.7977231137158842 193
1633946958542 3.785071028438273 194
1633946990057 3.6646683540446268 195
1633947021464 3.722599123339786 196
1633947053644 3.670826396366653 197
1633947085043 3.712688362089023 198
1633947117354 3.639112309193623 199
1633947151814 3.691231033257287 200
1633947183333 3.677673280708354 201
1633947214671 3.6922317061204946 202
1633947246287 3.698300414248105 203
1633947278104 3.6815126998843115 204
1633947309454 3.7901198829603855 205
1633947341147 3.7605853068329513 206
1633947372403 3.8151872328084 207
1633947404152 3.660719383215649 208
1633947435895 3.714325908807566 209
1633947467386 3.6867449623901227 210
1633947498697 3.6842563271262856 211
1633947530203 3.77487850045183 212
1633947561684 3.6729507386444578 213
1633947593087 3.6736215519061934 214
1633947624542 3.6761875408701945 215
1633947656191 3.7069733519407446 216
1633947687646 3.707510126055637 217
1633947719273 3.7145200452248246 218
1633947750854 3.7087692224084017 219
1633947785219 3.6875220721353124 220
1633947816609 3.707141267885284 221
1633947851429 3.893385621740626 222
1633947883359 3.700451538438868 223
1633947915142 3.7046114477686056 224
1633947946923 3.6362873034323147 225
1633947978653 3.7377621943303327 226
1633948010219 3.763571575191725 227
1633948042139 3.7184694000093765 228
1633948074059 3.749534553534831 229
1633948105947 3.6860602137562157 230
1633948137864 3.6393947216404103 231
1633948172099 3.6905190795791265 232
1633948204483 3.6623822569673536 233
1633948235764 3.6491913964918288 234
1633948267256 3.6658546217666057 235
1633948298920 3.65548553461569 236
1633948330706 3.688095827615611 237
1633948362859 3.6794924137645193 238
1633948394252 3.664911854588486 239
1633948428527 3.6823186038423317 240
1633948460301 3.6474880837586006 241
1633948491977 3.6835345634698116 242
1633948523740 3.6868394839152314 243
1633948556624 3.6659948627377554 244
1633948592726 3.680885245747915 245
1633948629077 3.702774334936498 246
1633948662890 3.718466437692345 247
1633948697280 3.7293570422523077 248
1633948730634 3.7313393890914135 249
1633948763113 3.706781959883765 250
1633948796084 3.6753360685942815 251
1633948830240 3.6865598072270966 252
1633948865081 3.681341290875399 253
1633948897683 3.7263045922260862 254
1633948929857 3.678583698148988 255
1633948962007 3.6849062386193805 256
1633948993960 3.6059565079070257 257
1633949025912 3.72810187098235 258
1633949058075 3.646246901089308 259
1633949092982 3.6677423728682013 260
1633949124917 3.663653029932464 261
1633949157508 3.686710712866649 262
1633949189967 3.6333130840424004 263
1633949222475 3.661194341986047 264
1633949254911 3.6591311331187084 265
1633949287169 3.713264689117211 266
1633949319261 3.6568408162263832 267
1633949351383 3.6869975365597827 268
1633949383531 3.6694443336805342 269
1633949415412 3.696034358162693 270
1633949447491 3.653338763172682 271
1633949479383 3.715486325081583 272
1633949511555 3.622152798840131 273
1633949543552 3.6974815398324234 274
1633949575980 3.674274311285172 275
1633949608542 3.6536492259547013 276
1633949640796 3.6551089114930537 277
1633949672864 3.6597791601977017 278
1633949704654 3.64839621331263 279
1633949740110 3.653255854997504 280
1633949772617 3.6168668743019983 281
1633949804873 3.693621095422457 282
1633949837854 3.689381257933903 283
1633949870443 3.6494101305281106 284
1633949902563 3.6059507612703117 285
1633949934748 3.6764720935752537 286
1633949967110 3.621665499411824 287
1633949999591 3.6780624776586506 288
1633950032519 3.6924451398985147 289
1633950064875 3.675644255080162 290
1633950097138 3.651222078167064 291
1633950129150 3.6548729519924983 292
1633950161784 3.6512799193395016 293
1633950194339 3.641393784971092 294
1633950227132 3.657588719161392 295
1633950259655 3.672982785051116 296
1633950291961 3.678010026580138 297
1633950324230 3.6265066494518905 298
1633950356296 3.6510943533612243 299
1633950391704 3.645037568293461 300
1633950424351 3.6455100987523985 301
1633950456747 3.623825998669626 302
1633950489358 3.6521734976621207 303
1633950521844 3.6579742877082304 304
1633950554829 3.6475048677660347 305
1633950588079 3.6496346441933585 306
1633950620816 3.613806936711964 307
1633950653002 3.661100063695432 308
1633950685473 3.680607907404197 309
1633950718155 3.7125031019378922 310
1633950750770 3.6452703134910345 311
1633950783535 3.6212446991764726 312
1633950816172 3.599593770344115 313
1633950849246 3.6254221919404737 314
1633950881705 3.7313990578922223 315
1633950914704 3.6898301431091243 316
1633950947139 3.615670632411471 317
1633950979778 3.648090791905918 318
1633951012058 3.6417425612223724 319
1633951047454 3.6989878240345053 320
1633951080196 3.6388341676827003 321
1633951112601 3.6268721692680463 322
1633951145114 3.6558035508387543 323
1633951178053 3.685460419392039 324
1633951211518 3.6946322881139344 325
1633951244194 3.6624248132768313 326
1633951277008 3.6324566972385077 327
1633951309770 3.6357528407901483 328
1633951342563 3.620022484563803 329
1633951375358 3.6447570411715446 330
1633951408151 3.6296843235088647 331
1633951440952 3.668656957288043 332
1633951473857 3.6470614679096647 333
1633951506895 3.677321196267876 334
1633951539594 3.579669201712296 335
1633951572254 3.6447769668147205 336
1633951605157 3.6178372688186626 337
1633951638202 3.6433225149294945 338
1633951671362 3.6266787907707987 339
1633951706785 3.6235411465283285 340
1633951739607 3.6490340169353934 341
1633951772856 3.643654341476122 342
1633951805974 3.6970564141177276 343
1633951838995 3.6576764914733846 344
1633951872651 3.6872271316210457 345
1633951906036 3.682139883822162 346
1633951938609 3.6546106084111933 347
1633951971527 3.6802340915318386 348
1633952004219 3.633079679302242 349
1633952037208 3.5775554881427096 350
1633952073605 3.624345900143845 351
1633952107075 3.6193150311479823 352
1633952140062 3.6101182801661964 353
1633952177597 3.65110019179896 354
1633952211068 3.656034612135864 355
1633952243915 3.641828384799131 356
1633952276722 3.555507931968606 357
1633952309484 3.631579824141325 358
1633952342621 3.5667239079760655 359
1633952378634 3.626284661720699 360
1633952411854 3.5976233121035546 361
1633952444991 3.6001502750111594 362
1633952478677 3.6330716347612846 363
1633952511567 3.605917912367954 364
1633952546700 3.5758210431636335 365
1633952579665 3.598335922747486 366
1633952612558 3.5753238343913423 367
1633952645377 3.607170499563727 368
1633952678138 3.628561532097705 369
1633952711061 3.576082824342385 370
1633952744406 3.6036455660461586 371
1633952777660 3.6016058756976568 372
1633952810836 3.59585808199646 373
1633952844322 3.6354989618379956 374
1633952877571 3.677442060293594 375
1633952911174 3.5874344207075706 376
1633952944464 3.619742172127895 377
1633952977562 3.6488336086152318 378
1633953011305 3.6210954448937493 379
1633953052588 3.6061073492343256 380
1633953088459 3.5984291572729217 381
1633953125921 3.6247299114506926 382
1633953159742 3.6129185764196587 383
1633953192921 3.6449129962273252 384
1633953226712 3.6572202524672006 385
1633953261547 3.585455914089282 386
1633953295922 3.7035856006996526 387
1633953329941 3.638023722633024 388
1633953362743 3.6266972341188466 389
1633953395677 3.6421777040639576 390
1633953428818 3.644028727742491 391
1633953462436 3.5604229766054725 392
1633953510379 3.6195446855078544 393
1633953544488 3.576101691802939 394
1633953577972 3.662443672879054 395
1633953611380 3.571303413792064 396
1633953648303 3.6154559637138566 397
1633953686182 3.6629805931731165 398
1633953720501 3.580297042021311 399
1633953759387 3.5964442452522127 400
1633953794966 3.5953466020266838 401
1633953830366 3.6366741140902796 402
1633953865600 3.6662720976965515 403
1633953900692 3.5939835133148366 404
1633953933914 3.6186031607439064 405
1633953967731 3.663266758378744 406
1633954001610 3.585881428796044 407
1633954034664 3.617442635927054 408
1633954068069 3.5643129990123232 409
1633954106181 3.571595983117731 410
1633954140203 3.6199143657919604 411
1633954173162 3.5306847483698056 412
1633954206302 3.5926420208933076 413
1633954239567 3.571486877060764 414
1633954273236 3.5848253736842746 415
1633954306822 3.5527253776020675 416
1633954340197 3.5875098872181463 417
1633954373596 3.5972417009556388 418
1633954406802 3.5938518879166894 419
1633954442698 3.5992518415378183 420
1633954476212 3.608632040365015 421
1633954509438 3.5988783858169464 422
1633954542867 3.6024353467247225 423
1633954576719 3.599278985811034 424
1633954610264 3.6464639148325144 425
1633954643220 3.554449182893703 426
1633954676831 3.600796956120104 427
1633954710568 3.6167244959455447 428
1633954743914 3.62259798722397 429
1633954777362 3.588718866244756 430
1633954811311 3.55704349578611 431
1633954844537 3.616090753944303 432
1633954877868 3.600047294441101 433
1633954911400 3.5942338708947656 434
1633954944807 3.5892922139884034 435
1633954978460 3.5909439329958897 436
1633955011761 3.6731762681620523 437
1633955045392 3.6241489714298933 438
1633955078723 3.620473337421565 439
1633955114893 3.634694359343872 440
1633955148588 3.596692416772603 441
1633955182198 3.6225933478399694 442
1633955215628 3.6176884152222897 443
1633955249424 3.6026050208628995 444
1633955283189 3.6368313491391895 445
1633955316815 3.605923598737287 446
1633955350300 3.5855981081997435 447
1633955387344 3.6472943331584884 448
1633955420834 3.605413068570399 449
1633955454366 3.602442506004135 450
1633955488168 3.588893796082696 451
1633955521423 3.5531041408665875 452
1633955555106 3.609206252129827 453
1633955588739 3.570258631395155 454
1633955622157 3.628920653956891 455
1633955659335 3.5417463289997633 456
1633955693566 3.5850053860806406 457
1633955726791 3.639355955913522 458
1633955760199 3.5707135518966786 459
1633955796482 3.6041781472318157 460
1633955830364 3.603009486612361 461
1633955863852 3.603711059223603 462
1633955897446 3.569532683939619 463
1633955931027 3.5999983231532195 464
1633955964928 3.593793355297861 465
1633955998691 3.587679326586936 466
1633956032343 3.573605108475758 467
1633956066745 3.577165107459969 468
1633956100661 3.573824437963384 469
1633956134225 3.583255940255021 470
1633956167975 3.5509077946597367 471
1633956201720 3.565627205848763 472
1633956236136 3.6180308580563363 473
1633956270030 3.6036735012573806 474
1633956303520 3.6419381674170737 475
1633956337298 3.5461462580012233 476
1633956370951 3.5711445920171663 477
1633956404427 3.5687137050892495 478
1633956438701 3.548292943038719 479
1633956475197 3.631374331411306 480
1633956509155 3.658417031457728 481
1633956543017 3.5674936108565802 482
1633956577269 3.531887858584083 483
1633956610974 3.5537000319735 484
1633956644548 3.609570739880969 485
1633956678382 3.5169574201966207 486
1633956712090 3.5755198958254293 487
1633956746163 3.5796916639102014 488
1633956780124 3.5958815359254594 489
1633956813831 3.6098826884075668 490
1633956847719 3.556344574122905 491
1633956881632 3.6015459795616986 492
1633956915811 3.59009028408896 493
1633956949394 3.6036992800996557 494
1633956983332 3.602791898192466 495
1633957017786 3.553964771388647 496
1633957051682 3.59516157115754 497
1633957085375 3.59014319997728 498
1633957119618 3.551775115251777 499
1633957156699 3.576586062723517 500
1633957190923 3.6138815211481763 501
1633957225047 3.5614663331308622 502
1633957258890 3.550523888659359 503
1633957293241 3.586997647909061 504
1633957327368 3.6014250777770016 505
1633957361633 3.582540123038009 506
1633957395359 3.5439898900435978 507
1633957429492 3.5413723474860648 508
1633957468268 3.512363553673259 509
1633957506738 3.5571680208037084 510
1633957541546 3.577883508608414 511
1633957575668 3.5299481220831286 512
1633957609497 3.5347537175644064 513
1633957643822 3.551591285832587 514
1633957678373 3.5649486941525703 515
1633957712318 3.5668725960328183 516
1633957746071 3.559113843195963 517
1633957780922 3.5941214953752167 518
1633957815116 3.569975774032948 519
1633957851889 3.5436573258016577 520
1633957886383 3.57426290574702 521
1633957920879 3.586893794047109 522
1633957955239 3.5270859295438686 523
1633957989716 3.574873297165436 524
1633958023827 3.5933912185673402 525
1633958057775 3.5855257695508302 526
1633958092547 3.532961776129858 527
1633958126599 3.5753109599334336 528
1633958160695 3.5581948113026134 529
1633958194916 3.5806332113141663 530
1633958229143 3.531264968681634 531
1633958263526 3.5418003813609076 532
1633958297870 3.5800598967484554 533
1633958332340 3.5704709808199526 534
1633958366743 3.5892303611919365 535
1633958401106 3.561641878902297 536
1633958435825 3.5803641951606906 537
1633958470422 3.591639875901578 538
1633958504395 3.586092909953609 539
1633958541570 3.571397484630929 540
1633958575899 3.5707638244717543 541
1633958610566 3.577522831931116 542
1633958645363 3.6135305591204263 543
1633958679523 3.5783329411544047 544
1633958713854 3.607556988470846 545
1633958748476 3.5466588720752985 546
1633958783057 3.6353767833047126 547
1633958817464 3.556549207296227 548
1633958852324 3.5976238400798173 549
1633958886940 3.5469296860070427 550
1633958921346 3.540353177101976 551
1633958956080 3.606402490193324 552
1633958990498 3.578601049282397 553
1633959024778 3.5768653405836726 554
1633959059172 3.586215544187857 555
1633959093883 3.537497782918706 556
1633959128607 3.542126405828892 557
1633959163115 3.5767603923469475 558
1633959197227 3.5845722872029264 559
1633959234923 3.5489453685329497 560
1633959269506 3.546539237837249 561
1633959304035 3.5607215238733736 562
1633959338519 3.5108069216019535 563
1633959372909 3.544443724244426 564
1633959407281 3.571207012698377 565
1633959441783 3.55604372153142 566
1633959476388 3.5208931761174576 567
1633959511207 3.568385044150495 568
1633959545823 3.537043508949901 569
1633959580702 3.5599420007807536 570
1633959615033 3.5337575834605124 571
1633959649381 3.5355083651196155 572
1633959684682 3.587025204234604 573
1633959719651 3.541575103889089 574
1633959754108 3.558572471058398 575
1633959789057 3.5410414886542196 576
1633959823603 3.5035357702935612 577
1633959858358 3.5607380182169828 578
1633959893192 3.5550762656455044 579
1633959930536 3.5614587374367352 580
1633959965287 3.5850949758764235 581
1633960000121 3.5364452583480093 582
1633960034694 3.5521508910006436 583
1633960069449 3.515550441950315 584
1633960104713 3.5186070367394118 585
1633960139578 3.542090667111849 586
1633960174234 3.5546252528496054 587
1633960208981 3.5370503160411886 588
1633960244032 3.5426594924630805 589
1633960278913 3.520552501203891 590
1633960313924 3.5531548847532615 591
1633960348806 3.545534346212806 592
1633960384055 3.520870032600572 593
1633960419436 3.5189564682932986 594
1633960454151 3.534864402204388 595
1633960488620 3.493261485510999 596
1633960523558 3.5762842040310225 597
1633960558218 3.6041064674530587 598
1633960593443 3.550117491588637 599
1633960631133 3.5990275493020025 600
1633960666352 3.5226366806825062 601
1633960701540 3.5457244834339443 602
1633960736755 3.563883796262768 603
1633960772203 3.548308877852693 604
1633960807133 3.5396390762757495 605
1633960842238 3.5331338205914733 606
1633960877265 3.5460965931354407 607
1633960911970 3.540425142766701 608
1633960947296 3.550188092147564 609
1633960983016 3.5463156315847617 610
1633961017940 3.5649568562773357 611
1633961053330 3.5289026482176067 612
1633961088702 3.5614193182961777 613
1633961123929 3.5440053973044914 614
1633961159347 3.5328946809607205 615
1633961194413 3.531012634983877 616
1633961229271 3.557209629560809 617
1633961264495 3.5525799940957015 618
1633961299735 3.5168096497542445 619
1633961337746 3.5408901026513533 620
1633961373350 3.552110568698847 621
1633961408341 3.5422870131616135 622
1633961443382 3.5602418139975094 623
1633961478641 3.551805477829305 624
1633961514012 3.5336368502576274 625
1633961549209 3.6236187760384038 626
1633961584520 3.5518792186094985 627
1633961619700 3.584905267160069 628
1633961655164 3.5287707369512082 629
1633961694943 3.5400450639749104 630
1633961735205 3.5788850916316104 631
1633961770999 3.501648287255196 632
1633961806239 3.540996306705217 633
1633961853196 3.487168160116269 634
1633961901914 3.5128204537337937 635
1633961937157 3.5756815021257546 636
1633961972591 3.572777219371264 637
1633962007780 3.5418740601164513 638
1633962042999 3.532198399339411 639
1633962081041 3.5403951779270173 640
1633962116626 3.5550244674297953 641
1633962152636 3.5552236183694763 642
1633962190302 3.5507300892370512 643
1633962225947 3.5713093707489563 644
1633962261002 3.572958982610607 645
1633962301276 3.5475399828465126 646
1633962340654 3.5520619983027353 647
1633962376284 3.5789098387901794 648
1633962412449 3.5405232485998326 649
1633962447811 3.5274699793833184 650
1633962482996 3.5522241146292752 651
1633962518650 3.521164930679966 652
1633962554037 3.55201455891025 653
1633962589174 3.5389102885342285 654
1633962624673 3.5463902085243992 655
1633962659860 3.554014738184944 656
1633962698218 3.5414890077207364 657
1633962734172 3.520102429549327 658
1633962769346 3.5879333125494575 659
1633962807495 3.5319428335587633 660
1633962843049 3.544823272328593 661
1633962878775 3.547897637425105 662
1633962919985 3.549903361139969 663
1633962955707 3.516913165508138 664
1633962991336 3.6086191217503 665
1633963027092 3.541617913818894 666
1633963062418 3.5404712026559615 667
1633963097947 3.5239871357323826 668
1633963133451 3.6484186138835106 669
1633963169039 3.5509009780112852 670
1633963204637 3.5366921526554242 671
1633963240291 3.492818029858641 672
1633963275854 3.552634465647449 673
1633963311518 3.5439421044909714 674
1633963346804 3.5626226902574047 675
1633963382795 3.570441813358013 676
1633963418270 3.5166468827884074 677
1633963453618 3.5055041921473222 678
1633963489438 3.5053232065464552 679
1633963527857 3.557391985684154 680
1633963563457 3.5542168864793013 681
1633963598928 3.516672976810921 682
1633963634751 3.540262705613069 683
1633963670479 3.5635594828117343 684
1633963706174 3.5813267737968224 685
1633963741868 3.521716545723875 686
1633963778008 3.546160830615234 687
1633963813684 3.584550664605946 688
1633963850300 3.5825669944032343 689
1633963885863 3.535572022943084 690
1633963921529 3.5332870065618276 691
1633963957552 3.548766687966491 692
1633963993391 3.541394212390432 693
1633964029523 3.5079312732439445 694
1633964065369 3.51229552285087 695
1633964101283 3.518638443215974 696
1633964136986 3.5216665083997665 697
1633964173574 3.5103521150084993 698
1633964209626 3.526496344288781 699
1633964248613 3.5391561530663114 700
1633964284688 3.548765992183145 701
1633964320353 3.564652313351274 702
1633964357425 3.546269253972366 703
1633964393680 3.525581125661658 704
1633964429818 3.5108414074584373 705
1633964465896 3.546582655824345 706
1633964501572 3.563673261254142 707
1633964537416 3.5108469095992003 708
1633964573344 3.5299713624720033 709
1633964609419 3.5098096906417973 710
1633964645651 3.5059155775913307 711
1633964681468 3.545424079385969 712
1633964717476 3.516606592283769 713
1633964752947 3.540078552323983 714
1633964789141 3.502781441742014 715
1633964825627 3.5470995334522977 716
1633964861643 3.4895041265273448 717
1633964897122 3.5311198569555584 718
1633964933431 3.5086604069778664 719
1633964972616 3.555566182688312 720
1633965008830 3.541534162938972 721
1633965045043 3.5330458293624365 722
1633965081572 3.560092091361782 723
1633965117904 3.5052673333778257 724
1633965154431 3.5245666817363253 725
1633965190480 3.5625760552974053 726
1633965226362 3.5104255615928177 727
1633965262710 3.5228591419101805 728
1633965298801 3.5257454726221753 729
1633965335205 3.4932340721534025 730
1633965371390 3.5640178854527647 731
1633965407944 3.5225185628497644 732
1633965444107 3.517036035754211 733
1633965481849 3.485569743947825 734
1633965517636 3.514846958462543 735
1633965554395 3.4996901317452687 736
1633965590794 3.513330115471203 737
1633965627108 3.53811444514983 738
1633965663175 3.513343871564878 739
1633965702224 3.5185007457493422 740
1633965738618 3.5219112149021843 741
1633965775287 3.527085849315818 742
1633965811833 3.5109935400042502 743
1633965848389 3.492925214392538 744
1633965884600 3.6259354528055203 745
1633965920717 3.49986397391263 746
1633965956996 3.520567064784247 747
1633965993408 3.5185906824029693 748
1633966029438 3.632705055905413 749
1633966065813 3.52896073148109 750
1633966102219 3.5453641831342964 751
1633966138387 3.5131339492929965 752
1633966174756 3.5483399136781824 753
1633966210919 3.506478795988153 754
1633966262016 3.5225277889080746 755
1633966298114 3.4948225338490495 756
1633966335679 3.510236086570092 757
1633966371939 3.5474186139299766 758
1633966408487 3.545362145269854 759
1633966447789 3.555193045480435 760
1633966485808 3.532534817125983 761
1633966522283 3.565927778481448 762
1633966560337 3.537567992142084 763
1633966596839 3.4906742768356023 764
1633966633304 3.550845427098329 765
1633966669731 3.523550151946799 766
1633966706600 3.587830924695484 767
1633966745067 3.552497236348111 768
1633966781467 3.564731565603555 769
1633966818176 3.496714256198867 770
1633966854768 3.508638818223159 771
1633966891053 3.5582056962367634 772
1633966928607 3.522283613004186 773
1633966964972 3.5097546960058112 774
1633967001754 3.52096098632871 775
1633967038631 3.616073481920942 776
1633967075247 3.542900658663747 777
1633967111887 3.5383710478173893 778
1633967148538 3.5164342916608526 779
1633967188067 3.530922241192903 780
1633967225153 3.5238669412741506 781
1633967263255 3.5257566999306063 782
1633967303400 3.549383716029124 783
1633967340687 3.5130700115505866 784
1633967392237 3.5243121657208785 785
1633967429225 3.5168940732639205 786
1633967466019 3.5259229346573644 787
1633967503451 3.5046564673084375 788
1633967540970 3.5107947614089667 789
1633967577752 3.537062461789206 790
1633967616601 3.4992107807365995 791
1633967659487 3.5407523260731617 792
1633967696774 3.5291620698800874 793
1633967733881 3.5075581695362783 794
1633967777248 3.5025299582381515 795
1633967813686 3.492310067358062 796
1633967850251 3.538912244005103 797
1633967890332 3.513705315275028 798
1633967927044 3.4904652085554466 799
1633967969676 3.481190055142816 800
1633968007624 3.5157409197582754 801
1633968045213 3.489661546350227 802
1633968087025 3.482165227305564 803
1633968124257 3.500830906366417 804
1633968165010 3.5114552579598453 805
1633968202727 3.484608933626127 806
1633968239521 3.5660800579571017 807
1633968276362 3.5504170653567324 808
1633968313334 3.532524889652099 809
1633968350117 3.522022963642837 810
1633968387013 3.5881059303962286 811
1633968424011 3.50719018172743 812
1633968460772 3.57683872678819 813
1633968497484 3.50426686418178 814
1633968534264 3.5102116265438297 815
1633968573900 3.494344685730288 816
1633968610605 3.5286748279493674 817
1633968650584 3.5194484907086165 818
1633968687371 3.502048552844423 819
1633968727964 3.5012328681765936 820
1633968766017 3.507545169591239 821
1633968804652 3.5165559522498944 822
1633968842072 3.5298178882947253 823
1633968879301 3.513471134228359 824
1633968916419 3.5044313444978257 825
1633968953503 3.521074021532457 826
1633968990290 3.6199650857253447 827
1633969027855 3.5015928485789445 828
1633969065010 3.4939549397536744 829
1633969102290 3.504070282901319 830
1633969138871 3.520279143060943 831
1633969175842 3.516685099167328 832
1633969212911 3.504886449007399 833
1633969249960 3.514278029556185 834
1633969286670 3.5313674608806713 835
1633969323623 3.590757259937431 836
1633969361098 3.5627687361074827 837
1633969397872 3.529424446116571 838
1633969434683 3.5280836677212233 839
1633969474231 3.5408451484242303 840
1633969512766 3.5409169899546464 841
1633969550802 3.5925911050206487 842
1633969589030 3.5492702152363407 843
1633969626968 3.514953248436064 844
1633969664139 3.509619776711285 845
1633969701603 3.519135990031479 846
1633969738614 3.513037725529502 847
1633969775974 3.521343301225494 848
1633969812883 3.541976953690303 849
1633969850148 3.530184221522536 850
1633969887187 3.52164481496621 851
1633969924509 3.5187955443221086 852
1633969961591 3.5661949603580743 853
1633969998850 3.575259130810794 854
1633970035944 3.533099729274698 855
1633970075886 3.5729748119504494 856
1633970113076 3.5224685420684723 857
1633970154816 3.52309674535008 858
1633970192259 3.5330876236860718 859
1633970231863 3.512967593588606 860
1633970270154 3.5139626848383623 861
1633970308144 3.5223432325815116 862
1633970345567 3.5520947644647323 863
1633970383691 3.5056865634210266 864
1633970421341 3.515430133296659 865
1633970459670 3.5016171277676618 866
1633970497111 3.5329793668685654 867
1633970534994 3.500430630278459 868
1633970572344 3.533702943585598 869
1633970609687 3.5561895363302716 870
1633970647013 3.503597580579871 871
1633970684380 3.5552846840327916 872
1633970722018 3.504496844300721 873
1633970765922 3.5350916514763786 874
1633970807160 3.5491275217237552 875
1633970844342 3.514146843360078 876
1633970882664 3.528289257439656 877
1633970919742 3.553149737615523 878
1633970959913 3.5467610119553092 879
1633971014560 3.5334722363706175 880
1633971053819 3.5116636006857145 881
1633971092090 3.520696712797067 882
1633971129976 3.5224776116104106 883
1633971167830 3.5187097905057527 884
1633971205661 3.5492703409290485 885
1633971243396 3.60596671984711 886
1633971281070 3.5272115745846984 887
1633971318821 3.5342290109166754 888
1633971356489 3.5125138360706445 889
1633971394262 3.5310075816620023 890
1633971431743 3.5215752396453763 891
1633971469615 3.493230929785463 892
1633971507356 3.5101213988024367 893
1633971544818 3.520105294119746 894
1633971588560 3.5287109897101594 895
1633971631957 3.500570381801537 896
1633971669241 3.547644716140973 897
1633971707104 3.5197065848812805 898
1633971744275 3.5280202797808253 899
1633971784794 3.5266104654514066 900
1633971823073 3.5427661908201733 901
1633971860856 3.524488233826427 902
1633971898980 3.5366157456218237 903
1633971936900 3.543139667744409 904
1633971974897 3.546677457024241 905
1633972012365 3.5098712986216025 906
1633972050130 3.532741193484006 907
1633972088256 3.5358072341519233 908
1633972125914 3.578924113754531 909
1633972163206 3.543215179440561 910
1633972201305 3.5234386826720026 911
1633972239275 3.540998057116129 912
1633972276676 3.5388103685105587 913
1633972314358 3.54402076006094 914
1633972352258 3.5198233750955707 915
1633972390284 3.5271694821225577 916
1633972427572 3.512108797445571 917
1633972465318 3.5395778190746054 918
1633972506713 3.5436995677591367 919
1633972547672 3.5554246556819336 920
1633972586109 3.524904832741065 921
1633972627859 3.509523105445635 922
1633972666349 3.507051042611105 923
1633972704409 3.5344465301783723 924
1633972742474 3.5119773379318815 925
1633972780261 3.514048014562654 926
1633972818407 3.499485328382031 927
1633972855820 3.531725701254244 928
1633972893959 3.512702041765203 929
1633972934194 3.5233893900525013 930
1633972971700 3.5036518075299132 931
1633973010013 3.4960377733462646 932
1633973047755 3.5067515560515377 933
1633973085891 3.5320343424389886 934
1633973123862 3.5410561240707414 935
1633973161937 3.511239555600466 936
1633973199703 3.5002940848160637 937
1633973237482 3.529249963181501 938
1633973275976 3.5158549015068945 939
1633973316719 3.4874023669729097 940
1633973356029 3.5077268562263795 941
1633973394620 3.519762659463978 942
1633973434326 3.4815583052988686 943
1633973473168 3.5027790977637854 944
1633973511850 3.534948172462209 945
1633973550834 3.5102286564062823 946
1633973589024 3.5214612344595166 947
1633973627595 3.5265223994878117 948
1633973666121 3.527261614834494 949
1633973704072 3.515609783612577 950
1633973742132 3.5230992434344195 951
1633973779738 3.517395574152438 952
1633973818506 3.517936076398925 953
1633973859697 3.5283697348159557 954
1633973897845 3.513403749197523 955
1633973935566 3.529653872275042 956
1633973973597 3.5126139366588305 957
1633974011432 3.503455697183959 958
1633974050656 3.5320907079135324 959
1633974091674 3.518723297013789 960
1633974130794 3.523105953686768 961
1633974169809 3.504284134626751 962
1633974209106 3.5369903519367867 963
1633974247801 3.5173429327938757 964
1633974286900 3.5103847738031098 965
1633974326654 3.52484691710774 966
1633974365356 3.5216750660097467 967
1633974403955 3.4934978465689537 968
1633974443758 3.502567937962331 969
1633974482473 3.509334731742552 970
1633974521086 3.4889825971593256 971
1633974559829 3.4901141348771825 972
1633974597984 3.5055723244110006 973
1633974636039 3.502978586103865 974
1633974674364 3.5137528710540566 975
1633974712757 3.4929111887541104 976
1633974751503 3.515947575069389 977
1633974790242 3.4990222220574836 978
1633974828168 3.4996027128028815 979
1633974872034 3.5344706151939493 980
1633974911792 3.479482490082592 981
1633974951104 3.468770808855572 982
1633974990471 3.455113310774138 983
1633975030269 3.470863287752734 984
1633975079210 3.500697357450629 985
1633975118225 3.4865424872957465 986
1633975175905 3.4937654131518006 987
1633975214599 3.5221018862628566 988
1633975264362 3.494884373483745 989
1633975303333 3.4912988866362937 990
1633975342115 3.4980890535013955 991
1633975381149 3.5116852080336196 992
1633975419667 3.4776824296167437 993
1633975458242 3.4833158649378073 994
1633975511256 3.495547852067881 995
1633975550104 3.465643982849641 996
1633975589068 3.472632373500341 997
1633975627687 3.5024876345864584 998
1633975666197 3.5131189684760167 999
1633975707891 3.5038463132728945 1000
1633975746960 3.505675895195224 1001
1633975785857 3.4938148401009506 1002
1633975824883 3.4807590309078797 1003
1633975865122 3.498383864208341 1004
1633975904541 3.5252304536267993 1005
1633975942995 3.536700692652381 1006
1633975982920 3.5039659254018685 1007
1633976021951 3.4973138440082394 1008
1633976060908 3.4602613793711163 1009
1633976100743 3.497137677103849 1010
1633976141092 3.4596901760146825 1011
1633976180890 3.4821196496269833 1012
1633976220549 3.500159499983937 1013
1633976259267 3.509481518988603 1014
1633976298972 3.5737214608429686 1015
1633976337968 3.5105711711535608 1016
1633976377086 3.4837587570225983 1017
1633976416783 3.531181733707513 1018
1633976455889 3.5007347408913785 1019
1633976497720 3.456872019701922 1020
1633976537168 3.505304774073764 1021
1633976576697 3.4803860126454316 1022
1633976616353 3.4880995710221625 1023
1633976656664 3.4938331520438686 1024
1633976696698 3.4907480434476508 1025
1633976735952 3.5516377635001923 1026
1633976780336 3.488180350405051 1027
1633976819821 3.519095329928124 1028
1633976859587 3.4894378416230185 1029
1633976898624 3.485078665995764 1030
1633976937380 3.500481117276461 1031
1633976977206 3.526777370557553 1032
1633977021579 3.4934031922264497 1033
1633977060878 3.4858055042859624 1034
1633977100444 3.4713432331162224 1035
1633977139917 3.4951919197406034 1036
1633977178969 3.4626075449397056 1037
1633977219163 3.488454254135968 1038
1633977259040 3.4924322505323504 1039
1633977301178 3.4959076452927897 1040
1633977342000 3.486542461401036 1041
1633977381861 3.4998401900319407 1042
1633977421752 3.513778950114198 1043
1633977461103 3.520026230418684 1044
1633977500763 3.523297578779042 1045
1633977541257 3.493432674407139 1046
1633977580926 3.499093009959572 1047
1633977620338 3.5109159460318895 1048
1633977659807 3.501882863393283 1049
1633977699289 3.5405329649001733 1050
1633977738245 3.512764930244955 1051
1633977777861 3.5461310273032236 1052
1633977817907 3.5302008781557133 1053
1633977857426 3.4845261972895774 1054
1633977897752 3.5030522149536885 1055
1633977937442 3.521496436967387 1056
1633977976832 3.5233249500456996 1057
1633978016106 3.527211156748631 1058
1633978055077 3.500192217552548 1059
1633978097354 3.504169425934816 1060
1633978138200 3.521035064023782 1061
1633978178117 3.4875307495855608 1062
1633978217374 3.4885126537962328 1063
1633978258050 3.483376260253662 1064
1633978298655 3.5057120976081606 1065
1633978338473 3.515067748209863 1066
1633978378802 3.5222560313638764 1067
1633978420435 3.5239361670604588 1068
1633978460223 3.524128160621937 1069
1633978499727 3.533462772956607 1070
1633978540146 3.5021959314884725 1071
1633978580198 3.504022224884588 1072
1633978621675 3.5347484298382303 1073
1633978661866 3.554442220138616 1074
1633978701668 3.522594270958034 1075
1633978741554 3.515598636813049 1076
1633978781358 3.5447729041295886 1077
1633978821093 3.53613735587078 1078
1633978861413 3.537162894913151 1079
1633978904016 3.5586027824279483 1080
1633978944638 3.5075153882024934 1081
1633978984653 3.49604453197475 1082
1633979025696 3.5174579025999377 1083
1633979065479 3.5093775204975697 1084
1633979106097 3.4862286554984663 1085
1633979147302 3.556443167851369 1086
1633979189183 3.5237614896570895 1087
1633979228743 3.5244229131922835 1088
1633979268963 3.487818510088815 1089
1633979308876 3.5659316221810196 1090
1633979349514 3.510539494145428 1091
1633979388656 3.529444839572915 1092
1633979429509 3.5536763425895055 1093
1633979469547 3.542094107225017 1094
1633979510100 3.5303747376140038 1095
1633979550931 3.5245710215585113 1096
1633979590919 3.5511328867199454 1097
1633979630757 3.529082410376076 1098
1633979670408 3.4848911004603993 1099
1633979712749 3.5036638332679617 1100
1633979752521 3.5089687538964 1101
1633979792879 3.5160207317380507 1102
1633979832882 3.506040898932176 1103
1633979872860 3.5852565878065294 1104
1633979913108 3.533976255088525 1105
1633979953017 3.539201107067133 1106
1633979994085 3.533468666523494 1107
1633980034287 3.5555430699361685 1108
1633980074658 3.5123766386688517 1109
1633980115244 3.5587087494337997 1110
1633980156292 3.5487676308382436 1111
1633980197214 3.5428426009290575 1112
1633980237669 3.501255131460897 1113
1633980278257 3.5512876317346413 1114
1633980318705 3.524354351753404 1115
1633980360127 3.504113797918891 1116
1633980402174 3.506703027017085 1117
1633980443915 3.498114312087004 1118
1633980485138 3.500059774263552 1119
1633980528040 3.513907160422869 1120
1633980568913 3.5159907469281073 1121
1633980609422 3.5214687625859504 1122
1633980649649 3.4981573452400294 1123
1633980689452 3.5803967333661433 1124
1633980729505 3.470711658338049 1125
1633980769521 3.5298399454208544 1126
1633980810011 3.532922404715328 1127
1633980850006 3.540221105127893 1128
1633980891276 3.506917295675866 1129
1633980931910 3.501543686905244 1130
1633980973263 3.517005174149756 1131
1633981013882 3.481046278388438 1132
1633981054654 3.542400698662652 1133
1633981094767 3.486010081707931 1134
1633981135439 3.5266705164199843 1135
1633981175636 3.5077338628230406 1136
1633981218100 3.4976581008771883 1137
1633981257812 3.4849402704680483 1138
1633981298309 3.5265904343386882 1139
1633981341305 3.5281218172888957 1140
1633981382880 3.5292505735386026 1141
1633981423421 3.524442731216931 1142
1633981464577 3.5188529522037832 1143
1633981505281 3.5122749478081867 1144
1633981545477 3.5315748375917777 1145
1633981586219 3.537032865990083 1146
1633981626935 3.5026413877994296 1147
1633981667389 3.525943214912378 1148
1633981708592 3.518933232712297 1149
1633981750190 3.5660942322122713 1150
1633981790542 3.504329452956068 1151
1633981831124 3.5186688077282096 1152
1633981871604 3.49491356968494 1153
1633981912034 3.4795626101494332 1154
1633981953834 3.525293807718367 1155
1633981994517 3.4954729743841986 1156
1633982035597 3.543666387231873 1157
1633982076170 3.527146604133722 1158
1633982117139 3.5182150330807644 1159
1633982160417 3.5188533159551265 1160
1633982202337 3.4820243629338425 1161
1633982242668 3.512238213289534 1162
1633982283175 3.509342931566969 1163
1633982323630 3.52185609445539 1164
1633982363957 3.5269161329712033 1165
1633982404399 3.5101802976316367 1166
1633982444804 3.5405582573408436 1167
1633982486789 3.535740637849512 1168
1633982527092 3.525124905115071 1169
1633982567727 3.4939260922132136 1170
1633982608450 3.5122557924909974 1171
1633982650035 3.6877569651800606 1172
1633982691093 3.5449170042437483 1173
1633982732454 3.534027921510982 1174
1633982772933 3.54719229665586 1175
1633982816295 3.5162571779539062 1176
1633982857723 3.508012677904716 1177
1633982899389 3.5147454709310484 1178
1633982939982 3.537458851398973 1179
1633982983262 3.5326156277291743 1180
1633983025709 3.5532867094900364 1181
1633983066960 3.5312341873973097 1182
1633983107827 3.530263669848735 1183
1633983148394 3.518034348741328 1184
1633983189802 3.512384322834509 1185
1633983230737 3.510902310343178 1186
1633983272329 3.508425470676147 1187
1633983313415 3.5137935437373398 1188
1633983354137 3.5380522108346852 1189
1633983395803 3.523201614793036 1190
1633983436969 3.534753161663172 1191
1633983478319 3.543026985331373 1192
1633983519025 3.5379258601274746 1193
1633983560843 3.5232776376689747 1194
1633983601572 3.533717099436468 1195
1633983642211 3.528821372656345 1196
1633983683968 3.5180781263055665 1197
1633983725765 3.537844236564297 1198
1633983766539 3.5318933385701814 1199
1633983810946 3.52374518050175 1200
1633983852224 3.5290766372684184 1201
1633983893653 3.49144374302439 1202
1633983935125 3.524438657807011 1203
1633983976267 3.5180243064479684 1204
1633984016800 3.5270329810699224 1205
1633984058363 3.5147442519019383 1206
1633984099328 3.5474631429989567 1207
1633984140191 3.544657790171876 1208
1633984181835 3.518750410495658 1209
1633984222761 3.5362379458607975 1210
1633984263787 3.5203168361858137 1211
1633984305083 3.518915724330789 1212
1633984346958 3.5047990888724536 1213
1633984388892 3.511189458127893 1214
1633984429855 3.51092190459083 1215
1633984470801 3.5249614945727545 1216
1633984512123 3.5123424310446416 1217
1633984554031 3.4939735841290793 1218
1633984595276 3.5045960746365874 1219
1633984639694 3.482834465744757 1220
1633984683222 3.487883548157425 1221
1633984727071 3.482709924755108 1222
1633984768525 3.497332585429255 1223
1633984810144 3.5402402565134583 1224
1633984851285 3.517768183416265 1225
1633984892461 3.5086938782043005 1226
1633984933330 3.522813878528207 1227
1633984974478 3.5291390670415943 1228
1633985016189 3.49793328681688 1229
1633985057837 3.5262872476349822 1230
1633985099475 3.5261320692303917 1231
1633985140818 3.528831819558639 1232
1633985182379 3.513663352896103 1233
1633985224221 3.514313081813263 1234
1633985266495 3.514979510726251 1235
1633985307243 3.5114313187209665 1236
1633985349214 3.5450778487331243 1237
1633985390968 3.510443967842938 1238
1633985432221 3.5436605907799645 1239
1633985477747 3.4848646168280317 1240
1633985519149 3.4986638809369426 1241
1633985560784 3.5295584863456564 1242
1633985603019 3.4988093599846937 1243
1633985649115 3.541723797019774 1244
1633985690441 3.5316045227634354 1245
1633985740062 3.53637563014834 1246
1633985784965 3.5272049601107063 1247
1633985826738 3.623617837366302 1248
1633985867708 3.506958676427698 1249
1633985915023 3.5237855545806394 1250
1633985956999 3.514016856746441 1251
1633985998752 3.491438099964532 1252
1633986040851 3.516538125192836 1253
1633986082027 3.517746459130307 1254
1633986124830 3.535912475382763 1255
1633986166017 3.60412918535819 1256
1633986209411 3.515578774957699 1257
1633986250530 3.5176839706397263 1258
1633986294068 3.50148773104859 1259
1633986338392 3.5261711218831704 1260
1633986380543 3.504594100427563 1261
1633986422271 3.5164324903445063 1262
1633986463427 3.512715524600278 1263
1633986504733 3.507898223798689 1264
1633986547103 3.4832746902573866 1265
1633986588631 3.495628294225708 1266
1633986630445 3.5182149864073526 1267
1633986672183 3.509451112744519 1268
1633986718836 3.533605217239365 1269
1633986760868 3.503589889438982 1270
1633986803821 3.5084886041697496 1271
1633986845066 3.490922638237291 1272
1633986887531 3.49902878730845 1273
1633986932142 3.506242168185735 1274
1633986977314 3.49847051576581 1275
1633987019151 3.511565065216134 1276
1633987060861 3.4970360162472027 1277
1633987101845 3.482902933720722 1278
1633987143309 3.5080781063903945 1279
1633987187635 3.503391148690558 1280
1633987229271 3.527933080201524 1281
1633987271251 3.524927750164373 1282
1633987312599 3.5003076317897146 1283
1633987354186 3.509563564589617 1284
1633987395927 3.53350235569059 1285
1633987437256 3.5034265106805447 1286
1633987479929 3.5185140150966627 1287
1633987521411 3.5005754322523193 1288
1633987563035 3.519125731271968 1289
1633987604655 3.5057337100641055 1290
1633987646325 3.5249861430174714 1291
1633987687961 3.5125102232768746 1292
1633987730003 3.51798771422119 1293
1633987771365 3.5320929262417597 1294
1633987815108 3.5013707969352654 1295
1633987856515 3.520636392558791 1296
1633987899229 3.534042022660123 1297
1633987941179 3.535634255049656 1298
1633987982850 3.5154938287096815 1299
1633988026910 3.540072249233136 1300
1633988068814 3.5402344609611855 1301
1633988110640 3.548716153267823 1302
1633988152218 3.556903268781382 1303
1633988195931 3.5289125441215603 1304
1633988238229 3.512320762202226 1305
1633988280191 3.5476932066028084 1306
1633988322543 3.5153200313111608 1307
1633988364264 3.4894291036753153 1308
1633988406075 3.5005147911843784 1309
1633988448715 3.502833522192341 1310
1633988490608 3.4934212521829844 1311
1633988532169 3.4897298556723046 1312
1633988573637 3.491460614226112 1313
1633988618122 3.5114455319079343 1314
1633988659311 3.530063757998421 1315
1633988701835 3.5349650964205996 1316
1633988747603 3.5317213003987504 1317
1633988789992 3.549175637614941 1318
1633988831864 3.4945352741176614 1319
1633988876238 3.4792265148784587 1320
1633988918497 3.5217670416333626 1321
1633988960660 3.523360325641894 1322
1633989002580 3.4984381222843375 1323
1633989044558 3.6041606797160903 1324
1633989086470 3.565494764240165 1325
1633989128613 3.552236667704226 1326
1633989170519 3.5440146667625725 1327
1633989212971 3.531825120091732 1328
1633989254668 3.5564057793659933 1329
1633989296483 3.5744301881893534 1330
1633989338312 3.5569015756997286 1331
1633989380045 3.52944070377527 1332
1633989422096 3.5415348992994122 1333
1633989464741 3.547619351335167 1334
1633989506829 3.5417094246275216 1335
1633989548725 3.52535575715685 1336
1633989590989 3.526189417223136 1337
1633989632834 3.506521053093765 1338
1633989675509 3.5343460004958263 1339
1633989721409 3.518419423549594 1340
1633989763824 3.4856369705055577 1341
1633989805957 3.5084786146491203 1342
1633989848675 3.501969564934695 1343
1633989891147 3.5126399056238435 1344
1633989933329 3.4985720637832003 1345
1633989976109 3.519113368949983 1346
1633990018150 3.4818965569754443 1347
1633990060746 3.508627152415857 1348
1633990103218 3.4663446210464235 1349
1633990145435 3.48636780212091 1350
1633990188073 3.484252574742476 1351
1633990231000 3.506927602495402 1352
1633990273586 3.4845011555688084 1353
1633990316182 3.489646151950871 1354
1633990358447 3.506235729682468 1355
1633990400336 3.50209474958374 1356
1633990442918 3.530275580703004 1357
1633990484461 3.527173201585664 1358
1633990528116 3.520466506996502 1359
1633990573869 3.5294318259749518 1360
1633990617126 3.504271737976278 1361
1633990659724 3.4772158928620205 1362
1633990702286 3.502439084193946 1363
1633990744878 3.50008888054332 1364
1633990787514 3.5109945291667666 1365
1633990830247 3.5038687647074997 1366
1633990872603 3.5232105484199274 1367
1633990916210 3.5272657378209233 1368
1633990958581 3.507429133036362 1369
1633991001094 3.5210775772198986 1370
1633991043335 3.5048807997106506 1371
1633991085529 3.507853113797439 1372
1633991127793 3.4882598163102165 1373
1633991170167 3.5291404028743107 1374
1633991212517 3.534075698421872 1375
1633991254583 3.494473692489003 1376
1633991296974 3.501006597960761 1377
1633991339610 3.4821799214912414 1378
1633991381840 3.4880546280860045 1379
1633991426992 3.491473376855531 1380
1633991470095 3.5162835321941666 1381
1633991512785 3.51744595758231 1382
1633991555113 3.4911067306965364 1383
1633991597410 3.4921903491312105 1384
1633991640068 3.5162345549871548 1385
1633991682666 3.5226226414920876 1386
1633991724804 3.52734468078949 1387
1633991768960 3.510460669276874 1388
1633991811409 3.5308501978636193 1389
1633991854908 3.526338278630562 1390
1633991896913 3.5268301389687924 1391
