1633940992539 0.3648715742121965 1
1633941022937 0.43640243410134394 2
1633941053791 0.5029817310839999 3
1633941084850 0.5620172037518115 4
1633941115755 0.5826561110677647 5
1633941146649 0.5973045954965441 6
1633941177909 0.62045908512268 7
1633941238756 0.6228386653118678 9
1633941270000 0.6446396805735181 10
1633941300883 0.6545745888696848 11
1633941361563 0.6500218956446425 13
1633941393058 0.6758167015402364 14
1633941423937 0.6850076094628196 15
1633941485119 0.6889944697931936 17
1633941638490 0.7043430280372392 22
1633941728853 0.7030544530873767 25
1633941878991 0.7149728086678886 30
1633942028167 0.7185375643002168 35
1633942148406 0.7237063553195792 39
1633942391190 0.7305415542216928 47
1633942451914 0.7307908902184865 49
1633942662633 0.7307486577251673 56
1633942846291 0.7340928478492356 62
1633942938005 0.7363210139396348 65
1633943149240 0.7374528427204081 72
1633943394695 0.745539320561884 80
1633943789708 0.7530127991264053 93
1633944520709 0.7517718741275273 117
1633944583302 0.7545082397884917 119
1633945149845 0.756430038253923 137
1633945249806 0.7604243348705262 140
1633945627787 0.7629631125833696 152
1633948139490 0.7671887217986219 231
1633952039273 0.7707246317110608 350
1633953468371 0.772443624707543 392
1633955352304 0.7738498852856697 447
1633955624310 0.7714785529765202 455
1633957432107 0.7751416497714347 508
1633957470730 0.7781278695991419 509
1633961697642 0.7791074667651993 630
1633961808741 0.7822470413301219 633
1633966213783 0.7835205516621473 754
1633967343843 0.7838830983035642 784
1633967619602 0.7846163044392838 791
1633967737440 0.7879838420219251 794
1633975034017 0.7874325295598902 984
1633975126558 0.788968391799589 986
1633975462285 0.7900239420918996 994
