1633940992162 0.3648715742121965 1
1633941022188 0.43640243410134394 2
1633941053026 0.5029817310839999 3
1633941084063 0.5620172037518115 4
1633941114974 0.5826561110677647 5
1633941145864 0.5973045954965441 6
1633941177148 0.62045908512268 7
1633941208090 0.6120295234038549 8
1633941237965 0.6228386653118678 9
1633941269232 0.6446396805735181 10
1633941300085 0.6545745888696848 11
1633941330683 0.6241323093998524 12
1633941360777 0.6500218956446425 13
1633941392284 0.6758167015402364 14
1633941423150 0.6850076094628196 15
1633941454519 0.6812785041936822 16
1633941484338 0.6889944697931936 17
1633941515464 0.6745373902614786 18
1633941545505 0.6715694624880768 19
1633941578464 0.6603252569968819 20
1633941608028 0.6648407795067359 21
1633941637574 0.7043430280372392 22
1633941668532 0.6941056491133796 23
1633941698253 0.6882476930043699 24
1633941728007 0.7030544530873767 25
1633941759037 0.700569072199428 26
1633941788448 0.6975912233401441 27
1633941818345 0.6858361348275128 28
1633941848058 0.6886178150775107 29
1633941877866 0.7149728086678886 30
1633941909125 0.7101965248247095 31
1633941938753 0.6676587484364566 32
1633941968340 0.7078325931779806 33
1633941997794 0.7137352829512642 34
1633942027334 0.7185375643002168 35
1633942058460 0.6878140210990903 36
1633942088228 0.7115785564807836 37
1633942117832 0.6908478803686708 38
1633942147568 0.7237063553195792 39
1633942181109 0.6986718601836066 40
1633942211027 0.7136247950615854 41
1633942240704 0.700857329087288 42
1633942270564 0.7172817600872373 43
1633942300311 0.7120712620555651 44
1633942330383 0.7161183537978643 45
1633942360391 0.7231501005610299 46
1633942390297 0.7305415542216928 47
1633942421200 0.7117784993522907 48
1633942451028 0.7307908902184865 49
1633942482299 0.7125929534473134 50
1633942512248 0.6994211859351965 51
1633942542248 0.7205363476385074 52
1633942571896 0.6850652693685165 53
1633942601940 0.722125029944242 54
1633942631879 0.7252360469816983 55
1633942661744 0.7307486577251673 56
1633942693004 0.7124228809505108 57
1633942722948 0.7163105435262928 58
1633942752827 0.7039690360303771 59
1633942785550 0.724117115401275 60
1633942815356 0.7173480104601195 61
1633942845305 0.7340928478492356 62
1633942876942 0.725133731854194 63
1633942906984 0.7349652104366521 64
1633942937041 0.7363210139396348 65
1633942968512 0.7341277518799131 66
1633942998730 0.7276074668010868 67
1633943028427 0.7313505467166702 68
1633943058523 0.7198125091422283 69
1633943088410 0.7210987678662589 70
1633943118472 0.7203499945782086 71
1633943148288 0.7374528427204081 72
1633943179705 0.7084718911725564 73
1633943209659 0.7170649661930268 74
1633943239678 0.7264722486412492 75
1633943270062 0.7047957961880096 76
1633943300129 0.7264929102948906 77
1633943330314 0.7332568348004214 78
1633943360371 0.7208629499193846 79
1633943393689 0.745539320561884 80
1633943425618 0.7299592326051274 81
1633943455721 0.7279076272948163 82
1633943486142 0.7193790407509054 83
1633943516251 0.726463194119266 84
1633943546944 0.7391307197640369 85
1633943577537 0.7042558734715744 86
1633943607600 0.7244030927107618 87
1633943637874 0.7288630918187717 88
1633943668177 0.7375722394753619 89
1633943698351 0.7404214096123045 90
1633943728558 0.7404347321276183 91
1633943758594 0.7388621755126938 92
1633943788672 0.7530127991264053 93
1633943820233 0.7421650837119854 94
1633943850314 0.7356763666382532 95
1633943880375 0.7255026644285909 96
1633943910590 0.7474867348614563 97
1633943940833 0.7230338185170505 98
1633943970885 0.7347727573361434 99
1633944003895 0.7393610033872249 100
1633944034122 0.7391064792313522 101
1633944064775 0.7376075014935 102
1633944095089 0.7455854843265749 103
1633944125241 0.7353149699838433 104
1633944155549 0.7481638808250028 105
1633944185745 0.7453045472795434 106
1633944215980 0.7322914192450238 107
1633944246263 0.7328020823924092 108
1633944276750 0.7394621996473026 109
1633944307226 0.7449879755360627 110
1633944337575 0.7345680243644678 111
1633944367809 0.7329805594597515 112
1633944398355 0.7277947530848277 113
1633944428669 0.7421937899089357 114
1633944458818 0.7440309383829377 115
1633944489138 0.7505009651243291 116
1633944519686 0.7517718741275273 117
1633944551890 0.7466250472963438 118
1633944582235 0.7545082397884917 119
1633944616838 0.7511513444109409 120
1633944648126 0.7466219012410066 121
1633944679104 0.7278690515427186 122
1633944710259 0.7417780884274365 123
1633944741614 0.7474028560981869 124
1633944773284 0.7551719385159628 125
1633944804432 0.7247432360228702 126
1633944835211 0.7455129447761153 127
1633944866286 0.7474215813325165 128
1633944897483 0.749036029922866 129
1633944928624 0.7451892418966714 130
1633944960054 0.7423340670952927 131
1633944991266 0.7500863629206023 132
1633945022473 0.7471399244144326 133
1633945053654 0.7537414326133889 134
1633945084902 0.7497671763054939 135
1633945116217 0.7451963450826664 136
1633945148393 0.756430038253923 137
1633945183441 0.7532221419125995 138
1633945214677 0.7508748986482083 139
1633945248606 0.7604243348705262 140
1633945282575 0.7408739267740055 141
1633945314041 0.747480285979118 142
1633945345401 0.7486690373386218 143
1633945377072 0.7465539087121943 144
1633945407990 0.7495551367818567 145
1633945439405 0.7456985079672254 146
1633945470418 0.746845360487223 147
1633945501464 0.7429152619879105 148
1633945533088 0.7426363498075093 149
1633945564525 0.7417132185971081 150
1633945595577 0.7465461640544522 151
1633945626525 0.7629631125833696 152
1633945659811 0.7503574917034201 153
1633945690955 0.7553106256633534 154
1633945723170 0.7367536610705584 155
1633945754475 0.7519467702165116 156
1633945785760 0.7410267738118612 157
1633945817009 0.7607481330832137 158
1633945848152 0.7467714749232172 159
1633945882893 0.7482055385294927 160
1633945914881 0.734270643913554 161
1633945946253 0.7478703753376625 162
1633945977656 0.7376962363855097 163
1633946009227 0.7457493099547254 164
1633946040677 0.7500650425842091 165
1633946072004 0.7513211030529046 166
1633946103229 0.7474505130300102 167
1633946135203 0.7471297646543138 168
1633946166421 0.7567669178914068 169
1633946197733 0.7236077563339092 170
1633946228693 0.7533615308406202 171
1633946260009 0.7568117594946608 172
1633946292162 0.753240698524576 173
1633946323376 0.7600708143055577 174
1633946354774 0.7393879139950941 175
1633946386293 0.7559720566995008 176
1633946417722 0.7489135336153697 177
1633946449121 0.7469712394902478 178
1633946481064 0.7536304227193891 179
1633946515003 0.7505036304110824 180
1633946546474 0.7529659718897213 181
1633946578328 0.7587469764234891 182
1633946609710 0.7574613478641542 183
1633946641696 0.7523171841544677 184
1633946673499 0.7490262976710002 185
1633946704886 0.7373195271008428 186
1633946736505 0.7537339098140996 187
1633946768022 0.7543061959620346 188
1633946800509 0.7516316664330838 189
1633946832125 0.7587399826651431 190
1633946863509 0.7361469872787041 191
1633946895009 0.7570263478341038 192
1633946926799 0.7431397713287251 193
1633946958540 0.7478047063637705 194
1633946990054 0.7556966581473772 195
1633947021462 0.7459175155848528 196
1633947053642 0.7551008792379102 197
1633947085041 0.7517744135233304 198
1633947117352 0.7505520225148175 199
1633947151812 0.7501492817639962 200
1633947183331 0.7543659435560713 201
1633947214669 0.7550889686213522 202
1633947246285 0.7536912812963681 203
1633947278102 0.7536620882439689 204
1633947309452 0.7424769643230017 205
1633947341145 0.7447765881097196 206
1633947372401 0.7394534583093566 207
1633947404150 0.7570627992827587 208
1633947435893 0.7488326751785791 209
1633947467384 0.7536544702502576 210
1633947498695 0.7577326850430748 211
1633947530201 0.7489919638550894 212
1633947561682 0.7614761787463701 213
1633947593085 0.7642976945792607 214
1633947624540 0.7579411511782543 215
1633947656189 0.7559740503360243 216
1633947687644 0.7557424017962858 217
1633947719271 0.7549301029353926 218
1633947750852 0.7461260047129815 219
1633947785217 0.7625158315771972 220
1633947816607 0.75717934759104 221
1633947851427 0.7394132359819011 222
1633947883357 0.7598047479761121 223
1633947915140 0.7520447540901696 224
1633947946921 0.7582619390884702 225
1633947978651 0.7541340811665501 226
1633948010216 0.7516705979327779 227
1633948042137 0.7543836124403319 228
1633948074057 0.753736934032123 229
1633948105945 0.7508257494008231 230
1633948137862 0.7671887217986219 231
1633948172097 0.7549769296527514 232
1633948204481 0.7633474132489808 233
1633948235762 0.754772912961237 234
1633948267254 0.7587516211387574 235
1633948298918 0.7620217998539891 236
1633948330704 0.7646950433442578 237
1633948362857 0.7576446116781627 238
1633948394250 0.758803066445735 239
1633948428525 0.7604060616817726 240
1633948460299 0.7611208442227166 241
1633948491975 0.757276879443613 242
1633948523738 0.7569784616262342 243
1633948556621 0.7614512635587278 244
1633948592723 0.7605379245529316 245
1633948629074 0.7568224280710973 246
1633948662888 0.7497851458154736 247
1633948697277 0.7585623633417081 248
1633948730632 0.7536706725052355 249
1633948763111 0.7521851295193677 250
1633948796082 0.7538591334955489 251
1633948830238 0.7586315665398558 252
1633948865077 0.7561539158994193 253
1633948897681 0.7472862553291986 254
1633948929855 0.7574528878561326 255
1633948962005 0.7562952078648582 256
1633948993958 0.7564226537475304 257
1633949025909 0.7490106403284874 258
1633949058073 0.7606682876595325 259
1633949092980 0.7561892779702388 260
1633949124915 0.7641560428111996 261
1633949157506 0.7535596847633508 262
1633949189965 0.755416412550885 263
1633949222473 0.7609255779654003 264
1633949254908 0.7625371414660184 265
1633949287166 0.7486284724405587 266
1633949319258 0.75866084268608 267
1633949351381 0.7552755198389899 268
1633949383529 0.7602839000851026 269
1633949415410 0.7579947157258136 270
1633949447489 0.7634528505856039 271
1633949479381 0.7543109559142459 272
1633949511553 0.7633972093461983 273
1633949543550 0.7576957768199698 274
1633949575978 0.7520475193847245 275
1633949608540 0.756033361948855 276
1633949640793 0.7609463433397654 277
1633949672861 0.7616750871712029 278
1633949704652 0.7630096392571908 279
1633949740108 0.7578951412989383 280
1633949772614 0.7535881246997315 281
1633949804870 0.753363228513791 282
1633949837851 0.7520392539229912 283
1633949870441 0.7533437795999104 284
1633949902561 0.7649679851656652 285
1633949934746 0.7575505091651517 286
1633949967108 0.7584367769338847 287
1633949999589 0.76157736940171 288
1633950032517 0.7571969509584504 289
1633950064873 0.7578796496362833 290
1633950097136 0.7608238807045353 291
1633950129148 0.761967671958296 292
1633950161782 0.7616240168335945 293
1633950194337 0.7624022607297972 294
1633950227130 0.7580163081501687 295
1633950259653 0.7555123816448589 296
1633950291959 0.7557211182401137 297
1633950324228 0.763907114305999 298
1633950356294 0.7620836595028518 299
1633950391702 0.7601491765108359 300
1633950424349 0.7589929617709105 301
1633950456745 0.7632931703991565 302
1633950489356 0.7580491186928277 303
1633950521842 0.7546461119920826 304
1633950554827 0.7583330162927683 305
1633950588077 0.7577525895978255 306
1633950620814 0.7626505341054562 307
1633950652999 0.7578803606676493 308
1633950685470 0.7597469699288546 309
1633950718152 0.7610797319069245 310
1633950750768 0.7648900072487715 311
1633950783533 0.7669345242302539 312
1633950816169 0.7598669782263959 313
1633950849244 0.7622375327256763 314
1633950881703 0.752936109770608 315
1633950914702 0.760462185583067 316
1633950947137 0.764571787733614 317
1633950979775 0.7603271380816018 318
1633951012056 0.7583710185331416 319
1633951047452 0.7618773019917555 320
1633951080193 0.7585750017422249 321
1633951112599 0.7627630561649675 322
1633951145112 0.7569091351736636 323
1633951178051 0.753802344493614 324
1633951211516 0.754276039882103 325
1633951244192 0.7524870683311762 326
1633951277006 0.7607914050313235 327
1633951309768 0.7595531365091645 328
1633951342561 0.7611654139147997 329
1633951375356 0.7632902146908322 330
1633951408149 0.7618587639416016 331
1633951440950 0.7601007561473517 332
1633951473855 0.7630744827029696 333
1633951506892 0.7629468451346495 334
1633951539592 0.7632646205955983 335
1633951572251 0.7596899610999778 336
1633951605155 0.7581720229125855 337
1633951638199 0.7629711230592311 338
1633951671360 0.7652369345698354 339
1633951706782 0.7597545569856289 340
1633951739605 0.7567751144930532 341
1633951772854 0.7628078240826596 342
1633951805971 0.7583924442888432 343
1633951838993 0.7618120518387888 344
1633951872649 0.7584610124144309 345
1633951906034 0.7612189793093471 346
1633951938607 0.7636966445688563 347
1633951971525 0.759600286831428 348
1633952004217 0.76329491928992 349
1633952037206 0.7707246317110608 350
1633952073602 0.7642847022932369 351
1633952107073 0.7654183080927031 352
1633952140060 0.7602843419974907 353
1633952177584 0.7631660821032733 354
1633952211066 0.7639277252358997 355
1633952243913 0.7628041365526754 356
1633952276720 0.7708841444928005 357
1633952309482 0.7575514891429905 358
1633952342619 0.7654461150703654 359
1633952378631 0.7626935491499879 360
1633952411850 0.7674484528566895 361
1633952444989 0.7681788593688166 362
1633952478670 0.7639427231989074 363
1633952511560 0.7634855317187503 364
1633952546694 0.7671286893857081 365
1633952579663 0.7638815838820211 366
1633952612556 0.7662928822866196 367
1633952645375 0.761023326666337 368
1633952678131 0.7561259788989458 369
1633952711058 0.7681594157796341 370
1633952744403 0.7616222127145239 371
1633952777658 0.7643525469802213 372
1633952810833 0.766802438222087 373
1633952844319 0.7659019656696936 374
1633952877566 0.7559195215408582 375
1633952911168 0.7665247898416854 376
1633952944459 0.7606164167317376 377
1633952977547 0.7646260987920842 378
1633953011303 0.7664070271435558 379
1633953052586 0.7638452036089252 380
1633953088452 0.7639843278717691 381
1633953125913 0.7642075909572739 382
1633953159739 0.769101719855591 383
1633953192919 0.7671894930072441 384
1633953226710 0.7659063247090426 385
1633953261542 0.7691114331399106 386
1633953295912 0.7650480551323322 387
1633953329930 0.7676050293748818 388
1633953362741 0.7696220354699452 389
1633953395674 0.765289561092351 390
1633953428815 0.7681722199233592 391
1633953462434 0.772443624707543 392
1633953510367 0.7689156078635287 393
1633953544485 0.7670030257952181 394
1633953577969 0.7641609711965284 395
1633953611378 0.7663057142099079 396
1633953648288 0.7613048168713635 397
1633953686175 0.7673398643865341 398
1633953720498 0.7663869894388735 399
1633953759384 0.7673523197092387 400
1633953794964 0.7637325976849483 401
1633953830364 0.7637676238639935 402
1633953865597 0.7587562552049726 403
1633953900690 0.7622848216265697 404
1633953933912 0.764828902051392 405
1633953967729 0.7645159729024678 406
1633954001608 0.7670573442551822 407
1633954034662 0.7676085020536786 408
1633954068067 0.7651456261577676 409
1633954106179 0.7688605056921449 410
1633954140201 0.7702369414724715 411
1633954173160 0.768141584149202 412
1633954206300 0.767746928073989 413
1633954239565 0.7682742604546223 414
1633954273234 0.7644942840146958 415
1633954306820 0.7684340325775239 416
1633954340195 0.7672030226451614 417
1633954373594 0.7687028578336322 418
1633954406800 0.7643992935470649 419
1633954442696 0.7644176533572867 420
1633954476210 0.7660511766964642 421
1633954509435 0.7679640306061641 422
1633954542865 0.7695637350123443 423
1633954576717 0.7655198595207121 424
1633954610262 0.7650004612724475 425
1633954643218 0.7646396314599965 426
1633954676829 0.7672730041285566 427
1633954710566 0.7639995137904723 428
1633954743912 0.7628959732745533 429
1633954777360 0.7603478426365305 430
1633954811309 0.7691922004653636 431
1633954844535 0.7612746972014542 432
1633954877866 0.7646146863371787 433
1633954911398 0.7695118212283395 434
1633954944805 0.7636483949399424 435
1633954978458 0.766378522949454 436
1633955011759 0.7550513135631388 437
1633955045389 0.7674788030631887 438
1633955078721 0.7669457740375775 439
1633955114891 0.7670169760502845 440
1633955148586 0.767482666112266 441
1633955182196 0.7643004798885134 442
1633955215626 0.7704002227054717 443
1633955249422 0.7654770653461866 444
1633955283187 0.7576445439322527 445
1633955316813 0.7682844800408778 446
1633955350298 0.7738498852856697 447
1633955387342 0.7657284630772015 448
1633955420832 0.7636641217137897 449
1633955454364 0.7671596658553683 450
1633955488166 0.766417382381526 451
1633955521421 0.7724075531128941 452
1633955555104 0.770675934966678 453
1633955588737 0.7646791679136226 454
1633955622154 0.7714785529765202 455
1633955659333 0.770794973773881 456
1633955693564 0.7673996268682702 457
1633955726789 0.7684721236069011 458
1633955760196 0.7715742932191965 459
1633955796480 0.7670213473689922 460
1633955830362 0.765198098709432 461
1633955863850 0.7695838049141116 462
1633955897444 0.7692802290340567 463
1633955931025 0.7685778196534669 464
1633955964926 0.7676814907854171 465
1633955998689 0.7675948042818058 466
1633956032341 0.7665019287058635 467
1633956066743 0.7724435731511834 468
1633956100659 0.76852317773018 469
1633956134222 0.768380272742675 470
1633956167973 0.7712962319613196 471
1633956201718 0.7717129066153203 472
1633956236134 0.7656183964162508 473
1633956270028 0.7660983997712759 474
1633956303518 0.7674707598210769 475
1633956337296 0.7709519425911878 476
1633956370948 0.7694400671525439 477
1633956404424 0.7687622193619067 478
1633956438698 0.7714902530523599 479
1633956475195 0.7641017825854344 480
1633956509152 0.7646090720323507 481
1633956543015 0.7676059190849479 482
1633956577267 0.772627344678551 483
1633956610972 0.7699890165016701 484
1633956644546 0.7650548120911105 485
1633956678380 0.7703365075168982 486
1633956712088 0.7626631464100272 487
1633956746161 0.7623192512444474 488
1633956780122 0.7694816430875855 489
1633956813829 0.7661310227936032 490
1633956847717 0.7680338584442357 491
1633956881630 0.7659339664468184 492
1633956915809 0.7642185508179827 493
1633956949392 0.769068147658851 494
1633956983330 0.765447971496319 495
1633957017784 0.7673925811058547 496
1633957051680 0.7703474039638258 497
1633957085373 0.7712573039286229 498
1633957119616 0.7699246153631714 499
1633957156697 0.7660677202295689 500
1633957190921 0.767618765015616 501
1633957225045 0.7695780961704288 502
1633957258888 0.768764718015989 503
1633957293238 0.7685240118260278 504
1633957327366 0.7708634605643976 505
1633957361631 0.7648081321756937 506
1633957395356 0.7632201411138936 507
1633957429489 0.7751416497714347 508
1633957468266 0.7781278695991419 509
1633957506736 0.7715604459509897 510
1633957541543 0.7742694451034409 511
1633957575666 0.7730808770537573 512
1633957609494 0.7726948382821774 513
1633957643820 0.775857940029526 514
1633957678371 0.770213805453339 515
1633957712316 0.7708673637321183 516
1633957746069 0.7737480243730775 517
1633957780920 0.7696817689647845 518
1633957815114 0.7687263238575066 519
1633957851887 0.7734000581385627 520
1633957886381 0.7736364816607553 521
1633957920877 0.7663189413996018 522
1633957955237 0.7731713536183632 523
1633957989714 0.7721844333762959 524
1633958023825 0.7707349459006703 525
1633958057773 0.7729334271511344 526
1633958092545 0.7728376536055875 527
1633958126596 0.7694387466258844 528
1633958160693 0.7706875397616902 529
1633958194914 0.7708505093333161 530
1633958229141 0.7724543418510748 531
1633958263524 0.7744523144444008 532
1633958297868 0.7722319694822742 533
1633958332338 0.7735362226000424 534
1633958366741 0.7694015132832577 535
1633958401104 0.7693292635792943 536
1633958435823 0.7672199605203149 537
1633958470420 0.7675286873840848 538
1633958504393 0.7686043591574484 539
1633958541567 0.7713814393603219 540
1633958575897 0.768783704192593 541
1633958610563 0.7670995015207112 542
1633958645361 0.7703288729397699 543
1633958679521 0.7709453972578542 544
1633958713851 0.7697585178707633 545
1633958748474 0.7746754596613522 546
1633958783055 0.7680701404640408 547
1633958817462 0.771205143323255 548
1633958852322 0.7683187941214206 549
1633958886938 0.7651395509715613 550
1633958921344 0.7703228176317994 551
1633958956078 0.7668421234251791 552
1633958990496 0.7725100254664524 553
1633959024776 0.7700137277686546 554
1633959059170 0.7721026757908797 555
1633959093881 0.7757147148227953 556
1633959128605 0.7720138611714419 557
1633959163113 0.7686975270426906 558
1633959197225 0.7684057838500301 559
1633959234921 0.7717586730340351 560
1633959269504 0.7714769611400308 561
1633959304033 0.7713195408907346 562
1633959338517 0.7728834975129297 563
1633959372906 0.7726919186011846 564
1633959407279 0.7721628333612125 565
1633959441781 0.7764534222778676 566
1633959476386 0.7717589822815467 567
1633959511205 0.7658743278758086 568
1633959545821 0.7712488089331171 569
1633959580700 0.7701185342551554 570
1633959615031 0.7718746556948485 571
1633959649379 0.7737410415722166 572
1633959684680 0.7683336547892419 573
1633959719649 0.7728427900051491 574
1633959754106 0.770522146236173 575
1633959789055 0.7722798658835691 576
1633959823601 0.7737548123630238 577
1633959858356 0.7718735148702955 578
1633959893189 0.771597386266989 579
1633959930533 0.7719199151910647 580
1633959965285 0.7687522042329794 581
1633960000119 0.7720672997399832 582
1633960034692 0.770692523693986 583
1633960069447 0.7756224030711802 584
1633960104711 0.7718410475127323 585
1633960139576 0.7743183074866997 586
1633960174232 0.7732852750056605 587
1633960208979 0.7747453971420394 588
1633960244030 0.7666371353928754 589
1633960278911 0.7742739076084969 590
1633960313922 0.774237702644712 591
1633960348804 0.7759189766546414 592
1633960384053 0.7764313701707716 593
1633960419434 0.7754826499040068 594
1633960454149 0.7747974050654315 595
1633960488618 0.7772848190833822 596
1633960523556 0.7680617748640503 597
1633960558216 0.7711213344396561 598
1633960593441 0.7745787774801283 599
1633960631131 0.772211076796647 600
1633960666350 0.7750450398524065 601
1633960701538 0.7661690981775654 602
1633960736753 0.7747120907898469 603
1633960772201 0.7735287774768853 604
1633960807131 0.7766235640666874 605
1633960842235 0.7745289091576477 606
1633960877263 0.7770195338014225 607
1633960911968 0.7742767392955565 608
1633960947294 0.7721642002063407 609
1633960983014 0.7768628559237394 610
1633961017938 0.7732299621078846 611
1633961053327 0.7775122830053385 612
1633961088700 0.7752202872975974 613
1633961123927 0.7759446101179466 614
1633961159345 0.7766234070560658 615
1633961194411 0.7724016474263667 616
1633961229269 0.7784038974962011 617
1633961264493 0.7758185805097076 618
1633961299733 0.7697677299937561 619
1633961337744 0.7721564839379672 620
1633961373348 0.7766285503850625 621
1633961408339 0.7779217343393904 622
1633961443380 0.7742864881238359 623
1633961478639 0.7752480764548176 624
1633961514009 0.7752452697402554 625
1633961549206 0.7739067853578099 626
1633961584518 0.7762169030272509 627
1633961619698 0.7754163828377364 628
1633961655162 0.7782333300103808 629
1633961694941 0.7791074667651993 630
1633961735202 0.7752089716018454 631
1633961770996 0.779395296339842 632
1633961806237 0.7822470413301219 633
1633961853194 0.7795656978001575 634
1633961901912 0.7750952515762729 635
1633961937154 0.7711391294795062 636
1633961972589 0.7714389680877821 637
1633962007778 0.7767045103587107 638
1633962042997 0.7746721236008041 639
1633962081039 0.7769846789627131 640
1633962116624 0.7786252861911752 641
1633962152634 0.7737381843914699 642
1633962190299 0.7740531986258703 643
1633962225945 0.7769747731823036 644
1633962261000 0.7746022919407353 645
1633962301274 0.7702076910685763 646
1633962340652 0.7749966287138073 647
1633962376282 0.7764184950113355 648
1633962412447 0.775437908169109 649
1633962447809 0.7769505305576991 650
1633962482994 0.776043710471018 651
1633962518648 0.7773220263029397 652
1633962554035 0.7778159922616986 653
1633962589172 0.7747939102819797 654
1633962624671 0.7761071624155963 655
1633962659858 0.7778502530741239 656
1633962698216 0.7758501169887488 657
1633962734170 0.777441088534631 658
1633962769344 0.7735246307457507 659
1633962807493 0.7768976629297257 660
1633962843046 0.7726864231128243 661
1633962878773 0.7739742927521771 662
1633962919983 0.7766548756636047 663
1633962955705 0.7741443554502034 664
1633962991334 0.7703483106401844 665
1633963027089 0.7726954825825469 666
1633963062416 0.7775661469206252 667
1633963097945 0.7813393732007996 668
1633963133449 0.7681064390263854 669
1633963169037 0.7790078877611097 670
1633963204635 0.7768231514256438 671
1633963240289 0.7776347878762194 672
1633963275852 0.7735344537839111 673
1633963311516 0.7732987961742588 674
1633963346802 0.7705415088424836 675
1633963382793 0.7779834687870713 676
1633963418268 0.7788373427626955 677
1633963453616 0.776839030320176 678
1633963489436 0.7775762764585121 679
1633963527855 0.7748381751860276 680
1633963563455 0.7739635773438246 681
1633963598925 0.7827521737571159 682
1633963634749 0.7792760129988117 683
1633963670477 0.7725463471664135 684
1633963706172 0.7747242878710767 685
1633963741866 0.7774196495856701 686
1633963778006 0.7791812207013111 687
1633963813682 0.7765405169852261 688
1633963850298 0.7745783297799483 689
1633963885861 0.776548520518547 690
1633963921526 0.778940927422766 691
1633963957550 0.775275729635687 692
1633963993389 0.7744511203162414 693
1633964029521 0.7788034156840674 694
1633964065367 0.776016597144948 695
1633964101281 0.7781674889304165 696
1633964136984 0.7776422098836808 697
1633964173572 0.7779219086917244 698
1633964209624 0.7771651495383933 699
1633964248611 0.7785349765679861 700
1633964284686 0.777727925791794 701
1633964320351 0.7751623774985958 702
1633964357423 0.7775714621714337 703
1633964393677 0.777609759612837 704
1633964429816 0.7789749229730819 705
1633964465894 0.7771990714309976 706
1633964501570 0.7774919168978477 707
1633964537414 0.7783368205433058 708
1633964573342 0.780036040746292 709
1633964609417 0.7792519660452191 710
1633964645649 0.7787221921500947 711
1633964681466 0.7784326830940279 712
1633964717474 0.7803591614207073 713
1633964752945 0.779780071314753 714
1633964789139 0.7816656286201411 715
1633964825625 0.7768375174788428 716
1633964861641 0.7802198630469737 717
1633964897120 0.7766510229249609 718
1633964933429 0.781002658311559 719
1633964972614 0.776423970905981 720
1633965008828 0.7777645689183511 721
1633965045041 0.7769390336347037 722
1633965081570 0.7761619355675057 723
1633965117902 0.77967250428661 724
1633965154429 0.7754399730706003 725
1633965190478 0.7759654346743973 726
1633965226360 0.7780273681721105 727
1633965262708 0.7804742090444761 728
1633965298799 0.7758280084204743 729
1633965335203 0.778521878270861 730
1633965371388 0.7737647436413605 731
1633965407942 0.7761550497615932 732
1633965444105 0.7759497629419665 733
1633965481847 0.7792636301903532 734
1633965517634 0.7788769505009295 735
1633965554393 0.7761930546323192 736
1633965590792 0.7735520538442296 737
1633965627106 0.7728597405064197 738
1633965663173 0.7816162543783889 739
1633965702222 0.7787275443763797 740
1633965738616 0.7802254729587101 741
1633965775285 0.7818329792909436 742
1633965811830 0.7798229773307798 743
1633965848387 0.781778510887139 744
1633965884598 0.767863686817651 745
1633965920715 0.7742885509637274 746
1633965956994 0.7810248056361632 747
1633965993406 0.7791364734082619 748
1633966029436 0.7757169809495457 749
1633966065811 0.7814847942333237 750
1633966102217 0.7801732578881329 751
1633966138385 0.7804099980405484 752
1633966174754 0.7779218053582991 753
1633966210917 0.7835205516621473 754
1633966262014 0.781624922716881 755
1633966298112 0.7830163230962294 756
1633966335677 0.7819708426818316 757
1633966371937 0.7765044530957866 758
1633966408484 0.7782742427059709 759
1633966447786 0.7790363868928437 760
1633966485805 0.7788280729998507 761
1633966522281 0.7797567311461271 762
1633966560335 0.7783610811439067 763
1633966596837 0.7831285754739807 764
1633966633302 0.7807702801192613 765
1633966669729 0.7808537929371605 766
1633966706598 0.7729454698568495 767
1633966745065 0.7761159080683236 768
1633966781465 0.7785115836059848 769
1633966818174 0.7782207188279363 770
1633966854766 0.7809264093438232 771
1633966891051 0.7768112940280426 772
1633966928605 0.7751695642434364 773
1633966964969 0.7758380830705702 774
1633967001752 0.7785951614253217 775
1633967038629 0.7711595854370293 776
1633967075245 0.7732015106050377 777
1633967111885 0.776389631150931 778
1633967148536 0.7781347804897442 779
1633967188065 0.7805277910011778 780
1633967225151 0.779800621505431 781
1633967263253 0.778037066824331 782
1633967303398 0.776010701851933 783
1633967340685 0.7838830983035642 784
1633967392235 0.7781095975116099 785
1633967429223 0.7790201557237911 786
1633967466017 0.7790715462355754 787
1633967503449 0.7818063923808101 788
1633967540968 0.7774974323474616 789
1633967577750 0.7794456754338028 790
1633967616599 0.7846163044392838 791
1633967659485 0.780952833086908 792
1633967696771 0.7794102034815498 793
1633967733879 0.7879838420219251 794
1633967777246 0.7851858570897735 795
1633967813684 0.7827231324899006 796
1633967850249 0.7776872926502787 797
1633967890330 0.7821318467278032 798
1633967927042 0.7828203641521513 799
1633967969674 0.7789633670831463 800
1633968007617 0.7794707685586537 801
1633968045210 0.778716074582306 802
1633968087022 0.780588122894214 803
1633968124255 0.780460754269227 804
1633968165007 0.7830971267515647 805
1633968202708 0.7779600302633601 806
1633968239519 0.7731875304802954 807
1633968276360 0.7730513436358882 808
1633968313332 0.7786380788687881 809
1633968350115 0.7808531980779142 810
1633968387011 0.7726147939552934 811
1633968424009 0.7840570315285975 812
1633968460770 0.7776437190771871 813
1633968497481 0.7824091402491683 814
1633968534262 0.781464950636986 815
1633968573898 0.7831888438687259 816
1633968610603 0.7811315419364075 817
1633968650582 0.7807087419574814 818
1633968687369 0.7796070633310207 819
1633968727961 0.7760655750249915 820
1633968766010 0.7785866083438442 821
1633968804645 0.780753693980728 822
1633968842063 0.7783059892187948 823
1633968879294 0.7769615061481813 824
1633968916417 0.7830358587558824 825
1633968953501 0.7818805891442341 826
1633968990288 0.7390887672051752 827
1633969027853 0.7770585233955992 828
1633969065008 0.7804359663358597 829
1633969102287 0.7786811136788907 830
1633969138869 0.7779196075981416 831
1633969175840 0.7779524846630188 832
1633969212909 0.7789230429754985 833
1633969249958 0.7811236042504301 834
1633969286668 0.776283715919872 835
1633969323621 0.7744415237130758 836
1633969361096 0.7787405211076762 837
1633969397870 0.7804459045036262 838
1633969434681 0.7786004965109571 839
1633969474229 0.781931183472041 840
1633969512763 0.7788592505820978 841
1633969550799 0.7761397440762814 842
1633969589024 0.7769824315608865 843
1633969626965 0.7773926764688596 844
1633969664137 0.7799097559633215 845
1633969701595 0.7770652194671234 846
1633969738612 0.7781846049556044 847
1633969775972 0.7787087292401761 848
1633969812881 0.7774722207751674 849
1633969850146 0.7761940731795075 850
1633969887185 0.777557630221099 851
1633969924507 0.7781706780758801 852
1633969961589 0.7768843003959898 853
1633969998848 0.7793461477946977 854
1633970035942 0.7785254625219772 855
1633970075883 0.7704150972555712 856
1633970113074 0.7769181472196055 857
1633970154814 0.7810588238824713 858
1633970192256 0.7755837889088473 859
1633970231861 0.7792298195358328 860
1633970270151 0.7808252065005488 861
1633970308137 0.7783227523347783 862
1633970345565 0.7756301530640293 863
1633970383688 0.781591054228576 864
1633970421327 0.7819345359290556 865
1633970459665 0.7870257098246203 866
1633970497108 0.7830652453504572 867
1633970534991 0.7837882016799015 868
1633970572339 0.7838089300144091 869
1633970609684 0.7748507544054642 870
1633970647011 0.7822982887421615 871
1633970684378 0.777740229813802 872
1633970722013 0.7771982948440561 873
1633970765920 0.7799385267493602 874
1633970807157 0.7811995502203468 875
1633970844340 0.7799929077846439 876
1633970882652 0.7734325332490299 877
1633970919739 0.7785243393214414 878
1633970959904 0.7806956645298937 879
1633971014558 0.7798018215382229 880
1633971053817 0.7794249840065695 881
1633971092088 0.7789662637184303 882
1633971129971 0.780709541163474 883
1633971167828 0.7799084000193031 884
1633971205658 0.7759793284072066 885
1633971243394 0.778448332221953 886
1633971281068 0.7808243256480535 887
1633971318819 0.7800781975908038 888
1633971356487 0.7795797505100321 889
1633971394260 0.7820296859564834 890
1633971431741 0.7848121513488762 891
1633971469613 0.7868559009381852 892
1633971507354 0.7821245285645041 893
1633971544816 0.7831539737716292 894
1633971588558 0.7832181781818078 895
1633971631955 0.7825264367807219 896
1633971669218 0.7758195662349845 897
1633971707102 0.7808645369073909 898
1633971744273 0.7785521170424363 899
1633971784792 0.7798897519459779 900
1633971823071 0.778637149609125 901
1633971860842 0.780335818292586 902
1633971898972 0.7808383550918885 903
1633971936896 0.7794437443292637 904
1633971974892 0.7829883715033279 905
1633972012362 0.7836745782292152 906
1633972050128 0.7796240755478161 907
1633972088254 0.779650444357966 908
1633972125911 0.7774440268670233 909
1633972163204 0.7805441125462327 910
1633972201303 0.776558128296253 911
1633972239273 0.7806510303871047 912
1633972276674 0.7833321821103916 913
1633972314355 0.7814846015350597 914
1633972352256 0.7861175950014001 915
1633972390282 0.7842224125810561 916
1633972427570 0.7835286515795321 917
1633972465316 0.7847915039429959 918
1633972506711 0.7868462494545974 919
1633972547670 0.7805960721978683 920
1633972586102 0.7812181071535612 921
1633972627850 0.7834556789599291 922
1633972666346 0.7820482641172647 923
1633972704402 0.7795624987741046 924
1633972742472 0.7824010512284266 925
1633972780258 0.7815767746916907 926
1633972818405 0.7837841502508281 927
1633972855817 0.7835975897054719 928
1633972893957 0.7806336522544756 929
1633972934192 0.7823596331647388 930
1633972971698 0.7843387333697044 931
1633973010011 0.7842139400069835 932
1633973047753 0.7803435771005183 933
1633973085889 0.7823946775451711 934
1633973123860 0.7816732168115941 935
1633973161935 0.7797855690681027 936
1633973199701 0.7809713828208374 937
1633973237467 0.7793139286041141 938
1633973275962 0.7794515746482285 939
1633973316717 0.7825639496235244 940
1633973356027 0.780044712308112 941
1633973394606 0.7811414855671679 942
1633973434320 0.7814427269234323 943
1633973473166 0.7734438776328657 944
1633973511846 0.7782697420037802 945
1633973550823 0.7796249681258849 946
1633973589022 0.7795722993262124 947
1633973627592 0.7780894661938872 948
1633973666110 0.7843674746671391 949
1633973704070 0.7797486293194477 950
1633973742130 0.7817229519265773 951
1633973779736 0.7815628417390581 952
1633973818499 0.7840788140541824 953
1633973859694 0.7819265004718213 954
1633973897838 0.7820567987236703 955
1633973935555 0.7779902792901028 956
1633973973594 0.7799436957598992 957
1633974011428 0.7803465375821564 958
1633974050649 0.7796406412996542 959
1633974091671 0.7866123619169229 960
1633974130780 0.7847866459078109 961
1633974169804 0.7826546299219722 962
1633974209093 0.7781943766694644 963
1633974247799 0.7819128658390782 964
1633974286884 0.7835692306319436 965
1633974326648 0.7823229698264073 966
1633974365354 0.7798682848026899 967
1633974403945 0.7858909288345773 968
1633974443751 0.7833250396078341 969
1633974482463 0.7851686165579808 970
1633974521078 0.784159404836946 971
1633974559826 0.782233899838976 972
1633974597980 0.7794770068319853 973
1633974636032 0.7809720218217251 974
1633974674361 0.7835726461727036 975
1633974712743 0.7786469751497428 976
1633974751501 0.7775039375676135 977
1633974790240 0.7810139394397673 978
1633974828166 0.7854852821672105 979
1633974872031 0.7837626790891109 980
1633974911789 0.7830573754210267 981
1633974951101 0.7874550384412294 982
1633974990465 0.7834054555614629 983
1633975030263 0.7874325295598902 984
1633975079208 0.7834995030372875 985
1633975118218 0.788968391799589 986
1633975175902 0.7858684072544768 987
1633975214596 0.7822887915390656 988
1633975264352 0.7880433707662339 989
1633975303331 0.7864598365832784 990
1633975342101 0.786332744090071 991
1633975381143 0.7840234928376716 992
1633975419665 0.7871014137838112 993
1633975458234 0.7900239420918996 994
1633975511254 0.7819627142693476 995
1633975550102 0.7881769335263832 996
1633975589056 0.7826582892987003 997
1633975627685 0.7840351326024276 998
1633975666184 0.7828527586308969 999
1633975707889 0.7843929377089698 1000
1633975746952 0.7830427369685703 1001
1633975785855 0.784073660048545 1002
1633975824868 0.7856174039849146 1003
1633975865116 0.7830284948597436 1004
1633975904539 0.7794195935022662 1005
1633975942992 0.7823753556376762 1006
1633975982913 0.783867118272417 1007
1633976021948 0.7859264578932912 1008
1633976060892 0.786247250129529 1009
1633976100736 0.784611148648258 1010
1633976141078 0.7874816640877101 1011
1633976180878 0.7872116430268102 1012
1633976220541 0.7861168872773429 1013
1633976259253 0.7862694986473635 1014
1633976298969 0.780345042056078 1015
1633976337965 0.7849903848673039 1016
1633976377074 0.7839266355763089 1017
1633976416778 0.7840571905158726 1018
1633976455886 0.7845037167993152 1019
1633976497715 0.7877078393082463 1020
1633976537165 0.7846165433918225 1021
1633976576694 0.7866124014695993 1022
1633976616339 0.7856490055475013 1023
1633976656658 0.7857710958676275 1024
1633976696695 0.7861925301205581 1025
1633976735949 0.7825828781973134 1026
1633976780328 0.785920317786589 1027
1633976819814 0.7851608009067123 1028
1633976859577 0.7850311470226083 1029
1633976898621 0.7880804671942376 1030
1633976937366 0.7870319143567831 1031
1633976977198 0.7860933420684715 1032
1633977021566 0.7867856618981874 1033
1633977060875 0.78812114170747 1034
1633977100423 0.7872461005465319 1035
1633977139910 0.7862992150382012 1036
1633977178966 0.7890875854652408 1037
1633977219152 0.7884823577613511 1038
1633977259035 0.7864385445530767 1039
1633977301175 0.7872290290988287 1040
1633977341987 0.7845965648057279 1041
1633977381854 0.7845947426829959 1042
1633977421746 0.7831921343844075 1043
1633977461098 0.7821500951075924 1044
1633977500752 0.7829026821533537 1045
1633977541255 0.7855840521358144 1046
1633977580924 0.7849512577538283 1047
1633977620336 0.7809117536469969 1048
1633977659793 0.7839903228596462 1049
1633977699287 0.7804627100299055 1050
1633977738231 0.7840831408844824 1051
1633977777858 0.7800969243784082 1052
1633977817901 0.7806338603483004 1053
1633977857413 0.7856432786560922 1054
1633977897749 0.7831611556375057 1055
1633977937440 0.7842851649642184 1056
1633977976829 0.7823071240359529 1057
1633978016100 0.775226976301739 1058
1633978055074 0.7825266348629214 1059
1633978097347 0.7839193510856353 1060
1633978138194 0.780075049664273 1061
1633978178114 0.7833527059598387 1062
1633978217360 0.7855544021346604 1063
1633978258036 0.7841411786285991 1064
1633978298652 0.7848796381015434 1065
1633978338470 0.7830237768952771 1066
1633978378789 0.7826042262376589 1067
1633978420429 0.7814052519887279 1068
1633978460219 0.780226839665335 1069
1633978499720 0.7795739366111705 1070
1633978540142 0.779589329566378 1071
1633978580190 0.7777423525298643 1072
1633978621666 0.779626416997941 1073
1633978661857 0.7791928754520093 1074
1633978701665 0.781697058778727 1075
1633978741543 0.7796925448308815 1076
1633978781349 0.7831052517266509 1077
1633978821090 0.7841617973929327 1078
1633978861410 0.7800833718225857 1079
1633978904009 0.7804459454378881 1080
1633978944635 0.7782172717462824 1081
1633978984639 0.7817480886412195 1082
1633979025694 0.7833794726139376 1083
1633979065476 0.7840040172204816 1084
1633979106082 0.7825686895268237 1085
1633979147289 0.7777095611310958 1086
1633979189177 0.7805468110132575 1087
1633979228741 0.7814649888622927 1088
1633979268949 0.7827400291408019 1089
1633979308871 0.7761279146296556 1090
1633979349512 0.7830362277150719 1091
1633979388646 0.7769555852235392 1092
1633979429504 0.7706913337205552 1093
1633979469543 0.7740592776130482 1094
1633979510098 0.7790225657720131 1095
1633979550924 0.7788337513480648 1096
1633979590915 0.7720119346410237 1097
1633979630755 0.7810020381157434 1098
1633979670394 0.7824019281274529 1099
1633979712746 0.7810030617977326 1100
1633979752507 0.7807517673507021 1101
1633979792874 0.7830803983982615 1102
1633979832880 0.7831397980630108 1103
1633979872849 0.7745330937979024 1104
1633979913106 0.780313103668337 1105
1633979953010 0.7803862533852031 1106
1633979994082 0.7789417424365377 1107
1633980034283 0.7714669922591197 1108
1633980074655 0.777534564968806 1109
1633980115241 0.7782778442461253 1110
1633980156289 0.7807557993944093 1111
1633980197212 0.7762484876481341 1112
1633980237666 0.7796557811806698 1113
1633980278243 0.7758570473096534 1114
1633980318703 0.7794094033583804 1115
1633980360117 0.7806514033281442 1116
1633980402170 0.7804486206962434 1117
1633980443910 0.7831825251453343 1118
1633980485132 0.7814376168257069 1119
1633980528036 0.7789887613561455 1120
1633980568910 0.7834019383468664 1121
1633980609419 0.7817820810058403 1122
1633980649646 0.7824401198381888 1123
1633980689445 0.7803831983967374 1124
1633980729502 0.7824619679143201 1125
1633980769513 0.7790507171332226 1126
1633980810009 0.7799759575287398 1127
1633980850004 0.7809117849372857 1128
1633980891273 0.777383520322321 1129
1633980931900 0.7819136241140399 1130
1633980973259 0.7788927292988307 1131
1633981013879 0.7812961717914675 1132
1633981054645 0.779618824686297 1133
1633981094761 0.7808814621049482 1134
1633981135437 0.7753879839269473 1135
1633981175626 0.779723490147846 1136
1633981218097 0.7804829280679658 1137
1633981257804 0.7836884786442401 1138
1633981298307 0.7746557311427974 1139
1633981341285 0.7755087343122522 1140
1633981382866 0.778313233192089 1141
1633981423414 0.7790254830326193 1142
1633981464571 0.777394586173148 1143
1633981505278 0.7797172830164745 1144
1633981545469 0.780602638497486 1145
1633981586216 0.7782624511977598 1146
1633981626932 0.7794379479803762 1147
1633981667386 0.7751258440862177 1148
1633981708581 0.7780342721902263 1149
1633981750186 0.7654154349434685 1150
1633981790539 0.7792988262426633 1151
1633981831118 0.7778380986910373 1152
1633981871602 0.7796200541107509 1153
1633981912027 0.7833124470505837 1154
1633981953822 0.779437831754891 1155
1633981994514 0.7770222278539863 1156
1633982035595 0.7792766143670746 1157
1633982076166 0.7809095635182733 1158
1633982117136 0.7797743762853333 1159
1633982160411 0.7810810070686496 1160
1633982202334 0.7814898906481552 1161
1633982242659 0.781369193287083 1162
1633982283172 0.7796249022450988 1163
1633982323622 0.7788968376751415 1164
1633982363955 0.7783679024750398 1165
1633982404396 0.7778524655796546 1166
1633982444802 0.779931281962046 1167
1633982486785 0.7780400767964715 1168
1633982527090 0.7811357406935584 1169
1633982567724 0.7815298605372597 1170
1633982608447 0.780007560155435 1171
1633982650029 0.7680867748299806 1172
1633982691088 0.7754129916850415 1173
1633982732447 0.7769312170736911 1174
1633982772930 0.7785884433446182 1175
1633982816293 0.7790997532425836 1176
1633982857713 0.7791660575706201 1177
1633982899386 0.7803174158405172 1178
1633982939979 0.7787234170668264 1179
1633982983256 0.780080529616424 1180
1633983025702 0.7735121176647493 1181
1633983066957 0.778415466194845 1182
1633983107819 0.7806860110824551 1183
1633983148391 0.7811298404086222 1184
1633983189799 0.7843101110219088 1185
1633983230734 0.7846158122327028 1186
1633983272324 0.7770584706174974 1187
1633983313406 0.7808929409258183 1188
1633983354134 0.7793113596852035 1189
1633983395789 0.7825563040283635 1190
1633983436961 0.7799780819205302 1191
1633983478311 0.7796541312545852 1192
1633983519023 0.7811041314705521 1193
1633983560839 0.7829294984932452 1194
1633983601570 0.7830002935425422 1195
1633983642190 0.780427156411489 1196
1633983683966 0.7783289933306046 1197
1633983725755 0.7802514648261374 1198
1633983766536 0.7800101014858395 1199
1633983810937 0.7770157901805979 1200
1633983852222 0.7749810127134451 1201
1633983893646 0.7851814548023233 1202
1633983935123 0.7833320943349965 1203
1633983976258 0.7835578817172932 1204
1633984016797 0.7806899634437889 1205
1633984058358 0.7825525459544053 1206
1633984099326 0.7802156316263889 1207
1633984140188 0.7808817546640037 1208
1633984181824 0.7796019622238513 1209
1633984222758 0.7794846522367467 1210
1633984263784 0.7824002130197281 1211
1633984305078 0.7841390173232075 1212
1633984346935 0.7837060733534543 1213
1633984388885 0.7809627981629954 1214
1633984429853 0.7843585489031941 1215
1633984470785 0.7823871781927015 1216
1633984512119 0.7802090084033143 1217
1633984554028 0.7842165652018662 1218
1633984595274 0.783030303004701 1219
1633984639691 0.7834810614851454 1220
1633984683219 0.7833819790030794 1221
1633984727058 0.7828162832338643 1222
1633984768522 0.7835900421456982 1223
1633984810141 0.7840400151012398 1224
1633984851283 0.7850436160254647 1225
1633984892458 0.7837242696049016 1226
1633984933327 0.7811140674349066 1227
1633984974475 0.7830309957380313 1228
1633985016187 0.7866088622528605 1229
1633985057832 0.7822433385272832 1230
1633985099472 0.7819424876033495 1231
1633985140816 0.780518163329854 1232
1633985182376 0.7826256081503999 1233
1633985224210 0.7850844115440341 1234
1633985266491 0.7842039925585077 1235
1633985307240 0.7770647558733114 1236
1633985349209 0.7818263602248915 1237
1633985390965 0.781533127210069 1238
1633985432218 0.7796055562335615 1239
1633985477739 0.7812328794121658 1240
1633985519146 0.7848845186651671 1241
1633985560771 0.7838897240302268 1242
1633985603014 0.7813131475618444 1243
1633985649110 0.7799406102435776 1244
1633985690438 0.7815286278663253 1245
1633985740055 0.7732790376945071 1246
1633985784958 0.7811386725799996 1247
1633985826735 0.7684883125350013 1248
1633985867705 0.7818682907643396 1249
1633985915013 0.7791948295068845 1250
1633985956997 0.7826606109329723 1251
1633985998750 0.7808744814971929 1252
1633986040848 0.77951313391718 1253
1633986082021 0.7807163187838095 1254
1633986124827 0.7809835263051211 1255
1633986166014 0.7744005729325707 1256
1633986209409 0.7769815674792752 1257
1633986250523 0.7782943167306069 1258
1633986294066 0.78079680810644 1259
1633986338373 0.7801246421143794 1260
1633986380540 0.7780991822706697 1261
1633986422268 0.7789049779927802 1262
1633986463425 0.7851392073905904 1263
1633986504731 0.7884098194732521 1264
1633986547098 0.7883974226541112 1265
1633986588629 0.7836523285239119 1266
1633986630443 0.7823223688873248 1267
1633986672181 0.7839597383021812 1268
1633986718834 0.7830341822353354 1269
1633986760863 0.785531067324288 1270
1633986803818 0.7845554211995436 1271
1633986845064 0.7841577109252517 1272
1633986887528 0.7870015221505635 1273
1633986932139 0.7842256139409428 1274
1633986977312 0.7826542102053811 1275
1633987019148 0.7856868079080234 1276
1633987060858 0.7812977502829198 1277
1633987101842 0.7825661403112908 1278
1633987143306 0.7792780427756543 1279
1633987187627 0.7804710006546454 1280
1633987229269 0.7814193266612249 1281
1633987271248 0.7831005939032673 1282
1633987312597 0.7847172568508167 1283
1633987354183 0.783966160180698 1284
1633987395925 0.7829816291867745 1285
1633987437253 0.7856605038616369 1286
1633987479926 0.7840031416444209 1287
1633987521409 0.7839141003970984 1288
1633987563033 0.7831177398101988 1289
1633987604652 0.7838878094558929 1290
1633987646323 0.7826346001634319 1291
1633987687958 0.7852559824041146 1292
1633987730001 0.7797281522968265 1293
1633987771362 0.7832379703866048 1294
1633987815094 0.7849154797601365 1295
1633987856513 0.7813182805588907 1296
1633987899226 0.7817035122200909 1297
1633987941177 0.7823776120811989 1298
1633987982842 0.7832073190317713 1299
1633988026903 0.7817550197220523 1300
1633988068811 0.7790722164722295 1301
1633988110637 0.7786167341015113 1302
1633988152216 0.7807905464247044 1303
1633988195912 0.7823804516939727 1304
1633988238226 0.7819085434048167 1305
1633988280189 0.7819717600175303 1306
1633988322541 0.7851953619730623 1307
1633988364261 0.7847515818484873 1308
1633988406073 0.7795669451633271 1309
1633988448713 0.7781378454785003 1310
1633988490602 0.7828634254596321 1311
1633988532166 0.7864279127542018 1312
1633988573634 0.7868865148550761 1313
1633988618119 0.7859705912410784 1314
1633988659309 0.782621536403761 1315
1633988701827 0.7798959890424718 1316
1633988747600 0.7820738383650232 1317
1633988789989 0.7799404735964398 1318
1633988831862 0.7886857173399238 1319
1633988876218 0.7871758176101088 1320
1633988918495 0.7828138932576474 1321
1633988960657 0.7788552677186183 1322
1633989002577 0.7810479670704964 1323
1633989044555 0.7720452740352451 1324
1633989086467 0.780038774961112 1325
1633989128611 0.7810815520343586 1326
1633989170516 0.7769732661978217 1327
1633989212965 0.7824679246881946 1328
1633989254666 0.7794456290716032 1329
1633989296480 0.7845781444026833 1330
1633989338309 0.7824486592593687 1331
1633989380042 0.7865290025211312 1332
1633989422093 0.7825668744003994 1333
1633989464738 0.781009127537123 1334
1633989506826 0.7795544161177067 1335
1633989548722 0.7822609524068188 1336
1633989590986 0.7870474100164031 1337
1633989632831 0.7872092117962888 1338
1633989675506 0.7847453799560725 1339
1633989721406 0.783782566762687 1340
1633989763822 0.7862579226042916 1341
1633989805954 0.781282207947891 1342
1633989848672 0.7833840408045687 1343
1633989891144 0.7859663678134943 1344
1633989933327 0.7872912735434963 1345
1633989976107 0.7858146100763329 1346
1633990018147 0.7850396384878057 1347
1633990060743 0.78333299257927 1348
1633990103215 0.7866356207321027 1349
1633990145432 0.7861895664489934 1350
1633990188070 0.7836600835100969 1351
1633990230997 0.7815602275622746 1352
1633990273583 0.7817945298355066 1353
1633990316179 0.7869643109541232 1354
1633990358444 0.7861826097693946 1355
1633990400333 0.7879019215153243 1356
1633990442915 0.7821741273646265 1357
1633990484458 0.7843405264917516 1358
1633990528113 0.7793355576847869 1359
1633990573846 0.7829520322958741 1360
1633990617123 0.7854903859002855 1361
1633990659722 0.7852658004050673 1362
1633990702284 0.7844962549842368 1363
1633990744875 0.784006424034526 1364
1633990787511 0.7839376123683778 1365
1633990830244 0.7861720212635743 1366
1633990872600 0.7845990936205033 1367
1633990916207 0.7805345490685659 1368
1633990958578 0.7839738329840191 1369
1633991001092 0.7844727489321823 1370
1633991043332 0.7848844980288973 1371
1633991085526 0.784793961817453 1372
1633991127786 0.7861475912352773 1373
1633991170164 0.7818004123339183 1374
1633991212514 0.7803659816788993 1375
1633991254581 0.7840914491806368 1376
1633991296971 0.7832119569954831 1377
1633991339608 0.7864242027010235 1378
1633991381837 0.7841161130673865 1379
1633991426985 0.7848496856324024 1380
1633991470092 0.7825692447045554 1381
1633991512783 0.7828053357503095 1382
1633991555110 0.7862001465978455 1383
1633991597406 0.7872959378450354 1384
1633991640065 0.7817941979223677 1385
1633991682663 0.7847180270498951 1386
1633991724802 0.7804089562673622 1387
1633991768958 0.7853560583305055 1388
1633991811406 0.7838136379084937 1389
1633991854905 0.783701008272914 1390
1633991896910 0.7791826767725895 1391
