1633940992159 0.3736048158097496 1
1633941022186 0.4560105989804193 2
1633941053024 0.5389495883361959 3
1633941084061 0.6180698371703717 4
1633941114972 0.6471102957437266 5
1633941145862 0.6609000300005242 6
1633941177146 0.7165204809643432 7
1633941208087 0.667108916260755 8
1633941237962 0.6826108218301199 9
1633941269229 0.7493839149713709 10
1633941300083 0.75984487677077 11
1633941330680 0.6760402094387528 12
1633941360775 0.7176091764270417 13
1633941392282 0.7476657391910522 14
1633941423147 0.7914463310849331 15
1633941454517 0.7511063721895119 16
1633941484335 0.7788724070654603 17
1633941515462 0.7342361378598246 18
1633941545503 0.7271740177461927 19
1633941578462 0.7069897793486735 20
1633941608026 0.7108531796688533 21
1633941637572 0.8081493909133189 22
1633941668530 0.7674036604809612 23
1633941698251 0.7432405690140085 24
1633941728005 0.7845744203687092 25
1633941759035 0.7696765226526624 26
1633941788445 0.7781020072191128 27
1633941818343 0.745185742069759 28
1633941848056 0.7565547581648473 29
1633941877864 0.7968233400158284 30
1633941909123 0.7846403425904749 31
1633941938751 0.711535302276707 32
1633941968338 0.7970648959664257 33
1633941997792 0.7949348796231851 34
1633942027331 0.8481913651155035 35
1633942058458 0.7483389269161326 36
1633942088225 0.7925812219497204 37
1633942117830 0.740503122946857 38
1633942147566 0.8141831467492336 39
1633942181107 0.7923216185300196 40
1633942211025 0.7813315118170668 41
1633942240702 0.75297913253186 42
1633942270561 0.8045043731433944 43
1633942300309 0.796965487041028 44
1633942330381 0.7796834967885303 45
1633942360388 0.8299781039378711 46
1633942390295 0.8255893392360325 47
1633942421197 0.7710648771467891 48
1633942451026 0.8090421892201921 49
1633942482297 0.7846487450931673 50
1633942512246 0.7551335608515072 51
1633942542246 0.7871650774760499 52
1633942571893 0.7334746065831347 53
1633942601938 0.780743856840553 54
1633942631877 0.8162694575066529 55
1633942661742 0.8100719376654859 56
1633942693002 0.7696554171194671 57
1633942722945 0.7883087316272456 58
1633942752824 0.7576581709750418 59
1633942785548 0.8145908953377627 60
1633942815354 0.7848742903069802 61
1633942845303 0.8256578361614038 62
1633942876939 0.7935116146581918 63
1633942906982 0.8152231843667674 64
1633942937038 0.8063540382113635 65
1633942968510 0.8213351334513485 66
1633942998728 0.7891180638812468 67
1633943028425 0.7940577477424634 68
1633943058521 0.7821117809679348 69
1633943088408 0.7930720334185289 70
1633943118470 0.8012193250644946 71
1633943148286 0.8270591728919269 72
1633943179703 0.7693000106458548 73
1633943209657 0.7797090220460848 74
1633943239676 0.7959091936772342 75
1633943270059 0.7553084295283252 76
1633943300126 0.7899965527881648 77
1633943330312 0.8114466537985024 78
1633943360369 0.78285257286747 79
1633943393687 0.8427328686834866 80
1633943425615 0.79467840319503 81
1633943455719 0.7909055854937681 82
1633943486140 0.793441671353779 83
1633943516249 0.7924106050271295 84
1633943546942 0.8065559177114299 85
1633943577535 0.7486012210122818 86
1633943607598 0.7880338396534622 87
1633943637871 0.7929091432502485 88
1633943668175 0.8116137275712525 89
1633943698349 0.8042628803797415 90
1633943728556 0.8129161475725817 91
1633943758591 0.8237882849202455 92
1633943788670 0.8294038903394914 93
1633943820231 0.8092069321894496 94
1633943850312 0.7983555907695806 95
1633943880373 0.8031915949631255 96
1633943910588 0.8298540305404066 97
1633943940831 0.777519968370151 98
1633943970882 0.7974088256368786 99
1633944003892 0.8025308321994925 100
1633944034120 0.8173171914146361 101
1633944064772 0.7975299527763914 102
1633944095087 0.8142281222267452 103
1633944125239 0.7910518358199011 104
1633944155547 0.8301810809031663 105
1633944185743 0.8203441340578802 106
1633944215978 0.7887038264763131 107
1633944246260 0.7873311642418985 108
1633944276747 0.7941726000381827 109
1633944307223 0.812457679862406 110
1633944337573 0.787350770400972 111
1633944367807 0.7976536702283263 112
1633944398353 0.7839298342049008 113
1633944428666 0.8131898555700133 114
1633944458816 0.8111719642238264 115
1633944489135 0.8280879314485781 116
1633944519683 0.8302140940178955 117
1633944551887 0.8253978114418774 118
1633944582233 0.8369442184724549 119
1633944616836 0.8395708187060918 120
1633944648124 0.8229920125475549 121
1633944679102 0.7835698044797399 122
1633944710257 0.8075642715467967 123
1633944741611 0.8174499370522256 124
1633944773282 0.8340548550573935 125
1633944804429 0.7763840292049022 126
1633944835209 0.8143788034728144 127
1633944866283 0.8169470758018084 128
1633944897481 0.8352555139171263 129
1633944928622 0.8122510564387416 130
1633944960052 0.8110425280230433 131
1633944991263 0.8307355866439493 132
1633945022471 0.814409424054172 133
1633945053652 0.830146991330946 134
1633945084900 0.8390447606375371 135
1633945116214 0.8067033003907268 136
1633945148390 0.8448092080148034 137
1633945183438 0.834030457089439 138
1633945214675 0.8205210581944248 139
1633945248604 0.8388447188142216 140
1633945282573 0.7976395367409521 141
1633945314039 0.8148376110673969 142
1633945345399 0.8161825548415668 143
1633945377070 0.8334604162414256 144
1633945407988 0.8304056679957011 145
1633945439403 0.8249967143806836 146
1633945470415 0.8214754380653325 147
1633945501462 0.8069477986120943 148
1633945533085 0.7990349127878691 149
1633945564523 0.8077396049977054 150
1633945595575 0.8212841840310388 151
1633945626523 0.8383571223091837 152
1633945659808 0.8136808684981215 153
1633945690953 0.8283635202472462 154
1633945723168 0.7902036485264938 155
1633945754473 0.8140025759649429 156
1633945785758 0.8005514963549301 157
1633945817007 0.8302492738129299 158
1633945848150 0.8118725759874579 159
1633945882890 0.8186255125864941 160
1633945914879 0.7850621079011811 161
1633945946250 0.8322239849147302 162
1633945977653 0.8025937048430163 163
1633946009225 0.8103088273877972 164
1633946040674 0.8265989572464211 165
1633946072002 0.834909874263255 166
1633946103227 0.8186506882681569 167
1633946135200 0.8230465216641274 168
1633946166419 0.8192257871920348 169
1633946197731 0.7760873859711879 170
1633946228690 0.8284745756533093 171
1633946260007 0.8324106155489496 172
1633946292160 0.8209850967548146 173
1633946323374 0.838532533884262 174
1633946354772 0.8048995303813 175
1633946386291 0.8361727637062771 176
1633946417720 0.8081197797844154 177
1633946449119 0.8233432144598005 178
1633946481061 0.8245199622622019 179
1633946515000 0.8217626545492341 180
1633946546472 0.8197705422041672 181
1633946578326 0.8455463621199517 182
1633946609708 0.8225992741766229 183
1633946641694 0.8293375635809802 184
1633946673497 0.8117199741332386 185
1633946704883 0.8078571472006152 186
1633946736503 0.8278404467362713 187
1633946768019 0.8202928945859829 188
1633946800507 0.8369054640810769 189
1633946832123 0.8220492339682116 190
1633946863507 0.7851689248146737 191
1633946895006 0.8281623113858281 192
1633946926797 0.8074270454110927 193
1633946958538 0.8053395057092227 194
1633946990052 0.8323460829237213 195
1633947021460 0.8109517044784186 196
1633947053639 0.8249699680129896 197
1633947085038 0.8215789376404973 198
1633947117350 0.825353889152949 199
1633947151809 0.8182587473532006 200
1633947183329 0.822998030243778 201
1633947214667 0.8204511981568658 202
1633947246283 0.8346064586926246 203
1633947278100 0.829458965708057 204
1633947309450 0.8154248154510735 205
1633947341142 0.8117947399592921 206
1633947372398 0.7947450511233306 207
1633947404147 0.8370476088338599 208
1633947435891 0.8090373446599451 209
1633947467382 0.8175474918429632 210
1633947498693 0.8303364796701805 211
1633947530199 0.8148248835306215 212
1633947561680 0.8335300164053435 213
1633947593082 0.8445276241816332 214
1633947624538 0.8359678325764994 215
1633947656187 0.8155307198437499 216
1633947687642 0.8217279805007456 217
1633947719269 0.8237956825618608 218
1633947750850 0.8175645404091278 219
1633947785214 0.8334583174101797 220
1633947816605 0.8258593904664301 221
1633947851424 0.7985164894110314 222
1633947883354 0.8285855578787517 223
1633947915138 0.8145094227078454 224
1633947946919 0.8361009217440262 225
1633947978649 0.8209343982909827 226
1633948010214 0.8165455739430183 227
1633948042135 0.8258827005940631 228
1633948074054 0.8183353767553074 229
1633948105943 0.817159806445758 230
1633948137860 0.847145182688145 231
1633948172095 0.8421904825030937 232
1633948204479 0.8354858072604736 233
1633948235759 0.82388332009546 234
1633948267252 0.8310734021310283 235
1633948298916 0.8367360471308173 236
1633948330702 0.8355208712270512 237
1633948362855 0.8294372271839608 238
1633948394248 0.8379621209281853 239
1633948428523 0.8343605441200774 240
1633948460297 0.8349939699961292 241
1633948491973 0.8260601242374366 242
1633948523735 0.8270945045526275 243
1633948556619 0.8372280062083761 244
1633948592720 0.8289596488665008 245
1633948629072 0.8296982067889725 246
1633948662885 0.8194701101241381 247
1633948697275 0.8305197296076439 248
1633948730630 0.8298398775359561 249
1633948763108 0.8307575777245314 250
1633948796080 0.8453718175523834 251
1633948830235 0.8234167050806203 252
1633948865073 0.8196582473160349 253
1633948897679 0.8025847653728725 254
1633948929853 0.8343478070943233 255
1633948962003 0.8308892260769009 256
1633948993956 0.8407648803540588 257
1633949025907 0.813136745339199 258
1633949058070 0.8340390591838973 259
1633949092977 0.815613986948075 260
1633949124913 0.8398475119589546 261
1633949157503 0.8160790001039946 262
1633949189963 0.8212088035772882 263
1633949222471 0.8431452226232073 264
1633949254906 0.8371490089807462 265
1633949287164 0.8213744170183082 266
1633949319256 0.8367426588748731 267
1633949351379 0.8182471697746111 268
1633949383526 0.847893533250361 269
1633949415407 0.8187904327672365 270
1633949447486 0.8399655600151348 271
1633949479379 0.8128802365858407 272
1633949511550 0.8415708335476564 273
1633949543547 0.8299573208256031 274
1633949575976 0.8175413176289457 275
1633949608537 0.8271740146095464 276
1633949640791 0.8325948828166402 277
1633949672859 0.8347993829697109 278
1633949704650 0.8292878611387322 279
1633949740106 0.8364676361676209 280
1633949772612 0.8319385719729797 281
1633949804868 0.8280756605035012 282
1633949837849 0.8228284869686378 283
1633949870439 0.8395764122591031 284
1633949902558 0.8494041823731834 285
1633949934744 0.8258995719772967 286
1633949967105 0.8295276457093596 287
1633949999587 0.8422563049852743 288
1633950032515 0.8334481632647124 289
1633950064870 0.8231721537130823 290
1633950097134 0.8313242568454353 291
1633950129146 0.8312420577590198 292
1633950161779 0.8465940612667271 293
1633950194335 0.8451397261816187 294
1633950227128 0.8297069855311717 295
1633950259651 0.8311884484893922 296
1633950291956 0.8234945142022719 297
1633950324226 0.836563781410273 298
1633950356292 0.83246485265295 299
1633950391700 0.832299505438253 300
1633950424347 0.8282648856848571 301
1633950456743 0.837766528451327 302
1633950489353 0.828661418030473 303
1633950521840 0.819691799908161 304
1633950554825 0.8320681990236363 305
1633950588074 0.8266317527257786 306
1633950620811 0.8343280175389235 307
1633950652997 0.8349785797047673 308
1633950685468 0.8283534367899353 309
1633950718150 0.8355236169077221 310
1633950750766 0.8420454708960915 311
1633950783530 0.8470396954075652 312
1633950816167 0.8312534099786749 313
1633950849242 0.8309639017678013 314
1633950881700 0.8119811716236741 315
1633950914700 0.824729081983227 316
1633950947135 0.8389052300809174 317
1633950979773 0.8253388731578165 318
1633951012054 0.8411680386277753 319
1633951047449 0.8240085047322776 320
1633951080191 0.8217943934997772 321
1633951112597 0.8319145430112299 322
1633951145109 0.8298853509231188 323
1633951178049 0.812371527896809 324
1633951211514 0.8145858129139513 325
1633951244190 0.8190987204932321 326
1633951277004 0.83197214722528 327
1633951309766 0.8289956393658541 328
1633951342558 0.8362400881441323 329
1633951375353 0.8356071395622114 330
1633951408146 0.8319078824293467 331
1633951440948 0.8403679405220786 332
1633951473852 0.8375688759194988 333
1633951506890 0.8370364961488715 334
1633951539590 0.8409103248463539 335
1633951572249 0.8309480099383714 336
1633951605153 0.8339944991285719 337
1633951638197 0.8289354772995488 338
1633951671358 0.8356312831060725 339
1633951706780 0.8271022501760209 340
1633951739602 0.821997345918232 341
1633951772851 0.8302512052725688 342
1633951805969 0.8287590294885416 343
1633951838990 0.840631003416797 344
1633951872647 0.8224671777646491 345
1633951906032 0.8263376606097609 346
1633951938605 0.8337045934070265 347
1633951971523 0.8202326269651068 348
1633952004215 0.8346435129857344 349
1633952037204 0.8498499714347698 350
1633952073600 0.8302141001663751 351
1633952107070 0.8321059870963088 352
1633952140058 0.8289267114180701 353
1633952177578 0.850435371704819 354
1633952211063 0.8245881822389345 355
1633952243910 0.8260401391869654 356
1633952276717 0.8518250097642189 357
1633952309479 0.8245252244803037 358
1633952342617 0.8343178630762798 359
1633952378629 0.8287744222633108 360
1633952411848 0.8367942037694319 361
1633952444986 0.8443308959429873 362
1633952478662 0.8367394101278129 363
1633952511554 0.83956781161393 364
1633952546690 0.8398371115272053 365
1633952579660 0.8372133861334692 366
1633952612554 0.843223566832604 367
1633952645372 0.8253416557414666 368
1633952678125 0.823333809806626 369
1633952711056 0.8395073591517125 370
1633952744400 0.8425505071599539 371
1633952777656 0.8357053861099825 372
1633952810830 0.8394429719012333 373
1633952844317 0.8283394632707898 374
1633952877562 0.8165767533015255 375
1633952911163 0.8468508366327888 376
1633952944454 0.8354664919479775 377
1633952977536 0.8374833061639693 378
1633953011301 0.8429924459014626 379
1633953052584 0.8332821680145187 380
1633953088447 0.836778490333184 381
1633953125909 0.8373597664807972 382
1633953159735 0.8468053126151792 383
1633953192916 0.8443847190312611 384
1633953226707 0.8279194298151163 385
1633953261539 0.8499713337220894 386
1633953295904 0.8255011067763042 387
1633953329924 0.8344356951478242 388
1633953362739 0.8406451814482209 389
1633953395672 0.8369782756462807 390
1633953428813 0.844420954926574 391
1633953462431 0.8522325065487342 392
1633953510356 0.8376029569837349 393
1633953544482 0.8561639111806544 394
1633953577966 0.8346330990408756 395
1633953611375 0.8441426996290674 396
1633953648273 0.8386354151965337 397
1633953686169 0.8358659830960896 398
1633953720495 0.8480053515157583 399
1633953759382 0.8507396845915776 400
1633953794962 0.8395247427654305 401
1633953830361 0.828513688489132 402
1633953865595 0.8233103710236281 403
1633953900688 0.8470596339837112 404
1633953933909 0.8375233174221559 405
1633953967727 0.8233341126614523 406
1633954001606 0.8497074483319024 407
1633954034660 0.8383548201890503 408
1633954068065 0.8449011178409485 409
1633954106176 0.8405283995264604 410
1633954140199 0.8529234938176647 411
1633954173158 0.8475711775914884 412
1633954206298 0.8448866779297173 413
1633954239562 0.8425559889969617 414
1633954273231 0.8325179208322716 415
1633954306818 0.8526057465777517 416
1633954340193 0.8434064590577144 417
1633954373591 0.8564051678650112 418
1633954406798 0.8408847019523233 419
1633954442694 0.8349128193377388 420
1633954476208 0.8418777267534743 421
1633954509433 0.8475000998531637 422
1633954542862 0.8463863454756737 423
1633954576715 0.8416928750661833 424
1633954610259 0.8320537178891219 425
1633954643215 0.861737218094036 426
1633954676827 0.8496363472847007 427
1633954710564 0.8322668535075127 428
1633954743910 0.8311585388426063 429
1633954777357 0.8240485360791738 430
1633954811307 0.8511225702747102 431
1633954844533 0.8400950440165862 432
1633954877863 0.83727356317844 433
1633954911395 0.8437546965222944 434
1633954944803 0.839705512161393 435
1633954978455 0.839286071155938 436
1633955011756 0.8261990965541403 437
1633955045387 0.8445249039575502 438
1633955078719 0.8494029236223344 439
1633955114889 0.8508970654235559 440
1633955148583 0.8448700699355036 441
1633955182194 0.8470297674902661 442
1633955215624 0.8536514567359574 443
1633955249420 0.8401545377529688 444
1633955283185 0.8417185761972232 445
1633955316811 0.8368108571492826 446
1633955350296 0.8528456068055194 447
1633955387340 0.837108673125045 448
1633955420830 0.8450008515546252 449
1633955454362 0.8553624810628655 450
1633955488163 0.8430144313439332 451
1633955521418 0.8561214244910581 452
1633955555102 0.8420922493088517 453
1633955588735 0.8405651019633097 454
1633955622152 0.837032615647476 455
1633955659330 0.8570195422423006 456
1633955693562 0.8324742421295834 457
1633955726787 0.8345434000261734 458
1633955760194 0.8460341853615678 459
1633955796478 0.8341219300278416 460
1633955830360 0.8378778218486717 461
1633955863848 0.8421329643489723 462
1633955897442 0.8453684344910993 463
1633955931023 0.8375609793145369 464
1633955964924 0.8438035850652181 465
1633955998687 0.8362476020394609 466
1633956032339 0.842672774764422 467
1633956066741 0.8477776705639395 468
1633956100657 0.8438207339713324 469
1633956134220 0.847476219350758 470
1633956167970 0.8582751899903341 471
1633956201716 0.8456544363596277 472
1633956236131 0.8303119153490428 473
1633956270025 0.8364847925211197 474
1633956303515 0.8416636698539854 475
1633956337294 0.8548725827070403 476
1633956370946 0.8458397309449833 477
1633956404422 0.8464312465615252 478
1633956438696 0.8554810525130483 479
1633956475192 0.8319767226791553 480
1633956509149 0.8303265533223653 481
1633956543013 0.8513984290133666 482
1633956577265 0.8598099584488376 483
1633956610970 0.8526078804684235 484
1633956644544 0.849618599565937 485
1633956678378 0.8558034099979457 486
1633956712085 0.8407364834285692 487
1633956746159 0.8489692318615086 488
1633956780120 0.8471074312634327 489
1633956813826 0.8415071127333668 490
1633956847715 0.8465444922623744 491
1633956881627 0.8432629585586341 492
1633956915806 0.8488211315997897 493
1633956949390 0.838916668251901 494
1633956983327 0.8361113746177095 495
1633957017782 0.8424195977509831 496
1633957051677 0.8458098905826271 497
1633957085371 0.8479552067378956 498
1633957119614 0.8444227550864916 499
1633957156694 0.8431968350968378 500
1633957190919 0.8474536186838406 501
1633957225043 0.8492448434038371 502
1633957258886 0.8514426819622193 503
1633957293236 0.8490728198177774 504
1633957327364 0.8436695916769872 505
1633957361629 0.8332668080181366 506
1633957395354 0.8444665690128753 507
1633957429487 0.8568434332697904 508
1633957468263 0.8539161052151367 509
1633957506734 0.8513034581039396 510
1633957541541 0.8572452444716216 511
1633957575664 0.8549196583135594 512
1633957609492 0.8442900032460087 513
1633957643818 0.8555208215275455 514
1633957678369 0.8394102943536458 515
1633957712314 0.8407089563429894 516
1633957746067 0.8432602794652079 517
1633957780918 0.8350420515916945 518
1633957815111 0.8338201604301809 519
1633957851884 0.8527645224644459 520
1633957886378 0.8503502018073578 521
1633957920875 0.8436637715640674 522
1633957955235 0.8548700464051132 523
1633957989712 0.84121326249501 524
1633958023823 0.8421324354812461 525
1633958057770 0.8527396162349219 526
1633958092543 0.8554905769283562 527
1633958126594 0.854493803279802 528
1633958160691 0.8413131941964527 529
1633958194912 0.8442258458679384 530
1633958229139 0.8533365130683037 531
1633958263522 0.8606935508447148 532
1633958297866 0.848458103522908 533
1633958332335 0.8565395723069541 534
1633958366738 0.8557239222875034 535
1633958401102 0.8448357062668111 536
1633958435821 0.841576160545915 537
1633958470418 0.8463990209841209 538
1633958504391 0.8480505976602852 539
1633958541565 0.8488406115300385 540
1633958575895 0.8567054172314511 541
1633958610561 0.849357680760728 542
1633958645359 0.8378890401884622 543
1633958679519 0.8570720225117875 544
1633958713849 0.8358828488226773 545
1633958748471 0.8652313305792431 546
1633958783053 0.829799815928767 547
1633958817459 0.8521080981305165 548
1633958852319 0.8376036652495739 549
1633958886936 0.8594884335345475 550
1633958921341 0.8564757552221736 551
1633958956075 0.8418718297885787 552
1633958990494 0.8505587180211489 553
1633959024774 0.844095549399931 554
1633959059168 0.8492335246454983 555
1633959093878 0.8569629395650042 556
1633959128602 0.8502064246294991 557
1633959163111 0.8452928279536479 558
1633959197222 0.8418738276730805 559
1633959234918 0.8521486037559112 560
1633959269502 0.8520953670057945 561
1633959304031 0.8433356568029822 562
1633959338515 0.8616239026618688 563
1633959372904 0.8488201536438684 564
1633959407276 0.8388132684694671 565
1633959441779 0.845311931219628 566
1633959476383 0.8587883981339444 567
1633959511203 0.8474701822693864 568
1633959545818 0.8418271862910222 569
1633959580698 0.8432294404838708 570
1633959615029 0.8428409387456991 571
1633959649377 0.8579060192907837 572
1633959684677 0.8459546437166549 573
1633959719646 0.8551488060172805 574
1633959754104 0.8502901277524002 575
1633959789053 0.8487550381315984 576
1633959823599 0.8634966407186349 577
1633959858354 0.8546085482518014 578
1633959893187 0.8479341556116626 579
1633959930531 0.8590266978542069 580
1633959965283 0.8596772637222633 581
1633960000116 0.8604225430801443 582
1633960034690 0.8517750631624779 583
1633960069445 0.8606441746353343 584
1633960104708 0.8491224602346134 585
1633960139573 0.8603281754211872 586
1633960174230 0.8529068643371219 587
1633960208977 0.8498295037195802 588
1633960244027 0.8568485040962182 589
1633960278909 0.8510934446117913 590
1633960313920 0.8465132384309992 591
1633960348801 0.8476043882775771 592
1633960384051 0.8584749994548224 593
1633960419431 0.857090639542979 594
1633960454146 0.8594334264170235 595
1633960488616 0.8631583630345362 596
1633960523554 0.8301527861606741 597
1633960558213 0.8534176431915744 598
1633960593439 0.8497940388231762 599
1633960631129 0.8428814677505145 600
1633960666348 0.8492406908728792 601
1633960701535 0.8615656362407824 602
1633960736751 0.8475640634447673 603
1633960772198 0.8481304157655183 604
1633960807129 0.8583188307524832 605
1633960842233 0.8482659705174714 606
1633960877260 0.8432992133830779 607
1633960911966 0.8461866579428565 608
1633960947291 0.8575662629835797 609
1633960983012 0.8559186719456497 610
1633961017936 0.856857796155308 611
1633961053325 0.8614791206166993 612
1633961088698 0.8612170641165212 613
1633961123925 0.8672722999579251 614
1633961159342 0.8562437736207272 615
1633961194409 0.8518336283193269 616
1633961229267 0.8587700226812732 617
1633961264491 0.8491819152745925 618
1633961299731 0.859854594509359 619
1633961337742 0.8445090894719455 620
1633961373345 0.847900444230675 621
1633961408337 0.8489522172765961 622
1633961443378 0.8552613373758758 623
1633961478637 0.8437598460409647 624
1633961514007 0.8531453572757036 625
1633961549203 0.8392589419929297 626
1633961584515 0.8575518641048484 627
1633961619695 0.8485410786733341 628
1633961655160 0.8544085261315717 629
1633961694939 0.8529388584109164 630
1633961735200 0.8515296718828727 631
1633961770994 0.8650186151294195 632
1633961806235 0.8658523494557976 633
1633961853192 0.8735897174085755 634
1633961901910 0.8637144265776142 635
1633961937152 0.8428366133625881 636
1633961972586 0.8358857144736748 637
1633962007776 0.8677507815476246 638
1633962042995 0.8618583810556432 639
1633962081036 0.8507978141240424 640
1633962116622 0.8506715779554812 641
1633962152631 0.8599321400558495 642
1633962190297 0.8521565608431825 643
1633962225942 0.8597474243108941 644
1633962260998 0.8680007143558804 645
1633962301272 0.8485717440433543 646
1633962340650 0.851218067808849 647
1633962376279 0.8542185929744724 648
1633962412445 0.8618585599635574 649
1633962447807 0.8639295772542459 650
1633962482991 0.8565692927838016 651
1633962518646 0.8630126819648622 652
1633962554033 0.8575561355866175 653
1633962589170 0.8517010380234074 654
1633962624669 0.8588850424201512 655
1633962659856 0.8555604619795825 656
1633962698214 0.8559318300332763 657
1633962734168 0.8585820929708425 658
1633962769342 0.8554305198824144 659
1633962807490 0.8572347106274095 660
1633962843044 0.8555675385779055 661
1633962878770 0.8536401068251587 662
1633962919981 0.8562609456607069 663
1633962955703 0.8630970586424409 664
1633962991332 0.8480966050822003 665
1633963027087 0.852019044031148 666
1633963062414 0.8546092707433376 667
1633963097942 0.8659316531826132 668
1633963133447 0.8377187400965593 669
1633963169035 0.8568677811996733 670
1633963204633 0.8469454171425025 671
1633963240287 0.8715044719922793 672
1633963275850 0.8454302539197306 673
1633963311514 0.8606262014553641 674
1633963346800 0.8557838253350355 675
1633963382791 0.8558953784358239 676
1633963418265 0.8627834830901044 677
1633963453614 0.8652545979538269 678
1633963489433 0.8621907062705406 679
1633963527852 0.8648190947818438 680
1633963563453 0.8553349903926175 681
1633963598923 0.8660361879802643 682
1633963634746 0.8593031439453753 683
1633963670474 0.8540011870399455 684
1633963706169 0.848878657696535 685
1633963741864 0.8542415936589008 686
1633963778004 0.8561167767023216 687
1633963813679 0.8526233506825592 688
1633963850296 0.8539545727388872 689
1633963885859 0.8579804362203751 690
1633963921524 0.8632846916543438 691
1633963957548 0.8496941988273513 692
1633963993387 0.8588670990689762 693
1633964029519 0.8588408798339833 694
1633964065365 0.8510491108654541 695
1633964101279 0.8635991878296257 696
1633964136982 0.8564591995924974 697
1633964173570 0.8491513658478378 698
1633964209622 0.8534272974842424 699
1633964248608 0.8588804110940579 700
1633964284684 0.8586145126699508 701
1633964320349 0.8529506908635338 702
1633964357421 0.853307147579646 703
1633964393675 0.8626496129611514 704
1633964429813 0.8581022172162863 705
1633964465892 0.8567607216473561 706
1633964501567 0.8538243059043695 707
1633964537411 0.8583348861252339 708
1633964573340 0.8644213337779667 709
1633964609414 0.859124987723023 710
1633964645646 0.8659642433837274 711
1633964681463 0.8515777045401023 712
1633964717472 0.8637336641942258 713
1633964752943 0.8580696252173745 714
1633964789137 0.8558225541257156 715
1633964825623 0.8456201468385728 716
1633964861638 0.869149974751045 717
1633964897117 0.8469242144791098 718
1633964933427 0.869226446852364 719
1633964972612 0.8547624101960422 720
1633965008826 0.8516804485051028 721
1633965045039 0.8575354015126141 722
1633965081567 0.8726966591324826 723
1633965117900 0.864117366967129 724
1633965154427 0.8625142170090644 725
1633965190476 0.85409766469599 726
1633965226358 0.8619332687898782 727
1633965262706 0.8618855321641898 728
1633965298797 0.8508622058615078 729
1633965335201 0.8565024124582034 730
1633965371385 0.853710741668735 731
1633965407939 0.8609070913596111 732
1633965444102 0.8523263345530884 733
1633965481845 0.8567946419410134 734
1633965517631 0.8548440423113366 735
1633965554391 0.8616197945238477 736
1633965590790 0.8494295766326297 737
1633965627103 0.8634571460579434 738
1633965663171 0.8708356607540746 739
1633965702219 0.8624551247602378 740
1633965738614 0.8758878898866251 741
1633965775283 0.8665122861659345 742
1633965811828 0.8567997066202173 743
1633965848385 0.8623281028782851 744
1633965884595 0.8531624560501195 745
1633965920713 0.8657700684301851 746
1633965956991 0.8552355223047551 747
1633965993403 0.8647115321626457 748
1633966029434 0.8450331742078223 749
1633966065808 0.8737580485274011 750
1633966102215 0.8582384307901966 751
1633966138383 0.870056818980049 752
1633966174752 0.8668352066793273 753
1633966210915 0.8658949797678779 754
1633966262012 0.8617813833212219 755
1633966298110 0.87216657811678 756
1633966335675 0.8705933129008115 757
1633966371935 0.8494289981878178 758
1633966408482 0.8606828977825907 759
1633966447784 0.8665445590397313 760
1633966485803 0.8524222780923201 761
1633966522279 0.8543525063510278 762
1633966560333 0.8577892824023816 763
1633966596835 0.8701038768128558 764
1633966633300 0.8579630856519428 765
1633966669727 0.8655886170476953 766
1633966706596 0.8423114569222023 767
1633966745062 0.855454954999139 768
1633966781463 0.8488820644019165 769
1633966818171 0.8674026995768097 770
1633966854763 0.8656507955786411 771
1633966891048 0.8689717940229831 772
1633966928602 0.8578000192066597 773
1633966964967 0.8697872174294766 774
1633967001749 0.8693619103711356 775
1633967038627 0.8606042226249853 776
1633967075243 0.8645281125717647 777
1633967111883 0.8682465910278991 778
1633967148533 0.8732284873843001 779
1633967188063 0.8625990500769493 780
1633967225149 0.8728120038358074 781
1633967263251 0.8664684648244058 782
1633967303395 0.8621143692927815 783
1633967340683 0.8657662799391749 784
1633967392233 0.8561586327171263 785
1633967429219 0.8745769483755148 786
1633967466015 0.8640789451770233 787
1633967503447 0.8705416440875186 788
1633967540965 0.8638164407655191 789
1633967577748 0.8520882720037354 790
1633967616596 0.8695992341550554 791
1633967659482 0.8703553198534899 792
1633967696769 0.8704488964858962 793
1633967733877 0.8735100112332311 794
1633967777244 0.8625181467622632 795
1633967813682 0.8722531984494051 796
1633967850247 0.8547754639715955 797
1633967890328 0.8698957873060058 798
1633967927040 0.8702410193245192 799
1633967969671 0.8652606136824983 800
1633968007609 0.8597700708090251 801
1633968045207 0.8700013924705918 802
1633968087020 0.8592592389161066 803
1633968124252 0.85851731097592 804
1633968165004 0.8699473314885364 805
1633968202693 0.859636393521229 806
1633968239516 0.8594083868494263 807
1633968276358 0.8580935212519555 808
1633968313330 0.869670786242281 809
1633968350113 0.8556260846105425 810
1633968387009 0.8388361545468727 811
1633968424007 0.8716076171446203 812
1633968460768 0.8642578816544848 813
1633968497479 0.8633090889316518 814
1633968534259 0.8657342148074981 815
1633968573896 0.8701411175093676 816
1633968610601 0.8772913263031962 817
1633968650580 0.8736800345030118 818
1633968687367 0.8698112054421595 819
1633968727959 0.8671815716399001 820
1633968766002 0.860258780480697 821
1633968804637 0.8705668005734979 822
1633968842056 0.864138778410043 823
1633968879287 0.8603747816064778 824
1633968916415 0.8744202193332208 825
1633968953499 0.8663724467695862 826
1633968990285 0.8835295862459182 827
1633969027850 0.8703343593913125 828
1633969065006 0.8678582740986653 829
1633969102285 0.8630081428658536 830
1633969138867 0.8682220149851737 831
1633969175838 0.8760604825133365 832
1633969212906 0.8715470026750163 833
1633969249955 0.8779646471596513 834
1633969286666 0.8607381467988656 835
1633969323618 0.8581602164016502 836
1633969361094 0.873574853941158 837
1633969397867 0.8744092171456389 838
1633969434679 0.864349453139415 839
1633969474226 0.871010446312752 840
1633969512758 0.8713833431471406 841
1633969550792 0.8601213008535196 842
1633969589017 0.8654191130546999 843
1633969626960 0.8670395921029481 844
1633969664134 0.8657267273333196 845
1633969701588 0.870961371425679 846
1633969738609 0.8674840703336193 847
1633969775970 0.8649651168779612 848
1633969812879 0.8663924426503105 849
1633969850144 0.861076577631299 850
1633969887183 0.8625608171052416 851
1633969924505 0.8730277088345183 852
1633969961586 0.8630653184631343 853
1633969998846 0.8593739521461402 854
1633970035940 0.87171009060949 855
1633970075881 0.8746662184317909 856
1633970113071 0.867216573667774 857
1633970154812 0.872639405023419 858
1633970192254 0.8609030099182982 859
1633970231859 0.8695720924685285 860
1633970270149 0.8709626741075697 861
1633970308133 0.8622396797588661 862
1633970345562 0.8648445246464322 863
1633970383685 0.8687273069035197 864
1633970421314 0.8696518595483246 865
1633970459660 0.8798909371325407 866
1633970497106 0.8761790043348651 867
1633970534988 0.8719655641091724 868
1633970572334 0.8782018804013891 869
1633970609681 0.8682444121513038 870
1633970647009 0.8654977781366722 871
1633970684375 0.8605540625447111 872
1633970722007 0.8675262368428481 873
1633970765918 0.8725513832391373 874
1633970807154 0.8676448984255336 875
1633970844338 0.875534280770104 876
1633970882645 0.8731613347962529 877
1633970919737 0.8606002835669468 878
1633970959897 0.8735577067589871 879
1633971014555 0.8730856076220547 880
1633971053815 0.8704079127173403 881
1633971092086 0.8666705707172216 882
1633971129968 0.8729799263361141 883
1633971167826 0.8739099980352326 884
1633971205656 0.867784711108031 885
1633971243392 0.8676730589194339 886
1633971281065 0.8627034081395921 887
1633971318817 0.872414288489111 888
1633971356485 0.8655090954267431 889
1633971394258 0.8596980927664841 890
1633971431739 0.8817419230374183 891
1633971469611 0.8735559424396421 892
1633971507351 0.8697128495276688 893
1633971544814 0.8687550342425457 894
1633971588556 0.8601932456524627 895
1633971631953 0.864489972733033 896
1633971669216 0.8779727469104421 897
1633971707100 0.877994379007506 898
1633971744271 0.8721518407149428 899
1633971784790 0.8654322217584113 900
1633971823067 0.8657181819069141 901
1633971860828 0.8652669544485795 902
1633971898967 0.8711650789542992 903
1633971936892 0.8598277718078055 904
1633971974884 0.8619132411351303 905
1633972012360 0.8702980427269118 906
1633972050125 0.875045010230038 907
1633972088252 0.8645292172246511 908
1633972125909 0.858823745467784 909
1633972163202 0.8677898020842337 910
1633972201301 0.872443549421847 911
1633972239270 0.8665524978966105 912
1633972276672 0.8676031462037107 913
1633972314353 0.8667578218993542 914
1633972352254 0.8685338405430707 915
1633972390279 0.8771746530409147 916
1633972427568 0.8687861052786127 917
1633972465314 0.8691255850998487 918
1633972506709 0.8682929260013363 919
1633972547667 0.8652137412453764 920
1633972586095 0.8701678451138094 921
1633972627843 0.876032916872665 922
1633972666343 0.8735980744145806 923
1633972704395 0.871194191102958 924
1633972742470 0.8675287731098954 925
1633972780256 0.864115601953671 926
1633972818403 0.8716817490947546 927
1633972855815 0.867819506347973 928
1633972893955 0.8779046782264511 929
1633972934190 0.8669694770514311 930
1633972971696 0.8722000297412689 931
1633973010008 0.8744842118980641 932
1633973047751 0.8721544162236214 933
1633973085887 0.8703813351778527 934
1633973123858 0.8755241156791091 935
1633973161933 0.8734707278009521 936
1633973199699 0.8723176476819986 937
1633973237456 0.8757009014918107 938
1633973275956 0.872107743336851 939
1633973316715 0.8746301086436394 940
1633973356024 0.8656443390668901 941
1633973394594 0.8702086347385817 942
1633973434312 0.8717394003442107 943
1633973473164 0.8826704752011634 944
1633973511843 0.8690726209043682 945
1633973550814 0.8745507799088721 946
1633973589017 0.8668168768071045 947
1633973627589 0.8692002579187668 948
1633973666095 0.8722569498880287 949
1633973704068 0.8748091922789196 950
1633973742127 0.8787988141749935 951
1633973779734 0.8752235653942225 952
1633973818492 0.877165242705893 953
1633973859692 0.8760848721116533 954
1633973897833 0.8739154549628378 955
1633973935552 0.8767453590982865 956
1633973973591 0.876602676286842 957
1633974011419 0.8832367483161644 958
1633974050641 0.8790429655608626 959
1633974091669 0.8808951950820437 960
1633974130765 0.876930386553225 961
1633974169798 0.8656572959078619 962
1633974209080 0.8711563342841165 963
1633974247796 0.8736582709717359 964
1633974286877 0.8770832322358244 965
1633974326642 0.8720486885942287 966
1633974365351 0.8757887165112889 967
1633974403930 0.8774458852635441 968
1633974443744 0.8713691264036013 969
1633974482458 0.8747339668903221 970
1633974521073 0.8735311607391327 971
1633974559823 0.8768479869553474 972
1633974597972 0.8742482839803248 973
1633974636027 0.8739090978144649 974
1633974674358 0.8792145972373249 975
1633974712728 0.8742994855866132 976
1633974751499 0.8789060683933578 977
1633974790237 0.8823298742674103 978
1633974828164 0.8751015959348393 979
1633974872029 0.8745530684869843 980
1633974911786 0.8761905912381874 981
1633974951096 0.8810427310344121 982
1633974990462 0.8837685743830841 983
1633975030255 0.8753273941010559 984
1633975079205 0.8763943410051002 985
1633975118203 0.8797672594886371 986
1633975175899 0.8818695108544404 987
1633975214582 0.8799941672591076 988
1633975264346 0.8770551730845473 989
1633975303328 0.883917177464451 990
1633975342087 0.871537314243573 991
1633975381136 0.8723576870378089 992
1633975419663 0.8805161550212008 993
1633975458221 0.8857059471187515 994
1633975511251 0.8826134947589565 995
1633975550100 0.8821776617067704 996
1633975589040 0.8747923907135713 997
1633975627682 0.875255763012399 998
1633975666172 0.8826525773908648 999
1633975707886 0.8758239421468054 1000
1633975746946 0.8691911529017183 1001
1633975785852 0.8709548116343395 1002
1633975824854 0.880213060980504 1003
1633975865111 0.8772884880063798 1004
1633975904536 0.8757228270226122 1005
1633975942989 0.8646568091006086 1006
1633975982909 0.8706393040887799 1007
1633976021945 0.8707980543893412 1008
1633976060877 0.8743453984775809 1009
1633976100729 0.8799692321746984 1010
1633976141070 0.8785473215018015 1011
1633976180859 0.8769501718183955 1012
1633976220538 0.8707535478816231 1013
1633976259242 0.8752139424552675 1014
1633976298966 0.8679255844868246 1015
1633976337963 0.8773551227431353 1016
1633976377065 0.8688907315735285 1017
1633976416775 0.8724673501214842 1018
1633976455884 0.8812328722132987 1019
1633976497712 0.8805143077878318 1020
1633976537161 0.8749664791129388 1021
1633976576691 0.8742242809004546 1022
1633976616327 0.8694177825038942 1023
1633976656652 0.8677542293785793 1024
1633976696692 0.8777412425954656 1025
1633976735939 0.8676114288358393 1026
1633976780320 0.8780784643604236 1027
1633976819808 0.8845230644539205 1028
1633976859572 0.884112481293352 1029
1633976898618 0.8774772856834703 1030
1633976937351 0.873414035706884 1031
1633976977191 0.8733607835197118 1032
1633977021560 0.8779839720633092 1033
1633977060872 0.8801874034310281 1034
1633977100408 0.8739560240279477 1035
1633977139903 0.8777388319801125 1036
1633977178964 0.8784514853799712 1037
1633977219141 0.8823610054222356 1038
1633977259030 0.8785544859756969 1039
1633977301173 0.8825088542909942 1040
1633977341973 0.8830417562723216 1041
1633977381849 0.8784456528620614 1042
1633977421739 0.8731691459567035 1043
1633977461084 0.8791674378098407 1044
1633977500740 0.8702100043904363 1045
1633977541252 0.8796159823002639 1046
1633977580919 0.8732076461444694 1047
1633977620333 0.8783533076384297 1048
1633977659785 0.8728472757311259 1049
1633977699284 0.8729063699279191 1050
1633977738216 0.8742300325701429 1051
1633977777855 0.8770428910798118 1052
1633977817895 0.8757179574509253 1053
1633977857405 0.8802240755375843 1054
1633977897746 0.8754831604892696 1055
1633977937431 0.8758611937039484 1056
1633977976826 0.8737256701954534 1057
1633978016093 0.8730326824379391 1058
1633978055071 0.8738905476152519 1059
1633978097341 0.8694604512161666 1060
1633978138189 0.8795714090881973 1061
1633978178111 0.8756913968917258 1062
1633978217342 0.8804428702793468 1063
1633978258025 0.8776786287975009 1064
1633978298649 0.8764882189330861 1065
1633978338467 0.8763938286198942 1066
1633978378771 0.8740263224913521 1067
1633978420422 0.876460393497955 1068
1633978460217 0.8786364674250372 1069
1633978499709 0.8691793139183289 1070
1633978540138 0.8726904048262369 1071
1633978580182 0.8714629674862422 1072
1633978621646 0.8739263805915621 1073
1633978661849 0.8654083775584058 1074
1633978701662 0.8782059766451 1075
1633978741537 0.8776732622345095 1076
1633978781342 0.8727857593568352 1077
1633978821087 0.8704426148966288 1078
1633978861406 0.8775537988053762 1079
1633978904003 0.8672197857707533 1080
1633978944632 0.8760275540890128 1081
1633978984625 0.8761083710652672 1082
1633979025689 0.8737110407012242 1083
1633979065473 0.8776591878351019 1084
1633979106068 0.8771027661562747 1085
1633979147278 0.8726676601528511 1086
1633979189174 0.8765504438981475 1087
1633979228739 0.8753420165432833 1088
1633979268942 0.8775134323090381 1089
1633979308868 0.8696936235522839 1090
1633979349509 0.8748479696125072 1091
1633979388638 0.8816205508333873 1092
1633979429494 0.8794181289064146 1093
1633979469536 0.8780484970695019 1094
1633979510095 0.8729924950600363 1095
1633979550920 0.8686729416768201 1096
1633979590913 0.8693849428506208 1097
1633979630752 0.8691351431170103 1098
1633979670379 0.8731534659575214 1099
1633979712744 0.8722857913116387 1100
1633979752494 0.8740977936310449 1101
1633979792870 0.8774261338727667 1102
1633979832877 0.8751687099239878 1103
1633979872830 0.8643202008780129 1104
1633979913103 0.8612220035857987 1105
1633979953003 0.8723401987401761 1106
1633979994080 0.8758468468815674 1107
1633980034268 0.8690796008242089 1108
1633980074652 0.8775528758480222 1109
1633980115236 0.8657498106075107 1110
1633980156287 0.8816404612800852 1111
1633980197208 0.8699462352368221 1112
1633980237663 0.8724330072611727 1113
1633980278228 0.8719203217231436 1114
1633980318700 0.8814248566993138 1115
1633980360107 0.8769942851842855 1116
1633980402168 0.8696085023466043 1117
1633980443907 0.8739840739729573 1118
1633980485125 0.8762741997987895 1119
1633980528033 0.8725466223905328 1120
1633980568902 0.8744162416987779 1121
1633980609416 0.8759695818996351 1122
1633980649644 0.8702717130426985 1123
1633980689431 0.8655269208342915 1124
1633980729499 0.8774632862082758 1125
1633980769507 0.8687441986885831 1126
1633980810006 0.8667078116599644 1127
1633980849993 0.872406521084205 1128
1633980891271 0.8812287412232753 1129
1633980931887 0.8798916114528597 1130
1633980973253 0.87880012290694 1131
1633981013876 0.8759581460220534 1132
1633981054631 0.8682380390745398 1133
1633981094754 0.8797398575971391 1134
1633981135434 0.8758329939664402 1135
1633981175612 0.8797357447317549 1136
1633981218094 0.8785552301173832 1137
1633981257797 0.8797635137951179 1138
1633981298304 0.8733624706252147 1139
1633981341283 0.8695149332824618 1140
1633981382856 0.872655602468475 1141
1633981423407 0.8740220741261125 1142
1633981464564 0.8745119830004958 1143
1633981505275 0.8759166135353057 1144
1633981545460 0.8787683578995983 1145
1633981586213 0.8741210769390776 1146
1633981626928 0.874637916414775 1147
1633981667383 0.8734886533354602 1148
1633981708570 0.8714883160454936 1149
1633981750181 0.8872885460516051 1150
1633981790536 0.8772153480974982 1151
1633981831115 0.874232678411825 1152
1633981871599 0.8764651631369282 1153
1633981912019 0.8814947229040654 1154
1633981953816 0.8662265425145497 1155
1633981994511 0.8737296975578036 1156
1633982035592 0.8696935659693343 1157
1633982076159 0.8688158856156828 1158
1633982117133 0.8735759130940075 1159
1633982160304 0.8734347942939399 1160
1633982202332 0.8760071368380541 1161
1633982242652 0.8703424946729861 1162
1633982283169 0.879023033631678 1163
1633982323616 0.8754831353212995 1164
1633982363952 0.8743014385475645 1165
1633982404393 0.8784209714034913 1166
1633982444799 0.8734841727029454 1167
1633982486780 0.8767589611847916 1168
1633982527087 0.8738606697697583 1169
1633982567717 0.8747813849033519 1170
1633982608443 0.8859357999747899 1171
1633982650022 0.8379983669544127 1172
1633982691084 0.8708128028522532 1173
1633982732442 0.872662453319925 1174
1633982772927 0.868705937413029 1175
1633982816290 0.8699345729000925 1176
1633982857707 0.8693918966529316 1177
1633982899383 0.87782095621868 1178
1633982939975 0.8754980232769101 1179
1633982983249 0.8772644505071303 1180
1633983025696 0.8834229555817502 1181
1633983066955 0.8752434020993763 1182
1633983107811 0.8699791191280992 1183
1633983148389 0.8697269952439126 1184
1633983189796 0.8739147667523331 1185
1633983230731 0.8797276536202636 1186
1633983272320 0.8754875338942523 1187
1633983313394 0.8728046037625893 1188
1633983354132 0.8743821710913401 1189
1633983395774 0.881405198287071 1190
1633983436954 0.8689954634483539 1191
1633983478302 0.8799540551384105 1192
1633983519020 0.8768825833113224 1193
1633983560836 0.8774538328940304 1194
1633983601567 0.8755105027179708 1195
1633983642176 0.8715432118048194 1196
1633983683963 0.8712399305536757 1197
1633983725747 0.8724676984100819 1198
1633983766533 0.8723696130727633 1199
1633983810934 0.8784601769506497 1200
1633983852219 0.8764691949190528 1201
1633983893637 0.8728526072490898 1202
1633983935120 0.877968261459563 1203
1633983976252 0.8660155067801701 1204
1633984016795 0.8748321756857336 1205
1633984058355 0.8728250563973919 1206
1633984099323 0.8697853515234569 1207
1633984140184 0.869905553543411 1208
1633984181816 0.8794336620184476 1209
1633984222755 0.8703691541157872 1210
1633984263781 0.8674883659297014 1211
1633984305071 0.8744826757469131 1212
1633984346932 0.8712375264542825 1213
1633984388878 0.8752178031925099 1214
1633984429850 0.8760979456174377 1215
1633984470773 0.87181389195342 1216
1633984512117 0.875014727220497 1217
1633984554026 0.8790356357601233 1218
1633984595271 0.8773571167688218 1219
1633984639688 0.8747011030354249 1220
1633984683216 0.8758510483843449 1221
1633984727048 0.8761754747940715 1222
1633984768519 0.8782390747277591 1223
1633984810139 0.8793146238267725 1224
1633984851280 0.870373674572413 1225
1633984892456 0.8771887951961723 1226
1633984933325 0.873661921881997 1227
1633984974472 0.8746912647572425 1228
1633985016184 0.87720777203993 1229
1633985057828 0.8703439258512887 1230
1633985099469 0.8790991436058162 1231
1633985140813 0.8709860419530803 1232
1633985182374 0.8754427179299984 1233
1633985224195 0.8815268430155845 1234
1633985266486 0.8742172134136275 1235
1633985307237 0.871155661668113 1236
1633985349205 0.8735462085681648 1237
1633985390963 0.8739127979329205 1238
1633985432216 0.8726204836024218 1239
1633985477732 0.8785797986274585 1240
1633985519144 0.8737708377426784 1241
1633985560760 0.8776690925774464 1242
1633985603009 0.8814876461638388 1243
1633985649103 0.8681232003089269 1244
1633985690435 0.8746161088230949 1245
1633985740050 0.8701051909845919 1246
1633985784951 0.8771928994006792 1247
1633985826732 0.8542207463300309 1248
1633985867702 0.8815230602555832 1249
1633985915008 0.8675785594671745 1250
1633985956994 0.8721376015746659 1251
1633985998747 0.8769294732514505 1252
1633986040845 0.8730584509959743 1253
1633986082014 0.8792254621584379 1254
1633986124824 0.8735981567403697 1255
1633986166012 0.8644829883409673 1256
1633986209406 0.8828595360561035 1257
1633986250516 0.8831894589043657 1258
1633986294062 0.8753645667402433 1259
1633986338361 0.8722388491825525 1260
1633986380537 0.8773059782924947 1261
1633986422265 0.8742376851950664 1262
1633986463422 0.8860037960801319 1263
1633986504728 0.8786706431754926 1264
1633986547090 0.8870535511901891 1265
1633986588626 0.878161803841658 1266
1633986630440 0.8811137889859402 1267
1633986672178 0.8786293414168986 1268
1633986718831 0.8749846766414714 1269
1633986760855 0.8833819465100494 1270
1633986803816 0.8760357761226542 1271
1633986845061 0.8760083571684 1272
1633986887525 0.8774945545067472 1273
1633986932135 0.8731191117956277 1274
1633986977309 0.8724845630213978 1275
1633987019146 0.8791944004378108 1276
1633987060856 0.8768871188089318 1277
1633987101840 0.8767254894174219 1278
1633987143304 0.8810210365782672 1279
1633987187582 0.880109067888608 1280
1633987229266 0.8813531614991372 1281
1633987271245 0.8702825336705022 1282
1633987312594 0.8754976473009877 1283
1633987354181 0.8733810850167151 1284
1633987395922 0.8737709299575254 1285
1633987437250 0.8786849049434242 1286
1633987479924 0.8754795615742799 1287
1633987521406 0.8759455503787844 1288
1633987563030 0.8783941043935592 1289
1633987604650 0.8779147431676542 1290
1633987646320 0.8776958842587661 1291
1633987687956 0.8743670016253289 1292
1633987729998 0.8796396832605006 1293
1633987771359 0.880016478721509 1294
1633987815082 0.88426962426615 1295
1633987856511 0.8713094037110449 1296
1633987899223 0.8785559788994285 1297
1633987941174 0.8747814443920877 1298
1633987982840 0.872299218698657 1299
1633988026846 0.8774430294729708 1300
1633988068808 0.8677363315322375 1301
1633988110634 0.872275945974479 1302
1633988152213 0.8681900694689656 1303
1633988195881 0.8745717979606088 1304
1633988238224 0.8801219816541058 1305
1633988280185 0.8658667700588925 1306
1633988322538 0.8744474599872398 1307
1633988364258 0.8773915433246827 1308
1633988406070 0.8786717310460055 1309
1633988448710 0.8827502739186835 1310
1633988490595 0.8730944674132927 1311
1633988532164 0.8790358570384126 1312
1633988573631 0.8750722699063592 1313
1633988618116 0.871859427768154 1314
1633988659306 0.8720742740493551 1315
1633988701820 0.882782674702796 1316
1633988747597 0.8792557725066504 1317
1633988789986 0.8743608848575787 1318
1633988831859 0.8784855464610799 1319
1633988876194 0.8835329103341723 1320
1633988918492 0.8778586331921931 1321
1633988960654 0.8737405222234583 1322
1633989002574 0.8781302491912331 1323
1633989044552 0.8626159608638332 1324
1633989086464 0.8768212166305352 1325
1633989128608 0.8790301633186131 1326
1633989170508 0.8775219817847846 1327
1633989212957 0.8757278951178072 1328
1633989254663 0.873358098091883 1329
1633989296477 0.871509693865248 1330
1633989338307 0.876474941619665 1331
1633989380039 0.8799397823033731 1332
1633989422091 0.8801847982595871 1333
1633989464735 0.8742973733955537 1334
1633989506824 0.8786578767829295 1335
1633989548719 0.8730226966845882 1336
1633989590984 0.8814337606914621 1337
1633989632829 0.8814902399975223 1338
1633989675504 0.8820571226047896 1339
1633989721403 0.8803733938107042 1340
1633989763818 0.8862078752676648 1341
1633989805951 0.8835835495192353 1342
1633989848669 0.8847277917070687 1343
1633989891142 0.8855383810127365 1344
1633989933323 0.881534418334722 1345
1633989976104 0.8819335699114097 1346
1633990018144 0.886516049367202 1347
1633990060740 0.8813542651739811 1348
1633990103213 0.8819214476250626 1349
1633990145429 0.8788230476222066 1350
1633990188068 0.8833805558064073 1351
1633990230994 0.886232382657857 1352
1633990273581 0.8861679059623041 1353
1633990316177 0.8789565282632719 1354
1633990358441 0.879454429876229 1355
1633990400330 0.880189344346343 1356
1633990442912 0.8820177502097959 1357
1633990484455 0.8787501904712045 1358
1633990528110 0.8775723740278283 1359
1633990573831 0.877043438079267 1360
1633990617120 0.8812674297212881 1361
1633990659719 0.8810508426610314 1362
1633990702281 0.8732166968179168 1363
1633990744872 0.8837811490246087 1364
1633990787509 0.8799556033917235 1365
1633990830241 0.8859799394435863 1366
1633990872597 0.8798197588722368 1367
1633990916204 0.8811469257054271 1368
1633990958575 0.8814111454567197 1369
1633991001089 0.8772271591256934 1370
1633991043330 0.8844535920673621 1371
1633991085524 0.8812410797960303 1372
1633991127779 0.8829075496328467 1373
1633991170161 0.8756007243568534 1374
1633991212511 0.8641909509620322 1375
1633991254578 0.8759530324875958 1376
1633991296969 0.8790780555730623 1377
1633991339606 0.8802670450047498 1378
1633991381834 0.885347918797167 1379
1633991426972 0.8805969109361441 1380
1633991470089 0.8750774369676436 1381
1633991512780 0.8775617310535618 1382
1633991555107 0.879759132256307 1383
1633991597403 0.8764790995154847 1384
1633991640061 0.8794336346122743 1385
1633991682660 0.8794606392012679 1386
1633991724799 0.8834894599888353 1387
1633991768955 0.8773976416154116 1388
1633991811404 0.8779928773407704 1389
1633991854902 0.8770341100726394 1390
1633991896908 0.8796974838000643 1391
