1633940992536 0.3736048158097496 1
1633941022935 0.4560105989804193 2
1633941053788 0.5389495883361959 3
1633941084848 0.6180698371703717 4
1633941115753 0.6471102957437266 5
1633941146647 0.6609000300005242 6
1633941177906 0.7165204809643432 7
1633941238754 0.6826108218301199 9
1633941269998 0.7493839149713709 10
1633941300881 0.75984487677077 11
1633941361561 0.7176091764270417 13
1633941393056 0.7476657391910522 14
1633941423934 0.7914463310849331 15
1633941485117 0.7788724070654603 17
1633941638488 0.8081493909133189 22
1633941728851 0.7845744203687092 25
1633941878989 0.7968233400158284 30
1633942028165 0.8481913651155035 35
1633942148403 0.8141831467492336 39
1633942391188 0.8255893392360325 47
1633942451912 0.8090421892201921 49
1633942662631 0.8100719376654859 56
1633942846289 0.8256578361614038 62
1633942938003 0.8063540382113635 65
1633943149238 0.8270591728919269 72
1633943394693 0.8427328686834866 80
1633943789706 0.8294038903394914 93
1633944520707 0.8302140940178955 117
1633944583300 0.8369442184724549 119
1633945149843 0.8448092080148034 137
1633945249804 0.8388447188142216 140
1633945627785 0.8383571223091837 152
1633948139488 0.847145182688145 231
1633952039267 0.8498499714347698 350
1633953468366 0.8522325065487342 392
1633955352301 0.8528456068055194 447
1633955624308 0.837032615647476 455
1633957432105 0.8568434332697904 508
1633957470728 0.8539161052151367 509
1633961697640 0.8529388584109164 630
1633961808739 0.8658523494557976 633
1633966213781 0.8658949797678779 754
1633967343841 0.8657662799391749 784
1633967619600 0.8695992341550554 791
1633967737438 0.8735100112332311 794
1633975034001 0.8753273941010559 984
1633975126546 0.8797672594886371 986
1633975462255 0.8857059471187515 994
