1633940992163 0.6592580050905497 1
1633941022190 0.6887648170351697 2
1633941053028 0.713068630973954 3
1633941084065 0.7336062849563615 4
1633941114976 0.7420262410955935 5
1633941145866 0.7537273782188296 6
1633941177149 0.7611485221322944 7
1633941208091 0.7762080814801076 8
1633941237966 0.7821289102801012 9
1633941269233 0.780748488315977 10
1633941300087 0.7903644280320137 11
1633941330684 0.792651327477659 12
1633941360778 0.8021770120071883 13
1633941392286 0.8103758497638324 14
1633941423151 0.8174182975642236 15
1633941454521 0.8171358081221596 16
1633941484339 0.8186131170304345 17
1633941515466 0.815034037579929 18
1633941545507 0.8130136613960008 19
1633941578465 0.8105122246599418 20
1633941608030 0.8108278065064851 21
1633941637576 0.8250553172595426 22
1633941668534 0.8180266638084418 23
1633941698255 0.8230811790284925 24
1633941728009 0.8329922030683091 25
1633941759039 0.8361948563778427 26
1633941788449 0.8284565895243924 27
1633941818347 0.8255578764210589 28
1633941848060 0.8190589330658361 29
1633941877868 0.835473610705912 30
1633941909127 0.8377084325220515 31
1633941938755 0.818920703564713 32
1633941968342 0.8386180204076735 33
1633941997796 0.8405075538052464 34
1633942027335 0.8506120925482218 35
1633942058462 0.832146026308714 36
1633942088229 0.8400334967991392 37
1633942117833 0.8288737538739188 38
1633942147570 0.850020470926687 39
1633942181111 0.8381983543266774 40
1633942211029 0.8419096233309717 41
1633942240705 0.8328704004369047 42
1633942270566 0.8500240270897178 43
1633942300313 0.8429847804008991 44
1633942330384 0.8434066813024896 45
1633942360392 0.8471943920522657 46
1633942390299 0.8473566197728015 47
1633942421201 0.8333630969949599 48
1633942451029 0.850421135325675 49
1633942482301 0.8313794594475878 50
1633942512249 0.8356620855538898 51
1633942542249 0.8487745427563942 52
1633942571897 0.829747564641429 53
1633942601942 0.8440852320824096 54
1633942631880 0.8473941064588939 55
1633942661746 0.8468160154436877 56
1633942693006 0.8387487197351259 57
1633942722949 0.8473578072155861 58
1633942752829 0.8382653541896071 59
1633942785552 0.8448362922048818 60
1633942815358 0.844356446180846 61
1633942845307 0.8534680258862769 62
1633942876943 0.8481751702070729 63
1633942906985 0.8478568853429489 64
1633942937042 0.8495127973387185 65
1633942968513 0.8532635846844996 66
1633942998732 0.8436763653595121 67
1633943028429 0.8473423084438058 68
1633943058525 0.8463641191774339 69
1633943088411 0.8498557268608176 70
1633943118473 0.8447555033168768 71
1633943148290 0.8537718751094259 72
1633943179707 0.840333523780234 73
1633943209661 0.8459505924122872 74
1633943239679 0.8474729427514667 75
1633943270063 0.8362802989802719 76
1633943300130 0.8499331039149259 77
1633943330316 0.8527630092792947 78
1633943360373 0.8409923208797545 79
1633943393691 0.8618608797821627 80
1633943425619 0.8520281539702825 81
1633943455722 0.8493539401461561 82
1633943486144 0.8460253704313487 83
1633943516253 0.8426268938629073 84
1633943546945 0.8556587619644043 85
1633943577539 0.8340864279074579 86
1633943607602 0.8478293092974987 87
1633943637875 0.8498063682751869 88
1633943668178 0.8513142640454895 89
1633943698352 0.8544216207793792 90
1633943728560 0.8551133072301489 91
1633943758595 0.854830286623761 92
1633943788674 0.8607907812853526 93
1633943820234 0.8482594183368145 94
1633943850316 0.8526485990760359 95
1633943880377 0.8421523296272565 96
1633943910592 0.8590910422098057 97
1633943940835 0.8440330153795542 98
1633943970886 0.8521285287888838 99
1633944003896 0.8521565142448055 100
1633944034123 0.8545460495958908 101
1633944064777 0.8515232738339437 102
1633944095091 0.8550983559741331 103
1633944125242 0.8509075177161796 104
1633944155551 0.8602425396409324 105
1633944185746 0.8600171510544947 106
1633944215981 0.8490940756233143 107
1633944246264 0.8496542030656182 108
1633944276751 0.850421470496326 109
1633944307227 0.8576779753319012 110
1633944337576 0.8528469487649585 111
1633944367811 0.8500445278584213 112
1633944398357 0.8493934693824277 113
1633944428670 0.8582299610383354 114
1633944458820 0.8595578664265767 115
1633944489139 0.8614914378016987 116
1633944519687 0.8616398270784422 117
1633944551891 0.8608422462169006 118
1633944582237 0.8662782235429047 119
1633944616840 0.8644291888501432 120
1633944648128 0.8649197859639598 121
1633944679105 0.8485075177952931 122
1633944710261 0.8589752830267638 123
1633944741615 0.8608213076506278 124
1633944773286 0.8630282467145538 125
1633944804433 0.8465268599747754 126
1633944835213 0.8574628419747049 127
1633944866287 0.8597443205177245 128
1633944897484 0.8629219426324735 129
1633944928626 0.8608367282484952 130
1633944960056 0.8521674455696712 131
1633944991267 0.8615023072737634 132
1633945022475 0.8598271456014406 133
1633945053656 0.8618426764651443 134
1633945084903 0.8625002934653554 135
1633945116219 0.8557105005672802 136
1633945148394 0.8665036119665493 137
1633945183442 0.8652714452933599 138
1633945214678 0.8581844604830301 139
1633945248608 0.8660057086133038 140
1633945282577 0.8559125082744953 141
1633945314043 0.8594865275923397 142
1633945345402 0.8611263688324606 143
1633945377074 0.8627230042487967 144
1633945407991 0.8602876364059183 145
1633945439407 0.8626413643648683 146
1633945470419 0.8659952733966696 147
1633945501465 0.860561353053794 148
1633945533089 0.8564773734992807 149
1633945564527 0.8603492885899171 150
1633945595578 0.8601387804042846 151
1633945626527 0.8681469220830113 152
1633945659812 0.859777475020178 153
1633945690957 0.8576356710074289 154
1633945723172 0.8526288869862296 155
1633945754476 0.8606853615417687 156
1633945785762 0.8548516035567815 157
1633945817010 0.8660515807029028 158
1633945848154 0.8607951322415528 159
1633945882894 0.8612704572436322 160
1633945914883 0.8509263080774185 161
1633945946254 0.8618517984494843 162
1633945977657 0.8592410021654299 163
1633946009229 0.8608012799954092 164
1633946040678 0.8656360982571253 165
1633946072006 0.8653341625136612 166
1633946103230 0.8615633776383355 167
1633946135204 0.8649054972995491 168
1633946166423 0.862971412500723 169
1633946197734 0.845496050165459 170
1633946228694 0.8638842976655682 171
1633946260011 0.8667843878508047 172
1633946292164 0.8596703486457067 173
1633946323377 0.8682574367518523 174
1633946354776 0.8575838308711529 175
1633946386294 0.865673983388147 176
1633946417724 0.8621555908748512 177
1633946449123 0.8626726280709949 178
1633946481065 0.8658879207902676 179
1633946515004 0.8639667073025079 180
1633946546476 0.8595247970295087 181
1633946578330 0.8673331182403133 182
1633946609711 0.8635463750005264 183
1633946641698 0.8660419560901427 184
1633946673501 0.8602884891102589 185
1633946704887 0.8552599005195902 186
1633946736507 0.8622375150384568 187
1633946768023 0.864655695677316 188
1633946800511 0.8649999497789778 189
1633946832126 0.8627880698001245 190
1633946863511 0.8535480934345955 191
1633946895010 0.8656047275453844 192
1633946926801 0.8574962487204542 193
1633946958542 0.8620514256507442 194
1633946990056 0.8668065693613798 195
1633947021464 0.8586700144382612 196
1633947053643 0.8640698521971597 197
1633947085042 0.8640235552780293 198
1633947117354 0.8605846036231105 199
1633947151813 0.8610264306309171 200
1633947183333 0.8624130920174398 201
1633947214671 0.8619777473482548 202
1633947246287 0.8679776648035971 203
1633947278104 0.8654655589818518 204
1633947309453 0.8583002617808105 205
1633947341146 0.861196296233727 206
1633947372402 0.8533596034530706 207
1633947404151 0.867398254679818 208
1633947435894 0.8604000552332975 209
1633947467386 0.8612079289877801 210
1633947498697 0.8656244108354034 211
1633947530203 0.8586032582472592 212
1633947561684 0.8665346887507974 213
1633947593086 0.8683990549164099 214
1633947624542 0.8631473938860588 215
1633947656191 0.8622556634123005 216
1633947687646 0.8651898010221897 217
1633947719272 0.8648901405392634 218
1633947750854 0.857403574539788 219
1633947785218 0.8703923503845024 220
1633947816609 0.8683835939245469 221
1633947851428 0.8556532370239995 222
1633947883358 0.8675167547462215 223
1633947915142 0.8671053668638864 224
1633947946923 0.8653541165873938 225
1633947978653 0.8654022490764695 226
1633948010218 0.8632660030060031 227
1633948042138 0.8667497690629532 228
1633948074058 0.8653202035665466 229
1633948105947 0.8641811543298238 230
1633948137864 0.8735442688763988 231
1633948172098 0.8622863148452549 232
1633948204482 0.8709733679895169 233
1633948235763 0.8642111312097269 234
1633948267256 0.8670876002355411 235
1633948298919 0.8668768090074955 236
1633948330706 0.8702697560262111 237
1633948362859 0.8647718766119289 238
1633948394252 0.8668697002418025 239
1633948428526 0.8638613148581349 240
1633948460301 0.8664827305529015 241
1633948491976 0.862550430370987 242
1633948523739 0.8644964716644528 243
1633948556623 0.8674564377004491 244
1633948592725 0.8659833095910202 245
1633948629076 0.8636477341326269 246
1633948662889 0.8642705497903204 247
1633948697279 0.8643749790737287 248
1633948730634 0.8645629899484756 249
1633948763112 0.8631518873514222 250
1633948796084 0.8640321640198879 251
1633948830239 0.8614860044513702 252
1633948865080 0.8613487561210724 253
1633948897683 0.8546144147707229 254
1633948929857 0.8657291812396467 255
1633948962006 0.8631218421205312 256
1633948993960 0.8620319307438833 257
1633949025911 0.8576328254040106 258
1633949058074 0.8671431914771466 259
1633949092981 0.8623266621061465 260
1633949124916 0.8696356477362838 261
1633949157507 0.8627760265223944 262
1633949189967 0.8632164160063386 263
1633949222475 0.8683368080037205 264
1633949254910 0.8671651828740674 265
1633949287168 0.8581219873679578 266
1633949319260 0.8660684546507527 267
1633949351383 0.8594521339190812 268
1633949383530 0.8684220057931887 269
1633949415412 0.8647168354135406 270
1633949447490 0.8672832970677031 271
1633949479383 0.8607409183553343 272
1633949511554 0.869717859352578 273
1633949543551 0.8667332876151952 274
1633949575980 0.8655150720228297 275
1633949608541 0.8652958032331414 276
1633949640795 0.8649229774548901 277
1633949672863 0.8692786855050014 278
1633949704654 0.869917529005575 279
1633949740110 0.8662268534049907 280
1633949772616 0.8633533463261683 281
1633949804872 0.8649595404101551 282
1633949837853 0.8638110736767101 283
1633949870443 0.8648708735627842 284
1633949902562 0.8713488682765862 285
1633949934747 0.8656429910276827 286
1633949967110 0.864334330801694 287
1633949999590 0.8665601085980175 288
1633950032519 0.8628256291829407 289
1633950064874 0.8644729343916595 290
1633950097138 0.8633558845032001 291
1633950129150 0.8678224649855971 292
1633950161783 0.8675935236243183 293
1633950194339 0.8692831136416082 294
1633950227132 0.863847157510058 295
1633950259655 0.8639468838083499 296
1633950291960 0.8605479113151407 297
1633950324230 0.8695950315190224 298
1633950356296 0.8665950672659559 299
1633950391704 0.8671816471377035 300
1633950424351 0.8641832724792845 301
1633950456746 0.8677104736570206 302
1633950489357 0.8649354563479152 303
1633950521844 0.8653532793276661 304
1633950554828 0.8654575427324855 305
1633950588078 0.8602896804900105 306
1633950620816 0.8641814975612594 307
1633950653001 0.8677601956274869 308
1633950685472 0.8653499518169002 309
1633950718154 0.8618396833855452 310
1633950750770 0.8688371325137234 311
1633950783534 0.8675442192292424 312
1633950816171 0.8661689265063685 313
1633950849245 0.8651167721316734 314
1633950881704 0.8582967299509475 315
1633950914704 0.86179080231289 316
1633950947139 0.8638248541179482 317
1633950979777 0.8618058542611843 318
1633951012057 0.8659802682469172 319
1633951047453 0.8631025238409087 320
1633951080195 0.8618617445828145 321
1633951112601 0.8641993137586944 322
1633951145113 0.8618559252300575 323
1633951178052 0.8607369927263309 324
1633951211517 0.8576846525749089 325
1633951244193 0.8626859043119289 326
1633951277007 0.8663083257022642 327
1633951309770 0.867133568010893 328
1633951342562 0.8672305833309857 329
1633951375357 0.8703273875889634 330
1633951408150 0.8686287032331248 331
1633951440952 0.8670420675239312 332
1633951473856 0.8670917439666727 333
1633951506894 0.867251693124707 334
1633951539594 0.8667498765846023 335
1633951572253 0.8645217268456217 336
1633951605157 0.8664025395547804 337
1633951638201 0.8679810232608304 338
1633951671362 0.8699050557129685 339
1633951706784 0.8657547980118179 340
1633951739607 0.8651083454052064 341
1633951772855 0.8701404388325371 342
1633951805973 0.8656418431803442 343
1633951838994 0.8686976666702502 344
1633951872651 0.8618383377674755 345
1633951906036 0.8656015145904776 346
1633951938609 0.8685108614794432 347
1633951971526 0.8625752644763067 348
1633952004219 0.8672345794605292 349
1633952037208 0.8706623596200395 350
1633952073604 0.8666226510280872 351
1633952107074 0.8688065003014755 352
1633952140062 0.8626250739440399 353
1633952177593 0.8648753039586893 354
1633952211067 0.8650663268865438 355
1633952243915 0.8660789115127167 356
1633952276721 0.8704714967842404 357
1633952309483 0.8623912497766164 358
1633952342621 0.8678012227724505 359
1633952378633 0.8682486998660375 360
1633952411852 0.8691308539356515 361
1633952444991 0.8692330326531591 362
1633952478676 0.866773381527399 363
1633952511565 0.8672241093985533 364
1633952546698 0.868062990129133 365
1633952579665 0.8708103407768887 366
1633952612558 0.8717173269485728 367
1633952645376 0.866235556325807 368
1633952678137 0.8647589000751881 369
1633952711060 0.8702798534126397 370
1633952744406 0.8698631937993222 371
1633952777660 0.8658252848410546 372
1633952810835 0.8701674250209847 373
1633952844321 0.8653746084507122 374
1633952877570 0.8645204883751999 375
1633952911174 0.87228056485789 376
1633952944463 0.867845519613461 377
1633952977558 0.8652302522551759 378
1633953011305 0.8684783197151723 379
1633953052587 0.8679160381106605 380
1633953088458 0.8686574804619016 381
1633953125918 0.8686330289002441 382
1633953159741 0.8708138868659565 383
1633953192921 0.8701191365431363 384
1633953226712 0.8663924242655359 385
1633953261546 0.8707601732484206 386
1633953295920 0.8660239619202766 387
1633953329937 0.8698171585820031 388
1633953362743 0.8726271993633526 389
1633953395676 0.8701059025012197 390
1633953428817 0.8710936835329534 391
1633953462435 0.8711525367561268 392
1633953510377 0.8699926964753812 393
1633953544487 0.8711593665346629 394
1633953577971 0.8661107103047951 395
1633953611379 0.8707974514983987 396
1633953648300 0.8687090886761848 397
1633953686180 0.8680373809200703 398
1633953720500 0.8694944401196834 399
1633953759386 0.8684354843007523 400
1633953794966 0.8694623747305112 401
1633953830365 0.8656377676901886 402
1633953865599 0.8653721531000578 403
1633953900691 0.8643767034303066 404
1633953933913 0.8662434506934868 405
1633953967731 0.8611985603113829 406
1633954001610 0.8659764308872252 407
1633954034663 0.8638240942158566 408
1633954068069 0.8656510162005089 409
1633954106180 0.8719692757501559 410
1633954140202 0.8720981746805647 411
1633954173162 0.8685825037223212 412
1633954206302 0.868916974756835 413
1633954239566 0.8720176036602102 414
1633954273235 0.8667431925292561 415
1633954306822 0.8697724871810347 416
1633954340196 0.8703054898109585 417
1633954373595 0.8677711307422342 418
1633954406801 0.8688879605975168 419
1633954442697 0.8660197117685297 420
1633954476212 0.8703314937865079 421
1633954509437 0.869982460698703 422
1633954542866 0.871713726167656 423
1633954576719 0.8639880452383261 424
1633954610263 0.8660305128930311 425
1633954643219 0.8698000560633565 426
1633954676831 0.8647165856769611 427
1633954710567 0.8620104944905701 428
1633954743913 0.8634741723468959 429
1633954777361 0.8607344932679643 430
1633954811310 0.8708163437656905 431
1633954844537 0.8665240670480463 432
1633954877867 0.8621422494597676 433
1633954911399 0.8700622376829675 434
1633954944807 0.8647160210885434 435
1633954978459 0.8677198596326785 436
1633955011760 0.8646509758427353 437
1633955045391 0.8697429352091443 438
1633955078723 0.867886589580675 439
1633955114893 0.866813722566077 440
1633955148587 0.8693731004321829 441
1633955182198 0.8723136481511863 442
1633955215628 0.8739458454226331 443
1633955249424 0.8702559885867852 444
1633955283189 0.8661254666396047 445
1633955316815 0.8694835787451709 446
1633955350299 0.8718369683343966 447
1633955387344 0.8700896400725632 448
1633955420833 0.8716907537089024 449
1633955454366 0.8711838809704583 450
1633955488167 0.8715767627431181 451
1633955521422 0.874468256799321 452
1633955555106 0.8715518793429256 453
1633955588739 0.8660573445398073 454
1633955622156 0.86896577805516 455
1633955659334 0.8716644524763724 456
1633955693566 0.8695861593180747 457
1633955726791 0.8691513384552392 458
1633955760198 0.8726753188758468 459
1633955796482 0.8708648485422429 460
1633955830364 0.8692854208473393 461
1633955863852 0.8718781522016255 462
1633955897445 0.870495993926178 463
1633955931027 0.8687762540052266 464
1633955964928 0.8692946993637694 465
1633955998691 0.8680248901426724 466
1633956032343 0.8699923390327916 467
1633956066745 0.8701697270582746 468
1633956100661 0.8718079504159011 469
1633956134224 0.8715543601088516 470
1633956167974 0.8733674121091985 471
1633956201719 0.8712698903294434 472
1633956236135 0.8703636838341032 473
1633956270029 0.8689212870903572 474
1633956303519 0.8692513618132267 475
1633956337298 0.8728590849884925 476
1633956370950 0.8714221713023989 477
1633956404426 0.8714427046768151 478
1633956438700 0.8738058501766819 479
1633956475196 0.8664574817526999 480
1633956509154 0.8656822054405605 481
1633956543017 0.8689063113947205 482
1633956577269 0.8731231837943707 483
1633956610973 0.8727686642795693 484
1633956644548 0.8716993759288494 485
1633956678381 0.8725182496379683 486
1633956712089 0.8654660414228607 487
1633956746163 0.8663571639194083 488
1633956780123 0.8728208775281444 489
1633956813830 0.868675763878449 490
1633956847718 0.8709355040544405 491
1633956881631 0.8671483450638225 492
1633956915810 0.8658983638033463 493
1633956949394 0.8692832933321245 494
1633956983331 0.8668140214186089 495
1633957017786 0.8698163139971398 496
1633957051681 0.8708774991496506 497
1633957085375 0.8730823503993395 498
1633957119618 0.8699663492137006 499
1633957156698 0.8680217823301771 500
1633957190923 0.8705896779285819 501
1633957225046 0.8729639708872778 502
1633957258890 0.8692046955777692 503
1633957293240 0.8683582156104199 504
1633957327367 0.8712247172044465 505
1633957361633 0.8685638742464907 506
1633957395358 0.8667515248681407 507
1633957429491 0.8759960009955987 508
1633957468267 0.8756712491169101 509
1633957506737 0.8739129789588599 510
1633957541545 0.8750562361296577 511
1633957575668 0.8727076134308506 512
1633957609496 0.8739287700842645 513
1633957643822 0.8748840472535524 514
1633957678373 0.8682637880776107 515
1633957712317 0.8724658436360484 516
1633957746071 0.86990127261295 517
1633957780922 0.8730419745682878 518
1633957815115 0.8640080142633051 519
1633957851888 0.8737068277698982 520
1633957886382 0.8727974576322539 521
1633957920879 0.868989707011561 522
1633957955239 0.8745740794583471 523
1633957989716 0.8703066547559697 524
1633958023827 0.8704168836916197 525
1633958057774 0.8721360851312051 526
1633958092547 0.8733841360435135 527
1633958126598 0.872901203475582 528
1633958160694 0.8714776866397667 529
1633958194915 0.8681788546114647 530
1633958229143 0.8738557048014309 531
1633958263526 0.8749923224054993 532
1633958297870 0.8733232973416895 533
1633958332339 0.8731983147438807 534
1633958366742 0.8727350895227753 535
1633958401106 0.8701085014029023 536
1633958435825 0.867583223906289 537
1633958470422 0.8710633898061377 538
1633958504395 0.872781575479274 539
1633958541569 0.8738235037969704 540
1633958575899 0.8713155829084677 541
1633958610565 0.871637432847697 542
1633958645363 0.8711254582234572 543
1633958679522 0.8737408728051068 544
1633958713853 0.8668577487647742 545
1633958748475 0.8752923655906867 546
1633958783057 0.8661797169287674 547
1633958817463 0.8722481827153743 548
1633958852323 0.8655820853951565 549
1633958886940 0.8686595022127646 550
1633958921345 0.871748061835473 551
1633958956079 0.871022998330528 552
1633958990498 0.8744079864615044 553
1633959024777 0.8716355223239235 554
1633959059172 0.8742628003526426 555
1633959093882 0.8746614463636747 556
1633959128606 0.8737859313280821 557
1633959163114 0.8695892135922421 558
1633959197226 0.8710196417106629 559
1633959234922 0.8736112102115166 560
1633959269505 0.8724036129606088 561
1633959304035 0.8690294412282371 562
1633959338519 0.8718074879028646 563
1633959372908 0.869656024497151 564
1633959407281 0.8687166588565084 565
1633959441783 0.8690017187621534 566
1633959476387 0.8718837729075226 567
1633959511207 0.8686440038030099 568
1633959545822 0.8658123146154505 569
1633959580702 0.8715083898018271 570
1633959615032 0.8707674037203428 571
1633959649381 0.8727833413530502 572
1633959684681 0.8696946271359804 573
1633959719650 0.8739609419908619 574
1633959754108 0.8707682444916569 575
1633959789057 0.8719293926662544 576
1633959823603 0.8730533264107211 577
1633959858358 0.8707916993766753 578
1633959893191 0.871157857405968 579
1633959930535 0.8733845909392277 580
1633959965287 0.87010263472708 581
1633960000120 0.8727079020994463 582
1633960034693 0.8732019325159871 583
1633960069448 0.8744719582695701 584
1633960104712 0.8730088123755895 585
1633960139577 0.8755861643302657 586
1633960174234 0.8757419595821627 587
1633960208980 0.8715640174810748 588
1633960244031 0.8691745854264247 589
1633960278913 0.8719253097247588 590
1633960313924 0.8713506435339488 591
1633960348805 0.8734572400938216 592
1633960384055 0.8765651854394096 593
1633960419435 0.8718011186259854 594
1633960454150 0.870448284283308 595
1633960488620 0.8770440632317119 596
1633960523558 0.8665066147396541 597
1633960558217 0.8747953697106811 598
1633960593443 0.8703444932781665 599
1633960631133 0.8719405411548359 600
1633960666352 0.8725458990557812 601
1633960701539 0.8701142013954558 602
1633960736755 0.8710129973453329 603
1633960772202 0.8702684907229102 604
1633960807133 0.8742538603387117 605
1633960842237 0.8723618241723332 606
1633960877264 0.8717590600802978 607
1633960911969 0.8739162400935621 608
1633960947295 0.8740129184107149 609
1633960983015 0.8764593631604494 610
1633961017939 0.8743531387519441 611
1633961053329 0.8772460580208646 612
1633961088702 0.8744154952428416 613
1633961123929 0.8767323760657807 614
1633961159346 0.8733193823049048 615
1633961194413 0.8739308034299466 616
1633961229271 0.8752709530007469 617
1633961264495 0.8709943787345567 618
1633961299735 0.8703643338629595 619
1633961337745 0.8696580201878832 620
1633961373349 0.8728911706878022 621
1633961408341 0.8747131112321652 622
1633961443382 0.8706930841841829 623
1633961478641 0.8731867989808542 624
1633961514011 0.8736599106481313 625
1633961549208 0.8722173531573187 626
1633961584519 0.8737787647418482 627
1633961619699 0.8727297896492957 628
1633961655163 0.8716059394099936 629
1633961694942 0.876898523802486 630
1633961735204 0.8712509487311675 631
1633961770998 0.8787523277155372 632
1633961806238 0.8804227275268522 633
1633961853196 0.8790827901866078 634
1633961901914 0.8750248620512663 635
1633961937156 0.8690606300928916 636
1633961972590 0.870750855246327 637
1633962007779 0.8784798076047086 638
1633962042999 0.876636444931256 639
1633962081040 0.8723383403706205 640
1633962116626 0.8740842365535183 641
1633962152635 0.8768148429373619 642
1633962190301 0.8725716347232795 643
1633962225946 0.8784189263538877 644
1633962261001 0.8761742122411269 645
1633962301276 0.8713438174813928 646
1633962340654 0.8743974641280312 647
1633962376283 0.8727484433433493 648
1633962412449 0.8762988759798065 649
1633962447811 0.8771054137085293 650
1633962482995 0.8776551495926644 651
1633962518649 0.8780905739841344 652
1633962554037 0.8780193910984204 653
1633962589173 0.8740647706697308 654
1633962624673 0.8757908680414955 655
1633962659860 0.8769989498927071 656
1633962698218 0.8722131274998195 657
1633962734172 0.876737104957786 658
1633962769345 0.8724077040615096 659
1633962807494 0.8773485728056284 660
1633962843048 0.8724925915972447 661
1633962878775 0.8735266113927318 662
1633962919985 0.8764841197219233 663
1633962955707 0.8760456525947239 664
1633962991336 0.8711345694380892 665
1633963027091 0.873200257115296 666
1633963062418 0.8721148344009956 667
1633963097946 0.877731540750665 668
1633963133451 0.8690221286781332 669
1633963169038 0.8772805951318391 670
1633963204637 0.8696784327930284 671
1633963240291 0.8776209106424725 672
1633963275854 0.8682967216043158 673
1633963311518 0.8733375286292121 674
1633963346804 0.8737667345387571 675
1633963382795 0.8735123553432818 676
1633963418269 0.8757561753090781 677
1633963453618 0.8749363082472118 678
1633963489437 0.8757418094795713 679
1633963527856 0.8753563785570335 680
1633963563457 0.8738935257463731 681
1633963598927 0.8803723556682639 682
1633963634750 0.8778376787894583 683
1633963670479 0.8725953742675824 684
1633963706173 0.8741113331997399 685
1633963741867 0.8730064946637593 686
1633963778008 0.8764963918326025 687
1633963813683 0.873911741551377 688
1633963850299 0.8746755850394068 689
1633963885863 0.8746861535550942 690
1633963921528 0.8763199392598396 691
1633963957552 0.872881295382742 692
1633963993391 0.8709146841504405 693
1633964029522 0.874857066580424 694
1633964065368 0.8735538760142582 695
1633964101283 0.8778535536174275 696
1633964136986 0.8739286271864497 697
1633964173574 0.8712683044213184 698
1633964209626 0.8724031294246636 699
1633964248612 0.8763028441269407 700
1633964284687 0.8723636198845132 701
1633964320353 0.8732903536530419 702
1633964357425 0.8703622374218161 703
1633964393679 0.8727678558081702 704
1633964429817 0.8734895229546424 705
1633964465895 0.8733093677854089 706
1633964501571 0.8717086840941721 707
1633964537415 0.8748276519721495 708
1633964573344 0.877026051850976 709
1633964609419 0.8760491058353034 710
1633964645650 0.8754766676000686 711
1633964681467 0.8723155211241922 712
1633964717475 0.876387088661502 713
1633964752947 0.871918562715296 714
1633964789140 0.87284500707163 715
1633964825627 0.8714614354844263 716
1633964861642 0.876099915953654 717
1633964897121 0.8729687042384561 718
1633964933431 0.8789536577273896 719
1633964972616 0.8733441031433785 720
1633965008830 0.8720334053840285 721
1633965045042 0.8728722092810285 722
1633965081571 0.8736112943026921 723
1633965117904 0.8759177815679546 724
1633965154431 0.8726793535414338 725
1633965190479 0.8708487743717602 726
1633965226362 0.8762925263292161 727
1633965262710 0.875352220572505 728
1633965298800 0.8715252585341686 729
1633965335205 0.8709774786381151 730
1633965371389 0.872139863094016 731
1633965407943 0.8725052998246954 732
1633965444106 0.8741635501173374 733
1633965481849 0.87357257651466 734
1633965517635 0.8730770586202502 735
1633965554395 0.8752838685281322 736
1633965590793 0.8679283427471056 737
1633965627107 0.8721039923689033 738
1633965663175 0.87821105469599 739
1633965702223 0.875364795894966 740
1633965738618 0.8770367269275411 741
1633965775287 0.8794458407496079 742
1633965811832 0.8739524089024603 743
1633965848389 0.8766383114199998 744
1633965884599 0.8706188710898441 745
1633965920716 0.8740611915999837 746
1633965956995 0.8779283478537802 747
1633965993407 0.8768124002717244 748
1633966029438 0.8727500490844563 749
1633966065812 0.8788610873767331 750
1633966102219 0.8787191282861312 751
1633966138387 0.8782207389997847 752
1633966174756 0.8765176219096021 753
1633966210919 0.8798473072914815 754
1633966262016 0.8770643492450653 755
1633966298114 0.8796805715970653 756
1633966335679 0.8795984841208925 757
1633966371939 0.8741761355389125 758
1633966408486 0.8744923110847332 759
1633966447788 0.8754079633646956 760
1633966485807 0.8736850734644738 761
1633966522282 0.87485693645437 762
1633966560336 0.8758887973972778 763
1633966596839 0.8775905987622045 764
1633966633304 0.8758312197952409 765
1633966669730 0.877592086728292 766
1633966706599 0.8710137230733094 767
1633966745066 0.8707591559018935 768
1633966781467 0.8719242286913319 769
1633966818175 0.8768728773979089 770
1633966854767 0.8773657878364668 771
1633966891053 0.8778190839004265 772
1633966928606 0.8736315360624735 773
1633966964971 0.8753282224885913 774
1633967001753 0.8798760093840523 775
1633967038631 0.8737173982658097 776
1633967075247 0.8754524453735103 777
1633967111887 0.8784215007628191 778
1633967148537 0.8775672195845668 779
1633967188067 0.8789723597195945 780
1633967225153 0.8773736679935481 781
1633967263255 0.8770338471805399 782
1633967303399 0.872057317672741 783
1633967340687 0.8774434934067952 784
1633967392237 0.8782112884259512 785
1633967429225 0.878323079831545 786
1633967466019 0.8779714173811097 787
1633967503451 0.8808029008737046 788
1633967540970 0.8765223892673264 789
1633967577751 0.8770756775194861 790
1633967616600 0.8802258971469441 791
1633967659486 0.8762798322786893 792
1633967696773 0.8780768838935538 793
1633967733880 0.8824058513909141 794
1633967777248 0.8770647076073983 795
1633967813685 0.8767177644762535 796
1633967850250 0.8745612667439574 797
1633967890331 0.8752959490878363 798
1633967927043 0.8792737551897063 799
1633967969675 0.873499363816374 800
1633968007622 0.8748491141641465 801
1633968045212 0.8763595052100518 802
1633968087024 0.8755888783569069 803
1633968124257 0.8775978105949594 804
1633968165009 0.879290490507425 805
1633968202725 0.8744569984802503 806
1633968239521 0.8707725061519875 807
1633968276362 0.8739462670926683 808
1633968313333 0.8775263627814341 809
1633968350117 0.8790429604524749 810
1633968387012 0.8709169917154882 811
1633968424011 0.8801264814957167 812
1633968460772 0.8777895749079839 813
1633968497483 0.8774870515893609 814
1633968534263 0.8760923802120444 815
1633968573899 0.8794659249044691 816
1633968610605 0.8797606689142088 817
1633968650584 0.8785497762560168 818
1633968687370 0.8771227426741388 819
1633968727963 0.8754064566901898 820
1633968766014 0.8753277207433764 821
1633968804649 0.8787835412564102 822
1633968842070 0.8774491737600849 823
1633968879299 0.8772348620046355 824
1633968916418 0.8806218062099338 825
1633968953503 0.8794481531872514 826
1633968990289 0.8576859978016557 827
1633969027854 0.8757582591117048 828
1633969065010 0.8772524012313896 829
1633969102289 0.8764042452925471 830
1633969138871 0.8759885057561057 831
1633969175842 0.8763882256017081 832
1633969212910 0.8763694652545734 833
1633969249959 0.878814012252388 834
1633969286670 0.8744876838550645 835
1633969323622 0.8735997310316956 836
1633969361098 0.8784080812483855 837
1633969397871 0.8786426760267775 838
1633969434683 0.8765123550897739 839
1633969474230 0.8790738467711542 840
1633969512766 0.8766186879684386 841
1633969550801 0.87621240376399 842
1633969589029 0.8759308345443259 843
1633969626967 0.8742778135394564 844
1633969664138 0.8782576039538406 845
1633969701600 0.8753892468859463 846
1633969738613 0.8774105225896124 847
1633969775973 0.8755043816881914 848
1633969812883 0.8765511660868063 849
1633969850147 0.8717114043710694 850
1633969887186 0.8746780333670908 851
1633969924509 0.8753563256477941 852
1633969961590 0.8747002798754537 853
1633969998849 0.877966313138233 854
1633970035944 0.8778802587955027 855
1633970075885 0.8721830882540158 856
1633970113075 0.876247410746679 857
1633970154815 0.8784860930757714 858
1633970192258 0.8737120793512345 859
1633970231863 0.8771213977093263 860
1633970270154 0.8767007644186782 861
1633970308142 0.8763620967340003 862
1633970345566 0.8744519931379313 863
1633970383690 0.8793239446000036 864
1633970421338 0.8781486769595179 865
1633970459667 0.8817962957239976 866
1633970497110 0.8791205100474888 867
1633970534993 0.8798278136298308 868
1633970572343 0.8800253611870426 869
1633970609686 0.8750929456301454 870
1633970647013 0.8809092387934292 871
1633970684379 0.8740791072194053 872
1633970722015 0.8737440254116615 873
1633970765922 0.8774247634090774 874
1633970807159 0.8797072754085277 875
1633970844342 0.8776191023584097 876
1633970882660 0.8757081258298055 877
1633970919741 0.8774779390338461 878
1633970959910 0.879584189395369 879
1633971014559 0.8789888648997172 880
1633971053819 0.8769264091007607 881
1633971092089 0.8763726225822047 882
1633971129975 0.8788236740507537 883
1633971167829 0.8788353526824048 884
1633971205660 0.8744606011959012 885
1633971243395 0.8771687057160258 886
1633971281069 0.8779584516154408 887
1633971318821 0.8767038119428654 888
1633971356489 0.8755644783058718 889
1633971394262 0.8745161814573679 890
1633971431742 0.8811303283130143 891
1633971469615 0.882894356226878 892
1633971507355 0.8775313446122074 893
1633971544817 0.8785869676491505 894
1633971588559 0.8772241859625183 895
1633971631957 0.875799182523429 896
1633971669240 0.8770065295297401 897
1633971707103 0.8804261991026953 898
1633971744275 0.8757554344940426 899
1633971784794 0.876208534209582 900
1633971823073 0.8783359421018591 901
1633971860853 0.8762670530899731 902
1633971898977 0.8777518962960681 903
1633971936899 0.8743234442441725 904
1633971974896 0.8771828416088779 905
1633972012364 0.880437703827734 906
1633972050129 0.8783347442750989 907
1633972088256 0.8773708444975782 908
1633972125913 0.876297866868605 909
1633972163206 0.8774266047756681 910
1633972201305 0.8764277575149028 911
1633972239275 0.8787298499929583 912
1633972276676 0.881334852023635 913
1633972314357 0.878003124619159 914
1633972352258 0.8817588773887319 915
1633972390283 0.8815129438566622 916
1633972427572 0.8787337373110465 917
1633972465317 0.8780195849857577 918
1633972506713 0.8810109646696236 919
1633972547671 0.8766397110785437 920
1633972586107 0.8773213468117402 921
1633972627856 0.8787543305634365 922
1633972666348 0.8776882130998711 923
1633972704407 0.8768567071621693 924
1633972742474 0.8786543741709432 925
1633972780260 0.8780136876882612 926
1633972818406 0.8790235572409516 927
1633972855819 0.8782091322978596 928
1633972893959 0.878751665185321 929
1633972934194 0.8794661775466177 930
1633972971699 0.8806314012580854 931
1633973010012 0.8809893099228154 932
1633973047754 0.8802353050676588 933
1633973085890 0.8785994499608314 934
1633973123862 0.88060520513284 935
1633973161937 0.879295320709704 936
1633973199703 0.880414837804553 937
1633973237476 0.8770029750148958 938
1633973275972 0.8768944739225963 939
1633973316718 0.875675432057236 940
1633973356029 0.8765295013309002 941
1633973394616 0.8776578579136943 942
1633973434324 0.8771810262665097 943
1633973473168 0.8742595721638371 944
1633973511849 0.8760152540792572 945
1633973550831 0.8775360746106998 946
1633973589024 0.8753683725748471 947
1633973627594 0.876896093761337 948
1633973666118 0.8794118431530956 949
1633973704072 0.8768719559899465 950
1633973742131 0.8809473313777927 951
1633973779738 0.8801093038432892 952
1633973818505 0.8823746314426967 953
1633973859696 0.8803812428877821 954
1633973897844 0.8798422543458803 955
1633973935557 0.8774769059460975 956
1633973973596 0.8788028826821013 957
1633974011431 0.8791997846215072 958
1633974050653 0.8791424869369737 959
1633974091673 0.8845881354473555 960
1633974130791 0.8819732447564461 961
1633974169808 0.8816698134452832 962
1633974209103 0.8772036779811219 963
1633974247801 0.8801267391620825 964
1633974286894 0.882397927190339 965
1633974326653 0.8805310746559961 966
1633974365355 0.8790335103645441 967
1633974403953 0.8812515906109354 968
1633974443757 0.880939850946924 969
1633974482470 0.8817707652114329 970
1633974521085 0.8814305737445133 971
1633974559828 0.8790876059854726 972
1633974597983 0.8770926367500446 973
1633974636036 0.8779339030861976 974
1633974674363 0.8804121573925305 975
1633974712753 0.8775112764336052 976
1633974751502 0.8768884164015344 977
1633974790242 0.8796561406710909 978
1633974828168 0.8811915569090305 979
1633974872033 0.8830093371551069 980
1633974911791 0.8820928889273577 981
1633974951103 0.88338182673429 982
1633974990469 0.8815783151350277 983
1633975030268 0.8837133442970153 984
1633975079210 0.8815938464809023 985
1633975118224 0.8847862123265341 986
1633975175904 0.8817124282440592 987
1633975214598 0.8804374570794306 988
1633975264361 0.8846631887199261 989
1633975303333 0.8837476537522879 990
1633975342111 0.882591394447906 991
1633975381148 0.8807858940996628 992
1633975419667 0.8835499600394133 993
1633975458240 0.8848819253858832 994
1633975511256 0.8807383091897296 995
1633975550104 0.8844497492340566 996
1633975589065 0.8806999874841057 997
1633975627687 0.8817704867505859 998
1633975666193 0.8813064747966157 999
1633975707891 0.8829667822907759 1000
1633975746957 0.8786900373328662 1001
1633975785857 0.8806930941541243 1002
1633975824878 0.8818252486254433 1003
1633975865121 0.8810217547311637 1004
1633975904541 0.8773538855369916 1005
1633975942994 0.8760878828688495 1006
1633975982918 0.8812876705015743 1007
1633976021950 0.8818255966840599 1008
1633976060904 0.882709970369216 1009
1633976100740 0.8828522890261947 1010
1633976141089 0.8846192056291604 1011
1633976180887 0.8833482856502256 1012
1633976220547 0.8830403509436825 1013
1633976259263 0.883452433595078 1014
1633976298972 0.8795243385216331 1015
1633976337968 0.8826224454334511 1016
1633976377084 0.8814321136170707 1017
1633976416782 0.8820718889965224 1018
1633976455888 0.8824738735425829 1019
1633976497719 0.8842626926155663 1020
1633976537167 0.8802146726185139 1021
1633976576696 0.8803976663206268 1022
1633976616349 0.8794813749032796 1023
1633976656663 0.8789474505057089 1024
1633976696697 0.883516409511533 1025
1633976735951 0.8790866288514988 1026
1633976780335 0.8828215091241486 1027
1633976819818 0.8833417700417826 1028
1633976859585 0.8815431508625949 1029
1633976898623 0.8846856933175082 1030
1633976937376 0.883669325627503 1031
1633976977203 0.8817262055152146 1032
1633977021575 0.8839995290434837 1033
1633977060877 0.8848252247116615 1034
1633977100434 0.885223787598828 1035
1633977139914 0.8842301407791676 1036
1633977178968 0.8844752924900906 1037
1633977219160 0.8852542081215721 1038
1633977259040 0.8832640626465204 1039
1633977301177 0.8837527541854657 1040
1633977341997 0.8819540651607876 1041
1633977381858 0.8819915865832542 1042
1633977421751 0.8809426764239539 1043
1633977461102 0.8815570817371239 1044
1633977500761 0.880998193895926 1045
1633977541257 0.8820118229703445 1046
1633977580926 0.8821959501094399 1047
1633977620338 0.8798615297262798 1048
1633977659804 0.880794778097547 1049
1633977699289 0.8797693689448807 1050
1633977738241 0.8820910932262335 1051
1633977777860 0.8796528667396584 1052
1633977817905 0.878373568359447 1053
1633977857422 0.8821813273867183 1054
1633977897751 0.8811955463304854 1055
1633977937442 0.8812022627040447 1056
1633977976831 0.8800017381082815 1057
1633978016105 0.8759213091604106 1058
1633978055076 0.8807581535041354 1059
1633978097351 0.8804696543250361 1060
1633978138199 0.8793520301720917 1061
1633978178116 0.8803346065861882 1062
1633978217371 0.8825330727808081 1063
1633978258047 0.8805430986979887 1064
1633978298654 0.8808815701891785 1065
1633978338472 0.880276028577402 1066
1633978378797 0.8805119438027058 1067
1633978420435 0.880453220358978 1068
1633978460222 0.8798931299303767 1069
1633978499725 0.8790316761506775 1070
1633978540145 0.8771699410768452 1071
1633978580196 0.8766237997296477 1072
1633978621672 0.8790228291033516 1073
1633978661864 0.8787829554799151 1074
1633978701667 0.8799206756591913 1075
1633978741550 0.8783528745271556 1076
1633978781355 0.8806730562306944 1077
1633978821092 0.881144634865392 1078
1633978861412 0.8783539082754788 1079
1633978904015 0.8795818401327724 1080
1633978944637 0.8762081317369046 1081
1633978984650 0.8787547396662386 1082
1633979025696 0.8816807954788093 1083
1633979065478 0.881596392235204 1084
1633979106093 0.8801425370402777 1085
1633979147298 0.8767330456087079 1086
1633979189181 0.8799944343859033 1087
1633979228743 0.8792493892984315 1088
1633979268960 0.8803316668139988 1089
1633979308875 0.8770744289777559 1090
1633979349514 0.8814320749318556 1091
1633979388653 0.8775747343050195 1092
1633979429508 0.8735143564915221 1093
1633979469545 0.873882720833605 1094
1633979510100 0.8790899075233448 1095
1633979550930 0.8773581448905258 1096
1633979590918 0.8711660815148643 1097
1633979630757 0.8806012246957561 1098
1633979670404 0.88009826715668 1099
1633979712748 0.879643868206637 1100
1633979752518 0.8794025607238833 1101
1633979792878 0.8808745862987957 1102
1633979832881 0.8804149526709079 1103
1633979872858 0.8769170226219546 1104
1633979913108 0.8740011335605762 1105
1633979953016 0.8786001382094123 1106
1633979994084 0.8784373722628012 1107
1633980034287 0.8735075054386767 1108
1633980074657 0.8769461778473869 1109
1633980115243 0.8750556015748876 1110
1633980156291 0.8793989051515868 1111
1633980197213 0.8757819682108748 1112
1633980237668 0.8785316394195766 1113
1633980278253 0.8766969585796839 1114
1633980318705 0.8784061757840897 1115
1633980360124 0.878477733068222 1116
1633980402173 0.876207428022797 1117
1633980443914 0.8800370389860199 1118
1633980485136 0.8792248582991895 1119
1633980528039 0.8765439858017086 1120
1633980568912 0.8804776624342967 1121
1633980609421 0.879760654562649 1122
1633980649648 0.875840328694284 1123
1633980689451 0.878020754946672 1124
1633980729504 0.8794233477254717 1125
1633980769518 0.8777835199049769 1126
1633980810011 0.87808366814137 1127
1633980850006 0.8797088689250468 1128
1633980891275 0.8765461022517328 1129
1633980931909 0.8791770851167827 1130
1633980973262 0.8774170978881608 1131
1633981013882 0.8790725497131628 1132
1633981054650 0.8788239694042432 1133
1633981094766 0.8795703314975968 1134
1633981135439 0.8758071555228791 1135
1633981175633 0.8785769174232108 1136
1633981218099 0.8801139325245775 1137
1633981257809 0.8807675637636336 1138
1633981298309 0.8741157643779068 1139
1633981341289 0.8759021937372757 1140
1633981382877 0.8781194645210979 1141
1633981423419 0.8788966219475551 1142
1633981464575 0.8769061702153751 1143
1633981505280 0.8798553055734871 1144
1633981545475 0.881472749918182 1145
1633981586218 0.8784785946964673 1146
1633981626935 0.8793591337610089 1147
1633981667388 0.8766121846380336 1148
1633981708590 0.878004457872264 1149
1633981750188 0.8717229959476399 1150
1633981790541 0.8776558046005289 1151
1633981831123 0.8776164345801352 1152
1633981871604 0.8790322413233449 1153
1633981912032 0.8806792500504259 1154
1633981953830 0.8787370956605155 1155
1633981994516 0.8756542626152441 1156
1633982035597 0.8785573057891977 1157
1633982076168 0.8797272063573754 1158
1633982117138 0.8785928543893968 1159
1633982160416 0.8802408837344963 1160
1633982202336 0.8798338280376988 1161
1633982242666 0.8795769773121893 1162
1633982283175 0.8799984003217942 1163
1633982323629 0.8798961451679344 1164
1633982363957 0.8786721231678234 1165
1633982404398 0.8792174472087751 1166
1633982444803 0.8792003364109641 1167
1633982486787 0.8794110904670247 1168
1633982527091 0.8802426520097826 1169
1633982567727 0.88122134606335 1170
1633982608449 0.880624532623903 1171
1633982650034 0.8735485870013675 1172
1633982691091 0.8764007329672746 1173
1633982732452 0.8743043927295933 1174
1633982772932 0.8757826229380749 1175
1633982816295 0.8778406229277347 1176
1633982857720 0.8767639415450684 1177
1633982899388 0.878667155559997 1178
1633982939981 0.8787417154199499 1179
1633982983260 0.879913153359351 1180
1633983025706 0.8745386077759865 1181
1633983066959 0.8775327186039338 1182
1633983107824 0.8783245579804223 1183
1633983148393 0.8782287406494185 1184
1633983189801 0.8798860048906956 1185
1633983230736 0.880692485285125 1186
1633983272327 0.8744070643259441 1187
1633983313413 0.8777037918691607 1188
1633983354136 0.8785070759976509 1189
1633983395800 0.8804505417482277 1190
1633983436966 0.8784462599995887 1191
1633983478316 0.8788757465065639 1192
1633983519024 0.8799466340686543 1193
1633983560842 0.8805894164447948 1194
1633983601572 0.8819330792927934 1195
1633983642207 0.8779198717067427 1196
1633983683968 0.8758055801091639 1197
1633983725761 0.876892152873195 1198
1633983766538 0.8770491308148345 1199
1633983810943 0.8759774754184011 1200
1633983852224 0.8735129553167931 1201
1633983893652 0.8809400537693285 1202
1633983935125 0.8796594524042077 1203
1633983976264 0.8799897968482975 1204
1633984016799 0.8776762229870751 1205
1633984058361 0.878854954493499 1206
1633984099328 0.876962718977654 1207
1633984140190 0.8779444339256451 1208
1633984181833 0.8776811298097431 1209
1633984222760 0.8755980562400355 1210
1633984263786 0.8759978897754319 1211
1633984305082 0.8784529222456404 1212
1633984346957 0.879323718715338 1213
1633984388889 0.8770818085959735 1214
1633984429854 0.8792026261426695 1215
1633984470797 0.8782617467611081 1216
1633984512122 0.8768003887050266 1217
1633984554030 0.880245431305517 1218
1633984595276 0.8795199211716394 1219
1633984639693 0.8790995795151018 1220
1633984683221 0.8783755103235953 1221
1633984727068 0.877992564864315 1222
1633984768524 0.8798334021675649 1223
1633984810144 0.8791541599469157 1224
1633984851285 0.8801309026297737 1225
1633984892460 0.8788623385438419 1226
1633984933329 0.8765740645014852 1227
1633984974477 0.8775885507751575 1228
1633985016189 0.8807053130082921 1229
1633985057835 0.8799721480946794 1230
1633985099474 0.8788783212179853 1231
1633985140818 0.8772023535838377 1232
1633985182378 0.8788079423112688 1233
1633985224219 0.881558213057409 1234
1633985266494 0.8782340373987323 1235
1633985307242 0.8742587997098721 1236
1633985349213 0.8800273502144429 1237
1633985390967 0.8787376110652472 1238
1633985432221 0.8757792176755331 1239
1633985477746 0.8789730606646564 1240
1633985519148 0.8805308529062967 1241
1633985560781 0.8808498891166405 1242
1633985603016 0.8774128167755143 1243
1633985649112 0.8772684739473391 1244
1633985690440 0.8782000300086797 1245
1633985740061 0.8733291749550498 1246
1633985784962 0.8778844002501737 1247
1633985826737 0.8650832683836625 1248
1633985867707 0.8795093689412123 1249
1633985915020 0.8770090152036695 1250
1633985956999 0.879453190241345 1251
1633985998752 0.8775515275360011 1252
1633986040850 0.8786304452221608 1253
1633986082025 0.8788753348003758 1254
1633986124829 0.8788328420540555 1255
1633986166016 0.8739482316925145 1256
1633986209411 0.8773997087469303 1257
1633986250528 0.877410784329713 1258
1633986294068 0.8792273909883936 1259
1633986338384 0.8778178215979134 1260
1633986380542 0.8759827820625291 1261
1633986422270 0.8762062335462861 1262
1633986463427 0.8817125137805374 1263
1633986504733 0.883938042881766 1264
1633986547102 0.8840612510948384 1265
1633986588631 0.8794992994214214 1266
1633986630445 0.8780703070838982 1267
1633986672183 0.8815564329095645 1268
1633986718836 0.8790623188186524 1269
1633986760867 0.8812654751939587 1270
1633986803820 0.8800839880118044 1271
1633986845066 0.8809373051857626 1272
1633986887530 0.8819638666311008 1273
1633986932141 0.8788740265390866 1274
1633986977314 0.8786038872877011 1275
1633987019150 0.8814416885500904 1276
1633987060860 0.8783175355454192 1277
1633987101845 0.8788924547357353 1278
1633987143308 0.8754929979780312 1279
1633987187633 0.8775109162376482 1280
1633987229271 0.8786612805358003 1281
1633987271250 0.8781850428722686 1282
1633987312599 0.8794972258796222 1283
1633987354185 0.8788803734232715 1284
1633987395926 0.8779828144638516 1285
1633987437255 0.8811274246519673 1286
1633987479929 0.8798994953679236 1287
1633987521411 0.8808921121247639 1288
1633987563035 0.8798951470055623 1289
1633987604654 0.8795908112310911 1290
1633987646325 0.8789404758778014 1291
1633987687961 0.879877887643208 1292
1633987730003 0.8783401473545436 1293
1633987771364 0.8798264397853606 1294
1633987815106 0.8826995466684578 1295
1633987856515 0.878645393865629 1296
1633987899228 0.8794940333710054 1297
1633987941179 0.8801685716557154 1298
1633987982848 0.8805365027588241 1299
1633988026908 0.8778348062252419 1300
1633988068813 0.8763897715946747 1301
1633988110640 0.875023411890483 1302
1633988152218 0.8773664452702329 1303
1633988195929 0.8780278731110723 1304
1633988238228 0.8780750641060661 1305
1633988280191 0.8765726009382285 1306
1633988322543 0.8785111386378729 1307
1633988364263 0.879750211738412 1308
1633988406075 0.8792032657632263 1309
1633988448715 0.8779817250056569 1310
1633988490607 0.8769790044101504 1311
1633988532168 0.8819971801432913 1312
1633988573636 0.8789758323633355 1313
1633988618121 0.8790138547456208 1314
1633988659311 0.8793808233642608 1315
1633988701832 0.8810021879901964 1316
1633988747602 0.8820278374277085 1317
1633988789991 0.8798024424424169 1318
1633988831864 0.8847996248627198 1319
1633988876234 0.8834715525111969 1320
1633988918497 0.8798850136526899 1321
1633988960659 0.8771127012757026 1322
1633989002579 0.8765424640495714 1323
1633989044557 0.872297826423966 1324
1633989086469 0.8771471172730443 1325
1633989128613 0.8777937852703658 1326
1633989170519 0.8765012897697256 1327
1633989212970 0.8788784926770096 1328
1633989254668 0.8773299950721227 1329
1633989296482 0.8807252063917677 1330
1633989338311 0.8794367224984188 1331
1633989380044 0.8819840844578396 1332
1633989422095 0.8790707025029664 1333
1633989464740 0.8755963316482879 1334
1633989506828 0.8766729308910849 1335
1633989548724 0.8748790500682864 1336
1633989590988 0.8812487079157609 1337
1633989632833 0.8826369693116434 1338
1633989675508 0.8809451658182353 1339
1633989721408 0.8795111647364566 1340
1633989763824 0.8832222222613564 1341
1633989805956 0.8795871522272697 1342
1633989848674 0.8818524121683642 1343
1633989891146 0.8837359345525716 1344
1633989933329 0.8829553138375658 1345
1633989976108 0.8826724384005411 1346
1633990018149 0.8814007032875333 1347
1633990060745 0.8819879223207527 1348
1633990103217 0.883083238429835 1349
1633990145434 0.8827109797201713 1350
1633990188072 0.8817556651676502 1351
1633990230999 0.8807409360750399 1352
1633990273585 0.8806186138675616 1353
1633990316181 0.8823080379087225 1354
1633990358446 0.8823306763820615 1355
1633990400335 0.8830034337950112 1356
1633990442917 0.8807016557058812 1357
1633990484460 0.8826682365787604 1358
1633990528115 0.8785932968119666 1359
1633990573868 0.8811247224236016 1360
1633990617125 0.8831839824140086 1361
1633990659724 0.8835044661651344 1362
1633990702286 0.88125323180218 1363
1633990744877 0.881942015661093 1364
1633990787514 0.8808285423555413 1365
1633990830247 0.8837075596605874 1366
1633990872602 0.8824966622695413 1367
1633990916209 0.8778792374555685 1368
1633990958580 0.8810554722017003 1369
1633991001094 0.8806843872255203 1370
1633991043334 0.8820447059043294 1371
1633991085529 0.880815095894617 1372
1633991127791 0.8840179869084313 1373
1633991170166 0.8802386336925915 1374
1633991212516 0.8749337078611681 1375
1633991254583 0.8783217195350336 1376
1633991296973 0.8806476911277387 1377
1633991339610 0.8813414507380178 1378
1633991381839 0.8817819991840412 1379
1633991426991 0.8821768240063533 1380
1633991470094 0.8810792869579902 1381
1633991512785 0.8782147334426309 1382
1633991555112 0.8806158652059117 1383
1633991597409 0.8809325342063934 1384
1633991640067 0.8794432262570947 1385
1633991682665 0.8812451984967423 1386
1633991724804 0.8792853838835729 1387
1633991768960 0.881333899916028 1388
1633991811409 0.8810329033209474 1389
1633991854907 0.880086521620474 1390
1633991896912 0.8777228434732128 1391
