1633940992540 0.6592580050905497 1
1633941022939 0.6887648170351697 2
1633941053792 0.713068630973954 3
1633941084852 0.7336062849563615 4
1633941115757 0.7420262410955935 5
1633941146651 0.7537273782188296 6
1633941177910 0.7611485221322944 7
1633941238758 0.7821289102801012 9
1633941270002 0.780748488315977 10
1633941300885 0.7903644280320137 11
1633941361565 0.8021770120071883 13
1633941393060 0.8103758497638324 14
1633941423938 0.8174182975642236 15
1633941485121 0.8186131170304345 17
1633941638492 0.8250553172595426 22
1633941728855 0.8329922030683091 25
1633941878992 0.835473610705912 30
1633942028168 0.8506120925482218 35
1633942148407 0.850020470926687 39
1633942391191 0.8473566197728015 47
1633942451915 0.850421135325675 49
1633942662635 0.8468160154436877 56
1633942846293 0.8534680258862769 62
1633942938006 0.8495127973387185 65
1633943149242 0.8537718751094259 72
1633943394696 0.8618608797821627 80
1633943789710 0.8607907812853526 93
1633944520711 0.8616398270784422 117
1633944583303 0.8662782235429047 119
1633945149847 0.8665036119665493 137
1633945249808 0.8660057086133038 140
1633945627788 0.8681469220830113 152
1633948139492 0.8735442688763988 231
1633952039279 0.8706623596200395 350
1633953468375 0.8711525367561268 392
1633955352305 0.8718369683343966 447
1633955624312 0.86896577805516 455
1633957432109 0.8759960009955987 508
1633957470732 0.8756712491169101 509
1633961697644 0.876898523802486 630
1633961808742 0.8804227275268522 633
1633966213784 0.8798473072914815 754
1633967343845 0.8774434934067952 784
1633967619604 0.8802258971469441 791
1633967737441 0.8824058513909141 794
1633975034026 0.8837133442970153 984
1633975126574 0.8847862123265341 986
1633975462298 0.8848819253858832 994
