1633940992537 0.9370415671320961 1
1633941022936 0.9105146659922386 2
1633941053789 0.8728698602135212 3
1633941084849 0.830892575491984 4
1633941115754 0.8176110835686873 5
1633941146648 0.8283318507757156 6
1633941177907 0.7832346787483001 7
1633941238755 0.8665942839860024 9
1633941269999 0.7897229892507629 10
1633941300882 0.797753100564889 11
1633941361562 0.8683007329935484 13
1633941393057 0.8536109605392372 14
1633941423935 0.8201116336714187 15
1633941485118 0.8360575841439847 17
1633941638489 0.8201364524914405 22
1633941728852 0.8594089841071061 25
1633941878989 0.8520679478313268 30
1633942028165 0.8235003860186322 35
1633942148404 0.8613958993541134 39
1633942391188 0.8455574663477453 47
1633942451912 0.8710501337181922 49
1633942662631 0.86375228496728 56
1633942846290 0.8577527139663311 62
1633942938003 0.8722831602020382 65
1633943149239 0.8561202115183216 72
1633943394693 0.856511700970649 80
1633943789707 0.8722639117470404 93
1633944520707 0.8732977324139473 117
1633944583300 0.8750356770362888 119
1633945149843 0.866905964989331 137
1633945249805 0.8730884872997319 140
1633945627785 0.8788206012045026 152
1633948139489 0.8793860382688371 231
1633952039267 0.8715421428400881 350
1633953468367 0.8696968808102166 392
1633955352302 0.8706475797288326 447
1633955624309 0.8829988531714417 455
1633957432106 0.8753824949676684 508
1633957470729 0.8786975844189241 509
1633961697641 0.8818954995268639 630
1633961808739 0.8753226687158016 633
1633966213781 0.874526831530997 754
1633967343841 0.8700526838739981 784
1633967619601 0.8704720342889966 791
1633967737438 0.8721474782193839 794
1633975034004 0.8724509575950337 984
1633975126550 0.8698988781671161 986
1633975462266 0.863241064835818 994
