1633940992160 0.9370415671320961 1
1633941022187 0.9105146659922386 2
1633941053025 0.8728698602135212 3
1633941084062 0.830892575491984 4
1633941114973 0.8176110835686873 5
1633941145863 0.8283318507757156 6
1633941177146 0.7832346787483001 7
1633941208088 0.8681962506420843 8
1633941237963 0.8665942839860024 9
1633941269230 0.7897229892507629 10
1633941300083 0.797753100564889 11
1633941330681 0.8930629765862216 12
1633941360775 0.8683007329935484 13
1633941392283 0.8536109605392372 14
1633941423148 0.8201116336714187 15
1633941454518 0.8645492613429108 16
1633941484336 0.8360575841439847 17
1633941515463 0.8771003202423192 18
1633941545504 0.8810329440662816 19
1633941578462 0.898580008969209 20
1633941608027 0.8948833511359313 21
1633941637573 0.8201364524914405 22
1633941668530 0.8480634070875942 23
1633941698252 0.8853108159216261 24
1633941728005 0.8594089841071061 25
1633941759036 0.8834655139192749 26
1633941788446 0.8570508818355084 27
1633941818344 0.8865391406376045 28
1633941848056 0.8621869360747946 29
1633941877865 0.8520679478313268 30
1633941909124 0.8717925647331566 31
1633941938752 0.91097627824655 32
1633941968338 0.8565340370545232 33
1633941997793 0.8637476145328722 34
1633942027332 0.8235003860186322 35
1633942058459 0.8981255229205182 36
1633942088226 0.8647003469079976 37
1633942117830 0.9004593959486458 38
1633942147566 0.8613958993541134 39
1633942181107 0.8580884573677785 40
1633942211026 0.8825026238999233 41
1633942240702 0.8943335052467042 42
1633942270562 0.8717877952660612 43
1633942300309 0.8641200691112783 44
1633942330381 0.8874565096144967 45
1633942360389 0.8401868797837942 46
1633942390295 0.8455574663477453 47
1633942421198 0.8781571410284925 48
1633942451026 0.8710501337181922 49
1633942482297 0.8567507890419268 50
1633942512246 0.8975998568319004 51
1633942542246 0.8907668660370314 52
1633942571894 0.9118876871122248 53
1633942601939 0.8891181661777471 54
1633942631877 0.8538353767911876 55
1633942661743 0.86375228496728 56
1633942693003 0.8902565662650762 57
1633942722946 0.8860444476548092 58
1633942752825 0.9021960967990452 59
1633942785549 0.8523282737637001 60
1633942815354 0.8833217877272665 61
1633942845304 0.8577527139663311 62
1633942876940 0.8833192534026264 63
1633942906982 0.8578761148299535 64
1633942937039 0.8722831602020382 65
1633942968510 0.8618648862982944 66
1633942998729 0.8794070594501604 67
1633943028425 0.8821128378466421 68
1633943058522 0.8921784881396732 69
1633943088408 0.8859774310128112 70
1633943118470 0.8654946114911566 71
1633943148287 0.8561202115183216 72
1633943179704 0.8920624417947638 73
1633943209658 0.891953455922507 74
1633943239676 0.8775619425876111 75
1633943270060 0.9003936735124363 76
1633943300127 0.8907561476576183 77
1633943330313 0.8721623029362087 78
1633943360370 0.8811318454237712 79
1633943393687 0.856511700970649 80
1633943425616 0.8904876399171204 81
1633943455719 0.8896546836901731 82
1633943486141 0.8763216618615444 83
1633943516250 0.8736920400860051 84
1633943546942 0.8863492333521535 85
1633943577536 0.9042015426131587 86
1633943607598 0.8894093838085444 87
1633943637872 0.887541586013598 88
1633943668175 0.8697425585756063 89
1633943698349 0.8867363138826917 90
1633943728557 0.8775555169784061 91
1633943758592 0.8624840289533425 92
1633943788671 0.8722639117470404 93
1633943820231 0.8690428514363504 94
1633943850313 0.8883300746393591 95
1633943880374 0.8585249711691559 96
1633943910588 0.8670757880103835 97
1633943940831 0.8933380839447299 98
1633943970883 0.888407575730907 99
1633944003893 0.8828462019372626 100
1633944034120 0.8707068672662119 101
1633944064773 0.887848431785697 102
1633944095088 0.877636246973094 103
1633944125239 0.8933767872358199 104
1633944155547 0.8703169611021127 105
1633944185743 0.8804519876891721 106
1633944215978 0.8924885593420999 107
1633944246261 0.8953201606082718 108
1633944276748 0.8899468694907519 109
1633944307224 0.8840516520494126 110
1633944337573 0.9015190260655945 111
1633944367808 0.8832014703666875 112
1633944398354 0.8968735893909219 113
1633944428667 0.8830025589743421 114
1633944458817 0.8888333139060745 115
1633944489136 0.8757067230006843 116
1633944519684 0.8732977324139473 117
1633944551888 0.8750097129722165 118
1633944582233 0.8750356770362888 119
1633944616837 0.8668138188136588 120
1633944648125 0.8864836552574289 121
1633944679102 0.8955781334910748 122
1633944710258 0.8908254396833755 123
1633944741612 0.8843774504388033 124
1633944773282 0.8717174333422333 125
1633944804430 0.8993524506072995 126
1633944835210 0.881023688015588 127
1633944866284 0.883542742029518 128
1633944897481 0.8675850038458653 129
1633944928622 0.8904179535022885 130
1633944960053 0.8750672148710792 131
1633944991264 0.8710497918082969 132
1633945022472 0.8861284844692271 133
1633945053652 0.8735011202649986 134
1633945084900 0.8634972723337035 135
1633945116215 0.8869950673241506 136
1633945148391 0.866905964989331 137
1633945183439 0.8759955267963886 138
1633945214675 0.8760654483336467 139
1633945248605 0.8730884872997319 140
1633945282573 0.8964285281465858 141
1633945314040 0.8851849930623583 142
1633945345399 0.8868727159740976 143
1633945377071 0.8692919778610526 144
1633945407988 0.8696252585939075 145
1633945439404 0.8795065960667703 146
1633945470416 0.8899337563604258 147
1633945501462 0.8959626885831867 148
1633945533086 0.8967293173451357 149
1633945564524 0.8935287668935304 150
1633945595575 0.8776763909710422 151
1633945626524 0.8788206012045026 152
1633945659809 0.8874895188868859 153
1633945690954 0.8665141956584459 154
1633945723168 0.8987374574744333 155
1633945754473 0.8896959044574073 156
1633945785759 0.8910588742369588 157
1633945817007 0.8834502436484959 158
1633945848150 0.8909155876109611 159
1633945882891 0.8828365947684377 160
1633945914879 0.9011627517767976 161
1633945946251 0.8685984897891512 162
1633945977654 0.8960770680989388 163
1633946009226 0.8920452181033938 164
1633946040675 0.8839627798730954 165
1633946072002 0.872784903772645 166
1633946103227 0.8845040007386868 167
1633946135201 0.885242945598598 168
1633946166419 0.8889239944629919 169
1633946197731 0.8964823975785189 170
1633946228691 0.8781951133700041 171
1633946260008 0.8816307253218749 172
1633946292161 0.8792752297587414 173
1633946323374 0.8790791677381198 174
1633946354773 0.8903330236503176 175
1633946386291 0.874076852608943 176
1633946417720 0.898286112696724 177
1633946449120 0.8811344553274163 178
1633946481062 0.8875553487759492 179
1633946515001 0.8865221669839701 180
1633946546473 0.882774973279793 181
1633946578327 0.8676194086068745 182
1633946609708 0.8862077098599312 183
1633946641695 0.8810966905032875 184
1633946673498 0.8893786524369733 185
1633946704884 0.8810798867217361 186
1633946736503 0.8762598439951533 187
1633946768020 0.8892271331401496 188
1633946800507 0.8714762059071158 189
1633946832123 0.8857418517657342 190
1633946863507 0.9057259342602143 191
1633946895007 0.8829855211800938 192
1633946926797 0.8880017940294866 193
1633946958539 0.9013371862688433 194
1633946990053 0.8801940223509755 195
1633947021460 0.8870172805385641 196
1633947053640 0.8841907276247593 197
1633947085039 0.8873088711814207 198
1633947117350 0.8748345671737765 199
1633947151810 0.8840017766306919 200
1633947183329 0.8812993653799638 201
1633947214668 0.8836533763321297 202
1633947246284 0.8798018555621296 203
1633947278101 0.8810303728456366 204
1633947309450 0.8802134659878016 205
1633947341143 0.8936702913874861 206
1633947372399 0.8952036771831217 207
1633947404148 0.8774287256669259 208
1633947435891 0.894520207067053 209
1633947467383 0.8867775186886802 210
1633947498694 0.8809865881677478 211
1633947530199 0.8828755215965006 212
1633947561681 0.8802631037081993 213
1633947593083 0.8726889587294995 214
1633947624539 0.8694114615881063 215
1633947656188 0.8918550874179594 216
1633947687643 0.8899096011086842 217
1633947719269 0.8868835431594192 218
1633947750850 0.8765297763795425 219
1633947785215 0.887589894725225 220
1633947816606 0.8916015366387604 221
1633947851425 0.8950947278456396 222
1633947883355 0.8874676486312797 223
1633947915139 0.9004771131834837 224
1633947946920 0.873359391060804 225
1633947978649 0.8905374321949788 226
1633948010215 0.8907252383638555 227
1633948042135 0.8878670868378236 228
1633948074055 0.8946029267261087 229
1633948105944 0.8912425727984477 230
1633948137860 0.8793860382688371 231
1633948172095 0.860981228000421 232
1633948204479 0.8861478823047148 233
1633948235760 0.8856324289184089 234
1633948267253 0.8844758638799671 235
1633948298916 0.8772527517525087 236
1633948330703 0.8860104242679037 237
1633948362855 0.8807859214181829 238
1633948394248 0.8746293275225804 239
1633948428523 0.8731524095505332 240
1633948460297 0.8785760915173166 241
1633948491973 0.8802042447247382 242
1633948523736 0.8823934725714474 243
1633948556620 0.8773036303465297 244
1633948592721 0.8838127859387368 245
1633948629073 0.8778623695875284 246
1633948662886 0.8883566924641223 247
1633948697276 0.8793732325092062 248
1633948730630 0.8790894205557799 249
1633948763109 0.8733838888746641 250
1633948796080 0.8607784561567219 251
1633948830236 0.8820915467807208 252
1633948865074 0.8850930150905875 253
1633948897680 0.8900423352266529 254
1633948929854 0.8754067691398687 255
1633948962003 0.8735954988836148 256
1633948993956 0.8616716395619847 257
1633949025908 0.8836809243983939 258
1633949058071 0.8803763365186628 259
1633949092978 0.8909518243523771 260
1633949124913 0.87938594603585 261
1633949157504 0.8910116880734126 262
1633949189963 0.8860117061678606 263
1633949222471 0.8727536455711804 264
1633949254907 0.87633272016223 265
1633949287165 0.8744932977980516 266
1633949319257 0.8743100357593818 267
1633949351379 0.8823106867658167 268
1633949383527 0.8667430213299607 269
1633949415408 0.8921284939415821 270
1633949447487 0.8758892439057255 271
1633949479379 0.8914707492114498 272
1633949511551 0.8776053448500601 273
1633949543548 0.8840893785955759 274
1633949575976 0.8942322212596033 275
1633949608538 0.8838088098963276 276
1633949640792 0.8777477843493962 277
1633949672860 0.883963149743348 278
1633949704650 0.8924936252048927 279
1633949740107 0.8744007229551346 280
1633949772613 0.873720637920199 281
1633949804869 0.8812555478007185 282
1633949837850 0.8859178287574933 283
1633949870439 0.8667212405977391 284
1633949902559 0.8716371123264234 285
1633949934744 0.885775306646068 286
1633949967106 0.8797199648375436 287
1633949999587 0.8704239429422347 288
1633950032516 0.871846543493298 289
1633950064871 0.8875062004302053 290
1633950097134 0.8766646980817758 291
1633950129146 0.8861562102080819 292
1633950161780 0.8670897477841795 293
1633950194335 0.8721573723042962 294
1633950227129 0.8781816190351383 295
1633950259652 0.8757670502235538 296
1633950291957 0.8798852880634959 297
1633950324227 0.8834415658018806 298
1633950356292 0.8811580194956221 299
1633950391701 0.8821008319373578 300
1633950424347 0.8813643799536003 301
1633950456743 0.8784331604584228 302
1633950489354 0.8816857208878127 303
1633950521840 0.892181453602078 304
1633950554825 0.8800151773879614 305
1633950588075 0.875091196211628 306
1633950620812 0.8754591314368859 307
1633950652998 0.8788126726210138 308
1633950685469 0.882925746315293 309
1633950718151 0.8685645445918275 310
1633950750766 0.8757468727577867 311
1633950783531 0.8689844325139477 312
1633950816168 0.8810306491772177 313
1633950849242 0.8803062888947045 314
1633950881701 0.888524273219779 315
1633950914701 0.8802694272181003 316
1633950947136 0.8693659909516686 317
1633950979774 0.8797723758235243 318
1633951012054 0.8693838280159145 319
1633951047450 0.8849852139113706 320
1633951080192 0.8843688658746418 321
1633951112597 0.8779727829909834 322
1633951145110 0.8747085670024914 323
1633951178049 0.8917834019036691 324
1633951211514 0.8838622246851436 325
1633951244190 0.8867391170062238 326
1633951277004 0.8806316211567677 327
1633951309766 0.8854888980012854 328
1633951342559 0.878737620821921 329
1633951375354 0.8857966474026624 330
1633951408147 0.8859493706375956 331
1633951440949 0.8723939387596195 332
1633951473853 0.877197959226168 333
1633951506891 0.8774899511087222 334
1633951539591 0.8720927238993916 335
1633951572250 0.8779587187764573 336
1633951605153 0.8779307753220803 337
1633951638198 0.8881722295949966 338
1633951671359 0.8844379231672715 339
1633951706781 0.8854925506681737 340
1633951739603 0.8889725478264107 341
1633951772852 0.8912649684245137 342
1633951805970 0.8835298151928986 343
1633951838991 0.8760895111822515 344
1633951872648 0.8827596004644707 345
1633951906032 0.8866625599594457 346
1633951938606 0.8837140383703869 347
1633951971523 0.8866099942648039 348
1633952004215 0.881828387766171 349
1633952037205 0.8715421428400881 350
1633952073601 0.8844028078809099 351
1633952107071 0.8874428462303522 352
1633952140059 0.8771702718261398 353
1633952177579 0.8580455683159114 354
1633952211064 0.8884077061853373 355
1633952243911 0.8878117104541796 356
1633952276718 0.8676822316049719 357
1633952309480 0.8803470828492075 358
1633952342618 0.8823133003812039 359
1633952378630 0.8887616897347251 360
1633952411849 0.8823291040784462 361
1633952444987 0.8744087280765851 362
1633952478665 0.8777058501032237 363
1633952511556 0.8759677227466944 364
1633952546691 0.8769316950158278 365
1633952579661 0.8851011688632799 366
1633952612555 0.880350624148095 367
1633952645373 0.8886667959592068 368
1633952678126 0.8870631225193428 369
1633952711057 0.8815612648497883 370
1633952744401 0.8760180706301881 371
1633952777656 0.876611309446087 372
1633952810830 0.8815448423589505 373
1633952844317 0.8852009661555729 374
1633952877563 0.8953762605151712 375
1633952911164 0.8769702173735862 376
1633952944456 0.8800000584616745 377
1633952977537 0.8735813963901194 378
1633953011301 0.8745065272626875 379
1633953052584 0.883371696309821 380
1633953088448 0.8805146764686445 381
1633953125910 0.8804196194801324 382
1633953159736 0.8754313971017835 383
1633953192917 0.8749523850754916 384
1633953226708 0.8878213283246533 385
1633953261539 0.871433305135466 386
1633953295905 0.8891470058827694 387
1633953329925 0.8869366133046053 388
1633953362739 0.8855842601371293 389
1633953395672 0.8837296637510502 390
1633953428813 0.878354130823176 391
1633953462432 0.8696968808102166 392
1633953510359 0.8839652471215252 393
1633953544483 0.8643521183353784 394
1633953577967 0.8789789904503221 395
1633953611376 0.8774352318031665 396
1633953648277 0.8783990148167303 397
1633953686169 0.8822892478975399 398
1633953720496 0.8703510491569428 399
1633953759383 0.8652717466340197 400
1633953794963 0.8790849689042675 401
1633953830362 0.884578698263184 402
1633953865596 0.8892898740714893 403
1633953900688 0.8587409578202184 404
1633953933910 0.8748202939351093 405
1633953967727 0.8821840660848292 406
1633954001606 0.8610758721458992 407
1633954034660 0.86975168712949 408
1633954068065 0.8663324465662818 409
1633954106177 0.883565274852345 410
1633954140199 0.8697216735779983 411
1633954173158 0.8692043597378897 412
1633954206299 0.8726818078565751 413
1633954239563 0.8824367626582736 414
1633954273232 0.8826775866095294 415
1633954306819 0.865526313896415 416
1633954340193 0.8765789899875687 417
1633954373592 0.857902957200673 418
1633954406798 0.8767769646973379 419
1633954442694 0.8792026455614818 420
1633954476208 0.8787320155494616 421
1633954509434 0.8720254495901097 422
1633954542863 0.8773049572985375 423
1633954576716 0.8657150335721894 424
1633954610260 0.8811237914695558 425
1633954643216 0.8551078635214135 426
1633954676828 0.8588674207930426 427
1633954710564 0.8724695362495215 428
1633954743910 0.8761677329689873 429
1633954777358 0.8786970083742714 430
1633954811307 0.8700706872499627 431
1633954844533 0.8723294803831707 432
1633954877864 0.8674781951692246 433
1633954911396 0.8770286681121895 434
1633954944803 0.8695287256142145 435
1633954978456 0.8767670629876415 436
1633955011757 0.8830058561420753 437
1633955045388 0.8743068107198784 438
1633955078720 0.8654779620211102 439
1633955114890 0.861086471688404 440
1633955148584 0.8731653036124788 441
1633955182194 0.8763715033088523 442
1633955215625 0.8731442345864723 443
1633955249421 0.8807104109118601 444
1633955283185 0.8688170425077507 445
1633955316811 0.8838902181298074 446
1633955350296 0.8706475797288326 447
1633955387341 0.883442489045007 448
1633955420830 0.877237102008694 449
1633955454362 0.865895567186999 450
1633955488164 0.8807494518257738 451
1633955521419 0.8720732848334016 452
1633955555103 0.8820673208154536 453
1633955588736 0.8723400085423461 454
1633955622153 0.8829988531714417 455
1633955659331 0.8647994489342103 456
1633955693563 0.8886427666451947 457
1633955726787 0.885906264622098 458
1633955760195 0.8801199786972653 459
1633955796479 0.8893380590599934 460
1633955830361 0.8807371711247933 461
1633955863849 0.8824155450824847 462
1633955897442 0.8760870355800568 463
1633955931023 0.8814890622669023 464
1633955964925 0.8749587811458737 465
1633955998687 0.8804607781427404 466
1633956032339 0.8767947501907619 467
1633956066741 0.8729319671623564 468
1633956100658 0.8801966245984043 469
1633956134221 0.8742899464250986 470
1633956167971 0.8670835725410145 471
1633956201716 0.8777931147788776 472
1633956236132 0.8923794832711778 473
1633956270026 0.8817062091251248 474
1633956303516 0.8772663968956931 475
1633956337294 0.8689362436523403 476
1633956370947 0.8780465879695567 477
1633956404423 0.8763840864826752 478
1633956438697 0.8716899456636227 479
1633956475193 0.8823018584991568 480
1633956509150 0.8836041698985437 481
1633956543013 0.8656007436854124 482
1633956577266 0.8654309687899071 483
1633956610970 0.8725165083231629 484
1633956644545 0.8727540958739343 485
1633956678378 0.868286891125198 486
1633956712086 0.8701994059500028 487
1633956746160 0.8620711673481773 488
1633956780120 0.8788805835925552 489
1633956813827 0.8757419774431586 490
1633956847715 0.8754724273498006 491
1633956881628 0.8708118104315526 492
1633956915807 0.8616849357531207 493
1633956949390 0.8812130880699166 494
1633956983328 0.8782149872566948 495
1633957017783 0.8784716097542777 496
1633957051678 0.8758654730658124 497
1633957085372 0.8785594708913731 498
1633957119615 0.8759001115587667 499
1633957156695 0.8725135250310266 500
1633957190919 0.8729082625288989 501
1633957225043 0.8762962108926076 502
1633957258886 0.8668655089370456 503
1633957293237 0.8676594853223718 504
1633957327364 0.8799897434289745 505
1633957361629 0.8854672085525608 506
1633957395355 0.8680420232333793 507
1633957429488 0.8753824949676684 508
1633957468264 0.8786975844189241 509
1633957506734 0.8768634507934062 510
1633957541542 0.8736876985531781 511
1633957575664 0.8698330773482378 512
1633957609493 0.884695246591938 513
1633957643819 0.8743702556512689 514
1633957678370 0.878583698402438 515
1633957712314 0.8858830515413207 516
1633957746068 0.8785061999746996 517
1633957780919 0.8931108289709258 518
1633957815112 0.8771518918935363 519
1633957851885 0.8758036712465272 520
1633957886379 0.8766016649620838 521
1633957920876 0.8742885456526769 522
1633957955236 0.8745758578200837 523
1633957989713 0.8812927543569589 524
1633958023824 0.8796787507966803 525
1633958057771 0.8722805692683122 526
1633958092544 0.8712359904616681 527
1633958126595 0.870862783313795 528
1633958160691 0.8834783314005714 529
1633958194912 0.8738373720828305 530
1633958229139 0.8745230037213023 531
1633958263523 0.8690025898130608 532
1633958297867 0.8789844440777599 533
1633958332336 0.8702676276608733 534
1633958366739 0.8693184130514847 535
1633958401102 0.8764049285933825 536
1633958435821 0.8749075255042938 537
1633958470418 0.8757610501436206 538
1633958504391 0.8774039781946311 539
1633958541566 0.8795550619328812 540
1633958575896 0.8644727736722033 541
1633958610562 0.8725485380797342 542
1633958645360 0.8864165591841084 543
1633958679519 0.8693160847034143 544
1633958713850 0.8800504753366137 545
1633958748472 0.8650209412348124 546
1633958783054 0.88530087723523 547
1633958817460 0.8729473141729798 548
1633958852320 0.8756326373411331 549
1633958886937 0.8562496280772203 550
1633958921342 0.8675043615370422 551
1633958956076 0.8805577060952265 552
1633958990494 0.8787199562273234 553
1633959024774 0.879377232087108 554
1633959059168 0.8799522161768991 555
1633959093879 0.8723073372807819 556
1633959128603 0.8775139497175883 557
1633959163111 0.8741780263236135 558
1633959197223 0.8808954877253966 559
1633959234919 0.87453956414211 560
1633959269502 0.8724784150252887 561
1633959304032 0.8759517054652338 562
1633959338516 0.8606679248390412 563
1633959372905 0.8711766164523999 564
1633959407277 0.8807681327635525 565
1633959441779 0.8761858678049845 566
1633959476384 0.8638239198392812 567
1633959511203 0.8688324415651538 568
1633959545819 0.8708907643767388 569
1633959580699 0.8805189672677137 570
1633959615029 0.8792926257185457 571
1633959649377 0.8675815939775521 572
1633959684678 0.8730525116914748 573
1633959719647 0.8729664390864379 574
1633959754105 0.8710411391280151 575
1633959789054 0.875321882088685 576
1633959823599 0.860470940480231 577
1633959858355 0.8663721850555645 578
1633959893188 0.8755070898711128 579
1633959930532 0.8667254931449588 580
1633959965284 0.8593469439789466 581
1633960000117 0.8646472927499165 582
1633960034690 0.8734178504293284 583
1633960069445 0.8675132384777253 584
1633960104709 0.8780474777679714 585
1633960139574 0.8700883585626489 586
1633960174230 0.8784922828133425 587
1633960208977 0.8750663159409481 588
1633960244028 0.8595902137785489 589
1633960278910 0.8735157683215083 590
1633960313921 0.8769917658806553 591
1633960348802 0.8811553236325905 592
1633960384051 0.8739997825434058 593
1633960419432 0.8657658518037955 594
1633960454147 0.8606407797209056 595
1633960488617 0.8708786945916525 596
1633960523554 0.8862324796997442 597
1633960558214 0.8753400486042316 598
1633960593440 0.8726927538646497 599
1633960631130 0.8829462275343426 600
1633960666348 0.8768181127210902 601
1633960701536 0.8567934240517049 602
1633960736752 0.8753724766488151 603
1633960772199 0.8737281080170629 604
1633960807130 0.8707041962800164 605
1633960842234 0.8774025067052995 606
1633960877261 0.8831392276020912 607
1633960911966 0.8825325960183187 608
1633960947292 0.8694209414760734 609
1633960983012 0.8781403113500121 610
1633961017936 0.8712759975862697 611
1633961053326 0.8720645244066828 612
1633961088699 0.8672110193382178 613
1633961123926 0.8654510802142721 614
1633961159343 0.8707801012441768 615
1633961194409 0.8759273300274055 616
1633961229267 0.8714913461267221 617
1633961264492 0.8746757013150717 618
1633961299732 0.8616125342991767 619
1633961337742 0.8766450921625467 620
1633961373346 0.880183196872172 621
1633961408338 0.8822763549131696 622
1633961443378 0.866294931639678 623
1633961478637 0.8852261566210876 624
1633961514008 0.8750062198961842 625
1633961549203 0.8879450953444805 626
1633961584516 0.8705083296090325 627
1633961619696 0.8783612844783911 628
1633961655160 0.8708347422993276 629
1633961694939 0.8818954995268639 630
1633961735201 0.8724882958197527 631
1633961770995 0.872475999791315 632
1633961806235 0.8753226687158016 633
1633961853193 0.8641115682284035 634
1633961901911 0.865484981499264 635
1633961937153 0.8774724535754845 636
1633961972587 0.8881168715796266 637
1633962007776 0.8677669668376455 638
1633962042996 0.8697413971826365 639
1633962081037 0.8756481579486861 640
1633962116622 0.8794818753643061 641
1633962152632 0.8724700661532416 642
1633962190298 0.873589174187212 643
1633962225943 0.878314520490017 644
1633962260998 0.8630329635285319 645
1633962301272 0.8746051732704452 646
1633962340651 0.8792458652185087 647
1633962376280 0.8715853271549592 648
1633962412446 0.869588294612734 649
1633962447807 0.8698598471404931 650
1633962482992 0.8782640182672958 651
1633962518646 0.8730893248009185 652
1633962554033 0.8797447773032417 653
1633962589170 0.8782122117516895 654
1633962624670 0.8719746509111077 655
1633962659857 0.8791130380997006 656
1633962698215 0.8685271487060374 657
1633962734168 0.8748780007672277 658
1633962769342 0.8695936547400649 659
1633962807491 0.8785808741655274 660
1633962843045 0.8689364882963796 661
1633962878771 0.8736706173098792 662
1633962919982 0.8776265268816992 663
1633962955704 0.8680998433924283 664
1633962991332 0.8744248639492953 665
1633963027088 0.8735554373152767 666
1633963062415 0.8708137189957789 667
1633963097943 0.8700379895767925 668
1633963133447 0.881876172562469 669
1633963169035 0.8789883585968187 670
1633963204634 0.8745316479393206 671
1633963240287 0.862726643344379 672
1633963275851 0.8734611802735395 673
1633963311514 0.8649871469394029 674
1633963346800 0.8710618869443595 675
1633963382791 0.8726330570312414 676
1633963418266 0.8686059840046493 677
1633963453615 0.8637072066725852 678
1633963489434 0.8692079748273372 679
1633963527853 0.8645992167978043 680
1633963563454 0.8722677001462221 681
1633963598924 0.8747612321586303 682
1633963634747 0.8765746791519001 683
1633963670475 0.8702804963933924 684
1633963706170 0.88000697622637 685
1633963741864 0.8736086809462859 686
1633963778004 0.8776614095050705 687
1633963813680 0.8757574643484655 688
1633963850296 0.8752400359262196 689
1633963885860 0.8717635719258379 690
1633963921525 0.8686463644443819 691
1633963957549 0.8764422683030209 692
1633963993388 0.8626665217100938 693
1633964029519 0.8712088436512445 694
1633964065365 0.8766427694555725 695
1633964101280 0.8716916717144445 696
1633964136983 0.8713887952681608 697
1633964173571 0.8751462051447272 698
1633964209622 0.8714398729434039 699
1633964248609 0.8739955929431481 700
1633964284684 0.8657734907476461 701
1633964320350 0.8740766544207231 702
1633964357421 0.8689881018648613 703
1633964393676 0.8619582717306289 704
1633964429814 0.8699297510546463 705
1633964465892 0.8695939916612787 706
1633964501568 0.8699280179601816 707
1633964537412 0.8722316509119862 708
1633964573340 0.86991960517105 709
1633964609415 0.8729964128812764 710
1633964645647 0.8640007443416194 711
1633964681464 0.8748973029785825 712
1633964717472 0.8691021942533208 713
1633964752943 0.8664337915976228 714
1633964789137 0.8718122583526213 715
1633964825624 0.8795703798464438 716
1633964861639 0.8621397716208514 717
1633964897118 0.881079121324235 718
1633964933427 0.8688266882626839 719
1633964972613 0.8724215826964997 720
1633965008827 0.873632508720514 721
1633965045039 0.8685230039723857 722
1633965081568 0.8524508507153006 723
1633965117901 0.8680819261286612 724
1633965154428 0.8611574847934603 725
1633965190476 0.8679024533257585 726
1633965226359 0.8705863991958979 727
1633965262707 0.8697498167777585 728
1633965298797 0.8722212033787546 729
1633965335201 0.8659404253317096 730
1633965371386 0.8710415106578826 731
1633965407940 0.8641395840113701 732
1633965444103 0.8773021903519329 733
1633965481846 0.8713068211964833 734
1633965517632 0.8727742262039632 735
1633965554392 0.8678992357937915 736
1633965590790 0.8675386822499793 737
1633965627104 0.8605625054604162 738
1633965663171 0.8650340740473517 739
1633965702220 0.8676898405854065 740
1633965738614 0.8562319345521572 741
1633965775284 0.8721885895684857 742
1633965811829 0.8725595081248652 743
1633965848385 0.8724031966886062 744
1633965884596 0.8673091811352389 745
1633965920713 0.8608064571778244 746
1633965956992 0.8823810549616625 747
1633965993404 0.8688182055263759 748
1633966029435 0.8823687414499461 749
1633966065809 0.8631429750409574 750
1633966102216 0.8795874861354729 751
1633966138384 0.8658146973518526 752
1633966174753 0.8655670986526544 753
1633966210916 0.874526831530997 754
1633966262013 0.873007555074645 755
1633966298110 0.8664901520327175 756
1633966335675 0.8678137527349341 757
1633966371936 0.8805299452382442 758
1633966408483 0.8689719760563687 759
1633966447785 0.8638777792075332 760
1633966485804 0.8771412607933252 761
1633966522279 0.8775620099638342 762
1633966560333 0.8746811888895584 763
1633966596836 0.86580075881811 764
1633966633300 0.8752799353344892 765
1633966669727 0.8699116445651465 766
1633966706596 0.8812896729668651 767
1633966745063 0.8662935754449992 768
1633966781463 0.8775502642496387 769
1633966818172 0.8657050168831725 770
1633966854764 0.8694757466124003 771
1633966891049 0.8651996104969685 772
1633966928603 0.8700446954701179 773
1633966964968 0.8599139124294458 774
1633967001750 0.8696247460599584 775
1633967038627 0.8659865891669922 776
1633967075244 0.865504412594235 777
1633967111883 0.8674776357783235 778
1633967148534 0.8611246525714827 779
1633967188063 0.8767297564331055 780
1633967225149 0.8618349995342898 781
1633967263251 0.8675909288087806 782
1633967303396 0.8608509391882645 783
1633967340683 0.8700526838739981 784
1633967392233 0.8811656358784112 785
1633967429220 0.8607318264469024 786
1633967466016 0.8716571744022988 787
1633967503448 0.8711851365400785 788
1633967540966 0.8689116918210925 789
1633967577748 0.884504855640427 790
1633967616597 0.8704720342889966 791
1633967659483 0.8625653274493789 792
1633967696770 0.8653358208960555 793
1633967733877 0.8721474782193839 794
1633967777244 0.8730428810772951 795
1633967813682 0.8613406558624098 796
1633967850247 0.8755979045559472 797
1633967890328 0.8603867388135177 798
1633967927040 0.8682683204864956 799
1633967969672 0.862486353936449 800
1633968007611 0.8709356541290819 801
1633968045208 0.8617957989583517 802
1633968087020 0.8733092419389816 803
1633968124253 0.8775800269222116 804
1633968165005 0.868345501464594 805
1633968202697 0.8699781354055799 806
1633968239517 0.8616028998266746 807
1633968276359 0.8700658744587364 808
1633968313330 0.8649447073645887 809
1633968350113 0.88371604884568 810
1633968387009 0.885814239377405 811
1633968424008 0.8691586558212365 812
1633968460769 0.8709984682730363 813
1633968497479 0.8730958780594117 814
1633968534260 0.8664720453183331 815
1633968573896 0.868614088707193 816
1633968610601 0.8610175119181093 817
1633968650580 0.8629051265282686 818
1633968687367 0.8636858346080363 819
1633968727960 0.8627260160958126 820
1633968766004 0.8703146973883339 821
1633968804638 0.866769268392565 822
1633968842058 0.8714733807623806 823
1633968879288 0.874573407419888 824
1633968916415 0.867049817529976 825
1633968953499 0.8727586849681599 826
1633968990286 0.8055156828688725 827
1633969027851 0.8597485385376963 828
1633969065006 0.8665682774327795 829
1633969102286 0.8695370390251824 830
1633969138868 0.8633469368322054 831
1633969175838 0.8554481029095826 832
1633969212907 0.8614507803853915 833
1633969249956 0.8584292861328833 834
1633969286666 0.8686832447015335 835
1633969323619 0.8690183700854144 836
1633969361094 0.8615312377747831 837
1633969397868 0.862336461357832 838
1633969434679 0.8686652781522788 839
1633969474227 0.8670076847391931 840
1633969512760 0.8606843923532619 841
1633969550795 0.8719973382380373 842
1633969589020 0.8655312494824955 843
1633969626961 0.860556364291118 844
1633969664135 0.8712075849690895 845
1633969701589 0.8584665987000438 846
1633969738610 0.8666236971233089 847
1633969775970 0.8661829927296177 848
1633969812879 0.8663469177926574 849
1633969850144 0.8620765975225907 850
1633969887183 0.8661709875621603 851
1633969924506 0.8562802636500129 852
1633969961587 0.8660772084069008 853
1633969998846 0.8771256624536864 854
1633970035941 0.8630833160495976 855
1633970075882 0.8453173372189474 856
1633970113072 0.8642112752892002 857
1633970154812 0.8637395172324572 858
1633970192255 0.8658105077200002 859
1633970231859 0.8635746076598815 860
1633970270149 0.861466637201889 861
1633970308133 0.8703236972088574 862
1633970345563 0.8629083067855765 863
1633970383686 0.8692305996591843 864
1633970421317 0.8662198651297845 865
1633970459662 0.8628749972128368 866
1633970497107 0.8610041925396725 867
1633970534989 0.8673669777346394 868
1633970572335 0.8615288928509617 869
1633970609682 0.8611866208174352 870
1633970647010 0.8758676520258557 871
1633970684376 0.8685434847370321 872
1633970722008 0.8584364334686994 873
1633970765919 0.8613514125518824 874
1633970807155 0.8717012375947398 875
1633970844338 0.8582069971334624 876
1633970882646 0.8555729304137842 877
1633970919738 0.873448000662736 878
1633970959900 0.8647271910981479 879
1633971014556 0.8643825138735185 880
1633971053816 0.8626649479640692 881
1633971092086 0.866160986606683 882
1633971129969 0.8644721723405332 883
1633971167826 0.8623855889569724 884
1633971205657 0.8589336428397331 885
1633971243392 0.8665740662114522 886
1633971281066 0.8740790832400545 887
1633971318818 0.860978087167494 888
1633971356486 0.8657887408970109 889
1633971394258 0.8708976767925883 890
1633971431739 0.8593626269791638 891
1633971469612 0.8716765602225545 892
1633971507352 0.8652762769608064 893
1633971544814 0.8685177780409907 894
1633971588556 0.8744223180239691 895
1633971631954 0.8673007442451481 896
1633971669217 0.8525580659277757 897
1633971707100 0.8610048103968695 898
1633971744272 0.8579515285072015 899
1633971784791 0.8669335712290466 900
1633971823068 0.8708767680322512 901
1633971860831 0.8671915118202705 902
1633971898970 0.8635549094923771 903
1633971936892 0.8692285465833621 904
1633971974888 0.8737138253711523 905
1633972012361 0.8697502692926311 906
1633972050126 0.8598932980601531 907
1633972088253 0.869997122930532 908
1633972125910 0.8741725731444492 909
1633972163202 0.8666992909619882 910
1633972201302 0.8588299437737815 911
1633972239271 0.8710037515271993 912
1633972276672 0.8751607793717716 913
1633972314354 0.8689486080059081 914
1633972352255 0.875805516849103 915
1633972390280 0.864657399180885 916
1633972427569 0.8690085012050569 917
1633972465314 0.8663043277015167 918
1633972506709 0.8745125409872254 919
1633972547668 0.8680253053116266 920
1633972586096 0.8634322323826676 921
1633972627845 0.8601205679489373 922
1633972666344 0.8606290491625423 923
1633972704396 0.8613995711398664 924
1633972742470 0.869735390207333 925
1633972780257 0.8715848969568437 926
1633972818403 0.8658445451727255 927
1633972855816 0.8691634039409688 928
1633972893956 0.8572472979537412 929
1633972934191 0.8723065680126342 930
1633972971696 0.8686610277177073 931
1633973010009 0.8672105616549715 932
1633973047751 0.86692562275618 933
1633973085887 0.8658318689084099 934
1633973123859 0.8642178953140303 935
1633973161934 0.8639985312061481 936
1633973199699 0.8672393202740516 937
1633973237460 0.8571011694862831 938
1633973275957 0.8605743556812173 939
1633973316715 0.8561215831303713 940
1633973356025 0.867547825453002 941
1633973394598 0.8645216077678051 942
1633973434313 0.8614565108627054 943
1633973473165 0.8428861422501068 944
1633973511844 0.861721048140002 945
1633973550815 0.8598258435990932 946
1633973589020 0.8636838617859635 947
1633973627590 0.8628767773829177 948
1633973666099 0.8663770851031858 949
1633973704069 0.857007803727409 950
1633973742128 0.8612429759853049 951
1633973779734 0.8634069042687157 952
1633973818494 0.8660987856207324 953
1633973859692 0.863407342852176 954
1633973897833 0.8646514497459872 955
1633973935553 0.8556832527115872 956
1633973973592 0.8594094088073226 957
1633974011423 0.8532036197476103 958
1633974050644 0.8576339172143893 959
1633974091670 0.8664688368398987 960
1633974130769 0.8664701375362064 961
1633974169798 0.8775815360206725 962
1633974209083 0.8624131864615922 963
1633974247797 0.86584130147697 964
1633974286878 0.8664787875748096 965
1633974326644 0.868783995487332 966
1633974365352 0.8608765771654555 967
1633974403933 0.8649046322753332 968
1633974443746 0.8699095580836528 969
1633974482459 0.8686062379660026 970
1633974521074 0.8689329159991105 971
1633974559824 0.8600509603645623 972
1633974597976 0.8583190827631038 973
1633974636030 0.8607236818933764 974
1633974674359 0.8603376368094574 975
1633974712732 0.8588408497230162 976
1633974751499 0.8530622278543509 977
1633974790238 0.855614149393823 978
1633974828165 0.867728387070594 979
1633974872030 0.8706258269416359 980
1633974911787 0.8669026823040245 981
1633974951098 0.8656760773816277 982
1633974990462 0.8577793140409772 983
1633975030257 0.8724509575950337 984
1633975079205 0.8664535542672371 985
1633975118207 0.8698988781671161 986
1633975175899 0.861957670422935 987
1633975214586 0.8599272898203801 988
1633975264347 0.8727515140232704 989
1633975303329 0.8629135924725587 990
1633975342090 0.8745371493774474 991
1633975381137 0.8697379307598618 992
1633975419664 0.8654418733679449 993
1633975458225 0.863241064835818 994
1633975511251 0.8575154869749948 995
1633975550100 0.8661354647427993 996
1633975589040 0.8660181169555099 997
1633975627683 0.8678038713830367 998
1633975666176 0.8588684865342211 999
1633975707887 0.8694191064784421 1000
1633975746948 0.8683390757603441 1001
1633975785853 0.8703759661522933 1002
1633975824858 0.8622794282993077 1003
1633975865112 0.8638177159942564 1004
1633975904536 0.858099511527593 1005
1633975942989 0.8681713784578301 1006
1633975982910 0.8716995518482049 1007
1633976021946 0.8732209687504575 1008
1633976060880 0.8717550220646887 1009
1633976100730 0.8642909699218253 1010
1633976141072 0.8705973297698059 1011
1633976180868 0.8699997783706209 1012
1633976220539 0.8763507168145981 1013
1633976259246 0.8719372160625201 1014
1633976298966 0.8712534947077948 1015
1633976337963 0.8676603445407055 1016
1633976377066 0.8744642437021525 1017
1633976416775 0.8719457663961147 1018
1633976455884 0.862948337025894 1019
1633976497713 0.8678898500169291 1020
1633976537161 0.8651674680753478 1021
1633976576692 0.8660788111314067 1022
1633976616329 0.8706993114089332 1023
1633976656654 0.8712230755379439 1024
1633976696693 0.8691795663056158 1025
1633976735947 0.8707409948139099 1026
1633976780321 0.8678653469592779 1027
1633976819809 0.8600760264458174 1028
1633976859573 0.8570287965092929 1029
1633976898619 0.8725530005105522 1030
1633976937355 0.87466392317185 1031
1633976977193 0.8699518622462931 1032
1633977021561 0.869447232205257 1033
1633977060873 0.8689653474114908 1034
1633977100412 0.8762605713459761 1035
1633977139904 0.8706865155850888 1036
1633977178964 0.8705092921818397 1037
1633977219142 0.8681855392661099 1038
1633977259031 0.8669930531539002 1039
1633977301174 0.8647736188710532 1040
1633977341976 0.8606647969193475 1041
1633977381850 0.8641921842660447 1042
1633977421741 0.8687626531036916 1043
1633977461086 0.8632943006882666 1044
1633977500741 0.8719760980628606 1045
1633977541253 0.8636215189779513 1046
1633977580921 0.8716007448052443 1047
1633977620334 0.8598550779652661 1048
1633977659786 0.8689255193403933 1049
1633977699285 0.8663663743685223 1050
1633977738220 0.8695077643398792 1051
1633977777856 0.8612710950334797 1052
1633977817895 0.8600008144926432 1053
1633977857406 0.8635872840195109 1054
1633977897747 0.8660867557146132 1055
1633977937435 0.8664574749006754 1056
1633977976827 0.8662895073495459 1057
1633978016096 0.8570547310135027 1058
1633978055072 0.8673876027858084 1059
1633978097342 0.8717013589446637 1060
1633978138190 0.8575974155007258 1061
1633978178112 0.8643633800064857 1062
1633978217351 0.8638518807667821 1063
1633978258026 0.8625138622459463 1064
1633978298650 0.8644050627895329 1065
1633978338468 0.8635944735009973 1066
1633978378781 0.8669275299763644 1067
1633978420425 0.8633088288438551 1068
1633978460217 0.8601213405313517 1069
1633978499713 0.8689186522952572 1070
1633978540139 0.8606076803191026 1071
1633978580184 0.8613280225273471 1072
1633978621654 0.8639036806762888 1073
1633978661852 0.8723046678457735 1074
1633978701663 0.8606611026691199 1075
1633978741538 0.8584953590839216 1076
1633978781343 0.8684470720826201 1077
1633978821088 0.8719415376182632 1078
1633978861407 0.8579933327442596 1079
1633978904004 0.871789446635863 1080
1633978944633 0.8556951943600596 1081
1633978984628 0.861237402207776 1082
1633979025690 0.8696574522785149 1083
1633979065474 0.8653823374595686 1084
1633979106071 0.86227913095563 1085
1633979147280 0.8597538505615652 1086
1633979189174 0.8627684010423479 1087
1633979228739 0.862892986745402 1088
1633979268943 0.8629783172764623 1089
1633979308868 0.8641249495511918 1090
1633979349510 0.867352111721553 1091
1633979388642 0.8521837106612093 1092
1633979429498 0.8457400900280109 1093
1633979469537 0.8478766463772679 1094
1633979510095 0.8639549196222643 1095
1633979550921 0.866155064028587 1096
1633979590914 0.8519433247002298 1097
1633979630753 0.8726277865191685 1098
1633979670383 0.8667817397768313 1099
1633979712744 0.8665072203284747 1100
1633979752496 0.86401333136474 1101
1633979792871 0.863090776392783 1102
1633979832878 0.864954414213007 1103
1633979872840 0.8680444831725272 1104
1633979913103 0.8685735373764698 1105
1633979953005 0.8644228938364831 1106
1633979994081 0.8602398607697062 1107
1633980034272 0.8561900868822205 1108
1633980074653 0.8553581043898194 1109
1633980115237 0.8649302771866831 1110
1633980156287 0.8556849777210085 1111
1633980197209 0.8618254913871563 1112
1633980237663 0.8642383996620225 1113
1633980278232 0.8611595619021546 1114
1633980318701 0.8534765318011783 1115
1633980360112 0.8594480913081294 1116
1633980402168 0.8632550881492888 1117
1633980443908 0.8661907435877374 1118
1633980485126 0.8617132984419525 1119
1633980528034 0.8592230249874887 1120
1633980568906 0.8668457815209016 1121
1633980609417 0.8623990573274757 1122
1633980649645 0.8611626325741691 1123
1633980689435 0.871222063244421 1124
1633980729501 0.8607703962605159 1125
1633980769508 0.8665488039020559 1126
1633980810007 0.8694112056198627 1127
1633980849996 0.865933426847905 1128
1633980891271 0.8496692354910119 1129
1633980931889 0.8568541289299986 1130
1633980973254 0.8544280696106061 1131
1633981013877 0.8605123009750173 1132
1633981054634 0.869117424367494 1133
1633981094756 0.8578654533232902 1134
1633981135435 0.8537366964492744 1135
1633981175615 0.8555873778561907 1136
1633981218095 0.8605168279656619 1137
1633981257798 0.8605037410065881 1138
1633981298305 0.8530110261159032 1139
1633981341284 0.8610726770407559 1140
1633981382859 0.8620183980135575 1141
1633981423408 0.8633008655225438 1142
1633981464567 0.8576662488232124 1143
1633981505276 0.8622835839489637 1144
1633981545463 0.8637379538118609 1145
1633981586214 0.8617684448634118 1146
1633981626930 0.8628946873793026 1147
1633981667383 0.8579202421807968 1148
1633981708573 0.8637402311680631 1149
1633981750184 0.8308796536750239 1150
1633981790537 0.857039884800205 1151
1633981831116 0.860826745066896 1152
1633981871600 0.8600769780244074 1153
1633981912021 0.8585636385550058 1154
1633981953817 0.8709637956695578 1155
1633981994512 0.8561316187879447 1156
1633982035593 0.8668973226849094 1157
1633982076160 0.8704060268932595 1158
1633982117134 0.862554362002849 1159
1633982160406 0.8665058272460983 1160
1633982202332 0.8628891614717591 1161
1633982242653 0.8686186055769459 1162
1633982283170 0.859666070962209 1163
1633982323617 0.8633377445069172 1164
1633982363953 0.8623539111962067 1165
1633982404394 0.8585691107748986 1166
1633982444800 0.8646090993070841 1167
1633982486781 0.860380140484669 1168
1633982527087 0.8663215100926247 1169
1633982567720 0.8669185112944257 1170
1633982608444 0.8537376677599285 1171
1633982650024 0.8911259951894106 1172
1633982691085 0.8616683053881589 1173
1633982732443 0.8556099859378364 1174
1633982772928 0.8619921911888461 1175
1633982816291 0.8653806939215685 1176
1633982857710 0.8631837111422209 1177
1633982899384 0.858272432847689 1178
1633982939976 0.8596834520833915 1179
1633982983250 0.8611737031672889 1180
1633983025698 0.8419395775147692 1181
1633983066955 0.8575021246564649 1182
1633983107814 0.8656851527574542 1183
1633983148389 0.8660704353832884 1184
1633983189797 0.8649425337848553 1185
1633983230732 0.8608298462773992 1186
1633983272321 0.8517362362633152 1187
1633983313397 0.8618050116432401 1188
1633983354133 0.8612677536636051 1189
1633983395778 0.8580191106871757 1190
1633983436955 0.8679416036379052 1191
1633983478303 0.8560125274733601 1192
1633983519021 0.8624485863421122 1193
1633983560837 0.8624266585823275 1194
1633983601568 0.8673570289341171 1195
1633983642180 0.8636227261002315 1196
1633983683964 0.8595212852227865 1197
1633983725750 0.8601628032900334 1198
1633983766534 0.8605934152737624 1199
1633983810935 0.851292996280426 1200
1633983852220 0.8491479406100688 1201
1633983893640 0.8690318836819818 1202
1633983935121 0.8603441195012933 1203
1633983976254 0.8743444424484945 1204
1633984016795 0.8596268761387997 1205
1633984058355 0.8644268198404673 1206
1633984099324 0.8638461970469663 1207
1633984140185 0.8649934512498544 1208
1633984181819 0.8535398530215934 1209
1633984222756 0.8597110537005871 1210
1633984263782 0.8635514171204449 1211
1633984305072 0.8609714386239865 1212
1633984346933 0.8667601323676927 1213
1633984388880 0.8574664681881055 1214
1633984429851 0.8615226773350408 1215
1633984470777 0.8638195516703514 1216
1633984512118 0.8571308696676755 1217
1633984554026 0.8608974006421976 1218
1633984595272 0.8604625683661065 1219
1633984639688 0.8632947432157566 1220
1633984683217 0.8606420193950796 1221
1633984727050 0.8579260150870168 1222
1633984768520 0.8595959146465085 1223
1633984810140 0.8576885527764331 1224
1633984851281 0.8700205072192297 1225
1633984892456 0.8589874104036512 1226
1633984933325 0.8583565149827387 1227
1633984974473 0.8597025395173244 1228
1633985016185 0.8631200964947875 1229
1633985057830 0.8688550432800338 1230
1633985099470 0.8569454187886222 1231
1633985140814 0.8625157549416265 1232
1633985182374 0.8606889416495984 1233
1633985224199 0.8602623325757482 1234
1633985266487 0.8613356454645106 1235
1633985307238 0.8555654069607234 1236
1633985349206 0.865607342947872 1237
1633985390963 0.8615561638491298 1238
1633985432216 0.8579967550768266 1239
1633985477735 0.856907353181429 1240
1633985519144 0.8663456942621287 1241
1633985560763 0.8632992734358358 1242
1633985603009 0.8521139335322736 1243
1633985649106 0.8658671798364755 1244
1633985690435 0.8607617166878236 1245
1633985740051 0.854119147269814 1246
1633985784953 0.8567397646646708 1247
1633985826733 0.854907526546047 1248
1633985867703 0.8558962790006046 1249
1633985915009 0.8668280631939501 1250
1633985956995 0.8667580995238156 1251
1633985998748 0.8567204191620305 1252
1633986040846 0.8632015418854343 1253
1633986082017 0.8565922134785353 1254
1633986124825 0.8629315931383459 1255
1633986166012 0.8623744639377798 1256
1633986209407 0.8491417408402903 1257
1633986250518 0.8482201560404147 1258
1633986294063 0.8613953641186812 1259
1633986338361 0.8622323174561535 1260
1633986380538 0.8535617316398696 1261
1633986422266 0.8565952487761166 1262
1633986463422 0.8556710761615651 1263
1633986504729 0.8685243305137282 1264
1633986547091 0.8590013688629976 1265
1633986588627 0.8594922905382347 1266
1633986630440 0.8534432915925512 1267
1633986672179 0.8634208390156257 1268
1633986718832 0.8624698326438196 1269
1633986760857 0.8576121854137967 1270
1633986803816 0.8638138621681161 1271
1633986845062 0.8647449454352586 1272
1633986887526 0.8653390201656411 1273
1633986932136 0.8630084017165462 1274
1633986977309 0.8634365471298864 1275
1633987019146 0.8620101624418092 1276
1633987060856 0.8581303649078094 1277
1633987101840 0.8596944669463706 1278
1633987143304 0.8479500137308718 1279
1633987187620 0.8526622195394219 1280
1633987229267 0.8537423937155713 1281
1633987271245 0.8655288258684493 1282
1633987312595 0.8623543338102448 1283
1633987354181 0.8636286038418054 1284
1633987395922 0.8614806662391379 1285
1633987437251 0.8627137160024547 1286
1633987479924 0.8637129937143687 1287
1633987521407 0.864657671067099 1288
1633987563031 0.8596099478975585 1289
1633987604650 0.8595298764841892 1290
1633987646320 0.858608476432964 1291
1633987687956 0.864489625686845 1292
1633987729999 0.8548294593485013 1293
1633987771360 0.8584139907638477 1294
1633987815085 0.859528824524691 1295
1633987856512 0.865099034903691 1296
1633987899224 0.8592546561232831 1297
1633987941175 0.8645127617194125 1298
1633987982840 0.8684227211577485 1299
1633988026851 0.8572780157651816 1300
1633988068809 0.8644593724716374 1301
1633988110635 0.8562002819021747 1302
1633988152214 0.866542005807563 1303
1633988195886 0.8603261622381221 1304
1633988238224 0.8540926194586023 1305
1633988280186 0.8671757115637799 1306
1633988322538 0.8623721393559787 1307
1633988364259 0.8611351437474561 1308
1633988406071 0.8585913254624626 1309
1633988448711 0.8515833002812171 1310
1633988490597 0.8600312943392227 1311
1633988532164 0.8644967336856351 1312
1633988573632 0.8623047373558765 1313
1633988618117 0.865644148311689 1314
1633988659307 0.8660846510485606 1315
1633988701821 0.8571972992747353 1316
1633988747598 0.8632502719937897 1317
1633988789987 0.8635440058406696 1318
1633988831859 0.8712089321935813 1319
1633988876196 0.8629364717089524 1320
1633988918493 0.8610788923688203 1321
1633988960655 0.8592371170042816 1322
1633989002575 0.8531019056265219 1323
1633989044553 0.8606172915684281 1324
1633989086465 0.856843961726444 1325
1633989128609 0.8548786234147522 1326
1633989170510 0.8534307884312449 1327
1633989212959 0.8603924198770184 1328
1633989254664 0.8594413730004811 1329
1633989296478 0.8696397194983307 1330
1633989338307 0.861632190748817 1331
1633989380040 0.8637062711291803 1332
1633989422091 0.8558661264875337 1333
1633989464736 0.8560596271101335 1334
1633989506824 0.8521012769446659 1335
1633989548720 0.8561039823615786 1336
1633989590985 0.8611714876608174 1337
1633989632829 0.8631715525431829 1338
1633989675505 0.858676343067251 1339
1633989721404 0.8573127750358901 1340
1633989763819 0.8599618931783576 1341
1633989805952 0.8548002691678064 1342
1633989848670 0.8581614192776127 1343
1633989891142 0.8613414609849783 1344
1633989933324 0.8639882909711248 1345
1633989976105 0.8635899018176911 1346
1633990018145 0.8533027449876981 1347
1633990060741 0.8618533139950839 1348
1633990103214 0.8639696716562667 1349
1633990145430 0.8669288223523958 1350
1633990188069 0.8586150487353684 1351
1633990230995 0.8536479719932817 1352
1633990273581 0.8540605984647255 1353
1633990316177 0.8654757445381178 1354
1633990358442 0.8643885465298173 1355
1633990400331 0.8657620275107674 1356
1633990442913 0.8581826618773365 1357
1633990484456 0.8656999763460353 1358
1633990528111 0.8579412061660707 1359
1633990573832 0.8639850974225233 1360
1633990617121 0.8636565570192328 1361
1633990659720 0.8648235110860002 1362
1633990702282 0.8692500168800639 1363
1633990744873 0.8593158770740216 1364
1633990787509 0.8602518537101714 1365
1633990830242 0.8601386836830609 1366
1633990872598 0.8646977610525397 1367
1633990916205 0.8532396219201324 1368
1633990958576 0.8594661793215398 1369
1633991001090 0.8638167678510665 1370
1633991043330 0.8584318569509964 1371
1633991085524 0.8593558746470178 1372
1633991127781 0.8642037358553283 1373
1633991170162 0.8637761246669182 1374
1633991212512 0.8657693436898481 1375
1633991254579 0.8604500154942478 1376
1633991296969 0.8611214934749164 1377
1633991339606 0.8622420555989602 1378
1633991381835 0.8571261124797005 1379
1633991426979 0.8639590149270675 1380
1633991470090 0.8671159369545666 1381
1633991512781 0.8568678052183318 1382
1633991555107 0.8614094696267461 1383
1633991597404 0.8654495289218472 1384
1633991640062 0.8579236193692741 1385
1633991682661 0.8619978625575339 1386
1633991724800 0.8531703427914581 1387
1633991768956 0.8651242518806624 1388
1633991811404 0.8640009811991788 1389
1633991854903 0.8631964554980225 1390
1633991896908 0.8546734860798006 1391
