1633940992540 0.8231183461283494 1
1633941022938 0.8679813010322194 2
1633941053792 0.8797710408958374 3
1633941084851 0.8782652763111939 4
1633941115756 0.876069136519114 5
1633941146650 0.883338352765741 6
1633941177910 0.8698420048148716 7
1633941238758 0.902140821488768 9
1633941270001 0.8758993983099658 10
1633941300884 0.881507470876441 11
1633941361565 0.9136813293199849 13
1633941393059 0.9083627227947678 14
1633941423938 0.8964725996585614 15
1633941485120 0.9041111385336915 17
1633941638491 0.8960850750582418 22
1633941728854 0.9164379487978827 25
1633941878992 0.9133829396375529 30
1633942028168 0.9018674103108252 35
1633942148407 0.9182713805580811 39
1633942391191 0.9116535302517835 47
1633942451915 0.9218446799196551 49
1633942662634 0.9185729637098616 56
1633942846292 0.916763999358417 62
1633942938006 0.9242241915806251 65
1633943149241 0.9178545368379718 72
1633943394696 0.9177955280148845 80
1633943789709 0.9244409908578831 93
1633944520710 0.9252985665466591 117
1633944583303 0.9255987465442053 119
1633945149846 0.9228863368689385 137
1633945249807 0.9255989057873567 140
1633945627788 0.9273803096449585 152
1633948139491 0.9294984827549575 231
1633952039275 0.9256987465964647 350
1633953468374 0.9247788521941437 392
1633955352305 0.9254335625543378 447
1633955624311 0.9310860760593302 455
1633957432108 0.9275147945066982 508
1633957470731 0.9296155468171692 509
1633961697643 0.9312926168398885 630
1633961808742 0.9280862514610331 633
1633966213784 0.9273285125109506 754
1633967343844 0.9258004429553974 784
1633967619603 0.926547623476224 791
1633967737441 0.9257659813516829 794
1633975034022 0.9269664810526301 984
1633975126571 0.9258000390794502 986
1633975462295 0.9230237755737126 994
