1633940992163 0.8231183461283494 1
1633941022189 0.8679813010322194 2
1633941053027 0.8797710408958374 3
1633941084065 0.8782652763111939 4
1633941114975 0.876069136519114 5
1633941145865 0.883338352765741 6
1633941177149 0.8698420048148716 7
1633941208091 0.9050623025307014 8
1633941237966 0.902140821488768 9
1633941269233 0.8758993983099658 10
1633941300086 0.881507470876441 11
1633941330684 0.9212521332645314 12
1633941360778 0.9136813293199849 13
1633941392285 0.9083627227947678 14
1633941423151 0.8964725996585614 15
1633941454521 0.9142889445998068 16
1633941484339 0.9041111385336915 17
1633941515465 0.9206137191125006 18
1633941545506 0.9215295032009824 19
1633941578465 0.9274431044374276 20
1633941608030 0.9272188212918815 21
1633941637575 0.8960850750582418 22
1633941668533 0.909660696816455 23
1633941698254 0.92476814886758 24
1633941728008 0.9164379487978827 25
1633941759038 0.9262788546165848 26
1633941788449 0.9146771829206433 27
1633941818346 0.926297050168208 28
1633941848059 0.9148561491510925 29
1633941877867 0.9133829396375529 30
1633941909126 0.9186143644949061 31
1633941938754 0.9336666179408728 32
1633941968341 0.9142531071738198 33
1633941997795 0.9189909781158749 34
1633942027335 0.9018674103108252 35
1633942058461 0.9294511067442794 36
1633942088229 0.9190197200948268 37
1633942117833 0.9323878361557151 38
1633942147569 0.9182713805580811 39
1633942181110 0.9158145737208305 40
1633942211029 0.9251932605121443 41
1633942240705 0.9296568344761209 42
1633942270565 0.921895331850274 43
1633942300312 0.919697680215737 44
1633942330384 0.9282901613309926 45
1633942360392 0.9078339347113199 46
1633942390298 0.9116535302517835 47
1633942421201 0.9236872658359813 48
1633942451029 0.9218446799196551 49
1633942482300 0.9158982453473896 50
1633942512249 0.9325146132958082 51
1633942542249 0.930474511179579 52
1633942571897 0.9357014094069435 53
1633942601941 0.9290927288957185 54
1633942631880 0.9157643016165853 55
1633942661745 0.9185729637098616 56
1633942693005 0.9295468546484197 57
1633942722949 0.9273588515559168 58
1633942752828 0.9320417399697871 59
1633942785551 0.9139617747197276 60
1633942815357 0.9274714094861933 61
1633942845307 0.916763999358417 62
1633942876943 0.9275979254443713 63
1633942906985 0.9183827846370173 64
1633942937042 0.9242241915806251 65
1633942968513 0.9195599627576099 66
1633942998731 0.9242764055968933 67
1633943028428 0.9269776947174196 68
1633943058525 0.9305373432370135 69
1633943088411 0.9290247809351142 70
1633943118473 0.9195274068162124 71
1633943148290 0.9178545368379718 72
1633943179706 0.9327146478498111 73
1633943209660 0.9321345418843999 74
1633943239679 0.9270111437126207 75
1633943270063 0.933157237852155 76
1633943300130 0.9309909774423117 77
1633943330315 0.924221757204277 78
1633943360372 0.9252194293341182 79
1633943393690 0.9177955280148845 80
1633943425619 0.9306099638793872 81
1633943455722 0.9319635502897886 82
1633943486143 0.9251500642142987 83
1633943516252 0.9231175039029212 84
1633943546945 0.9297667590161696 85
1633943577538 0.9358946804225984 86
1633943607601 0.9292561142118434 87
1633943637875 0.9292190823107773 88
1633943668178 0.9238381435456806 89
1633943698352 0.9307531834739109 90
1633943728559 0.9260731503193713 91
1633943758595 0.9209726005331659 92
1633943788673 0.9244409908578831 93
1633943820234 0.9211875200624359 94
1633943850315 0.9300607245108422 95
1633943880376 0.9179483335432826 96
1633943910591 0.922562850205407 97
1633943940834 0.9315245938057038 98
1633943970886 0.9298232366598862 99
1633944003896 0.9282655313437973 100
1633944034123 0.9236856729168709 101
1633944064776 0.9296397917897999 102
1633944095090 0.9254964756653732 103
1633944125242 0.9320223182886775 104
1633944155550 0.9229147601696115 105
1633944185746 0.9274893283942739 106
1633944215981 0.9322184857953328 107
1633944246264 0.9329746563288599 108
1633944276751 0.9301639793148867 109
1633944307227 0.9288132916864102 110
1633944337576 0.9358694227264998 111
1633944367810 0.9276588819001963 112
1633944398356 0.9336487202017091 113
1633944428670 0.9289446038443738 114
1633944458819 0.9311862651273688 115
1633944489139 0.92441774513172 116
1633944519687 0.9252985665466591 117
1633944551891 0.9262734894601583 118
1633944582236 0.9255987465442053 119
1633944616839 0.9226850528191626 120
1633944648127 0.9300627377542211 121
1633944679105 0.9337999074900577 122
1633944710260 0.9329609734615015 123
1633944741615 0.9296370464096579 124
1633944773285 0.924286897764181 125
1633944804433 0.9344260893959144 126
1633944835212 0.9285542969234313 127
1633944866287 0.9290226489784701 128
1633944897484 0.9241543654253757 129
1633944928625 0.932644647535581 130
1633944960056 0.9240967026809088 131
1633944991267 0.9252414801595463 132
1633945022474 0.930984886006425 133
1633945053655 0.9259389106392253 134
1633945084903 0.9215758509560393 135
1633945116218 0.9295213892278514 136
1633945148394 0.9228863368689385 137
1633945183442 0.926431372152619 138
1633945214678 0.926743331945956 139
1633945248607 0.9255989057873567 140
1633945282576 0.9348242607698932 141
1633945314042 0.9306413164344888 142
1633945345402 0.9316677282483283 143
1633945377074 0.9254117784437441 144
1633945407991 0.923245097362118 145
1633945439406 0.9272228512980226 146
1633945470419 0.9329083428584076 147
1633945501465 0.9357095691945585 148
1633945533089 0.9351724519682495 149
1633945564526 0.9339226053274019 150
1633945595578 0.9278143556501866 151
1633945626526 0.9273803096449585 152
1633945659812 0.9313973423039904 153
1633945690956 0.9231987067945226 154
1633945723171 0.9342873942060881 155
1633945754476 0.9330215560211346 156
1633945785761 0.9320440013964578 157
1633945817010 0.9305264775562943 158
1633945848153 0.9327014143327241 159
1633945882894 0.9304219066040981 160
1633945914882 0.9360073181305216 161
1633945946254 0.9247746450359121 162
1633945977657 0.9353468327813526 163
1633946009228 0.9332910776910696 164
1633946040678 0.9294758444216011 165
1633946072005 0.9270260251279376 166
1633946103230 0.9298119570121619 167
1633946135204 0.9303475349401535 168
1633946166422 0.9321384797555523 169
1633946197734 0.9334597271387313 170
1633946228694 0.92867638317638 171
1633946260010 0.9286972402319337 172
1633946292163 0.9284444956884286 173
1633946323377 0.9266351748079089 174
1633946354775 0.9318474708816009 175
1633946386294 0.9259624953730475 176
1633946417723 0.9351171131893503 177
1633946449122 0.9279961591548488 178
1633946481065 0.9313779212260079 179
1633946515004 0.9319264059896866 180
1633946546475 0.9264040542331606 181
1633946578329 0.9229216903608215 182
1633946609711 0.9301036770580499 183
1633946641698 0.9299185879721976 184
1633946673500 0.9331453736333485 185
1633946704887 0.9297227901985056 186
1633946736506 0.9266650786538858 187
1633946768023 0.9330220416343893 188
1633946800510 0.9238433542229828 189
1633946832126 0.9308062773607976 190
1633946863510 0.9363664324051606 191
1633946895010 0.9303198498384564 192
1633946926800 0.9315475280221183 193
1633946958541 0.9364476510402879 194
1633946990056 0.9297401439327413 195
1633947021463 0.9310532892292996 196
1633947053643 0.9310652452734087 197
1633947085042 0.9313643539436821 198
1633947117353 0.9262066897061448 199
1633947151813 0.9301077197917933 200
1633947183332 0.9303128272898489 201
1633947214670 0.931407312686894 202
1633947246286 0.9295779070634693 203
1633947278103 0.9300392443457041 204
1633947309453 0.9287439364076497 205
1633947341146 0.9304822583722716 206
1633947372402 0.9338135045086234 207
1633947404151 0.9272682939149779 208
1633947435894 0.9347583088512347 209
1633947467385 0.9308881106512263 210
1633947498696 0.9286505002857591 211
1633947530202 0.9293367931794668 212
1633947561683 0.9283834420264858 213
1633947593086 0.9248594572053973 214
1633947624541 0.9249969302077922 215
1633947656190 0.9327619662260537 216
1633947687645 0.9329089806029269 217
1633947719272 0.9314805795322694 218
1633947750853 0.9272425966340127 219
1633947785218 0.9333255707401021 220
1633947816608 0.9336708721526041 221
1633947851428 0.933760919470298 222
1633947883358 0.9319061595618915 223
1633947915141 0.9379596855027261 224
1633947946922 0.9263417030746017 225
1633947978652 0.9324621670085096 226
1633948010218 0.9328909963602001 227
1633948042138 0.9318601407441202 228
1633948074058 0.9339513599829565 229
1633948105946 0.9335108878783108 230
1633948137863 0.9294984827549575 231
1633948172098 0.9201074734699447 232
1633948204482 0.9318827189033881 233
1633948235763 0.9307417156781336 234
1633948267255 0.9300801511266831 235
1633948298919 0.9278348190762962 236
1633948330705 0.9310552455570107 237
1633948362858 0.9289527269323172 238
1633948394251 0.9270776305350241 239
1633948428526 0.9260826171821085 240
1633948460300 0.9280590639504472 241
1633948491976 0.9279415655182784 242
1633948523739 0.9295732081746834 243
1633948556623 0.9279629748675271 244
1633948592724 0.9308859498005088 245
1633948629076 0.9276072787004346 246
1633948662889 0.9320323349824072 247
1633948697278 0.9275339025145232 248
1633948730633 0.9276378966939145 249
1633948763112 0.9258896309885232 250
1633948796083 0.9200694228387593 251
1633948830239 0.9289111294911 252
1633948865079 0.9301222069380355 253
1633948897682 0.9312343868677655 254
1633948929856 0.9275475585208873 255
1633948962006 0.926959158304435 256
1633948993959 0.9204557791729432 257
1633949025911 0.9285160320435051 258
1633949058074 0.9294149726226308 259
1633949092981 0.9329488993044821 260
1633949124916 0.9282862593939244 261
1633949157507 0.9321253068789196 262
1633949189966 0.9314345082098674 263
1633949222474 0.9265161676232201 264
1633949254910 0.9278337097401426 265
1633949287168 0.925767357481372 266
1633949319260 0.9268110124680573 267
1633949351382 0.9295287579216424 268
1633949383530 0.9236282951116075 269
1633949415411 0.9339479036792419 270
1633949447490 0.9267533492042218 271
1633949479382 0.9323439030095251 272
1633949511554 0.9276480319176234 273
1633949543551 0.9299597944813622 274
1633949575979 0.9348641335424442 275
1633949608541 0.9303728355445171 276
1633949640795 0.927401352094632 277
1633949672863 0.9311079845000138 278
1633949704653 0.9331642277043551 279
1633949740109 0.9276728533229375 280
1633949772616 0.9251793104037633 281
1633949804871 0.9293996652047403 282
1633949837853 0.9300986456713589 283
1633949870442 0.9231935943488379 284
1633949902562 0.926527572171858 285
1633949934747 0.9315556617352397 286
1633949967109 0.9277709944538349 287
1633949999590 0.9245379396354334 288
1633950032518 0.9252919590879696 289
1633950064874 0.9313491559714364 290
1633950097137 0.9264367340051967 291
1633950129149 0.930685731969786 292
1633950161783 0.923276343994326 293
1633950194338 0.9259365218103373 294
1633950227131 0.9283177597651591 295
1633950259654 0.9275750242468472 296
1633950291960 0.9267408118555988 297
1633950324229 0.9304908804367293 298
1633950356295 0.9299513601935487 299
1633950391703 0.929955043480788 300
1633950424350 0.9286937268687709 301
1633950456746 0.9274366799503583 302
1633950489357 0.9299345459788757 303
1633950521843 0.9340108671043852 304
1633950554828 0.9274115390099124 305
1633950588078 0.9263623700935367 306
1633950620815 0.9260431564780147 307
1633950653000 0.9293346496801573 308
1633950685472 0.9309066761531967 309
1633950718153 0.9234815107097739 310
1633950750769 0.927115687373044 311
1633950783534 0.9235090443746146 312
1633950816170 0.9302082248862202 313
1633950849245 0.9293289216078613 314
1633950881704 0.9305100189855956 315
1633950914703 0.9289391099970166 316
1633950947138 0.9248207963425374 317
1633950979777 0.928827539998464 318
1633951012057 0.9249354189087753 319
1633951047453 0.930645038689734 320
1633951080195 0.9300986585194135 321
1633951112600 0.9283634118108479 322
1633951145113 0.9259631145643186 323
1633951178052 0.9326194870566354 324
1633951211517 0.9292028944226369 325
1633951244193 0.9312991939347101 326
1633951277007 0.9297884062785958 327
1633951309769 0.9310163094057305 328
1633951342562 0.9278974829688994 329
1633951375357 0.93079914257209 330
1633951408150 0.9313882268232351 331
1633951440951 0.9246815442980907 332
1633951473856 0.9278716410065375 333
1633951506894 0.9281535461759982 334
1633951539593 0.926012868902594 335
1633951572253 0.9277832165903249 336
1633951605156 0.9280416938334212 337
1633951638201 0.9324002372850563 338
1633951671361 0.9312777204609307 339
1633951706783 0.9311632599963677 340
1633951739606 0.9331403287274678 341
1633951772855 0.934397236014138 342
1633951805972 0.9288082183345678 343
1633951838994 0.9276297945672137 344
1633951872650 0.930181616952082 345
1633951906035 0.9309199026834216 346
1633951938608 0.9306969251518385 347
1633951971526 0.9321366317841658 348
1633952004218 0.9281922670526292 349
1633952037207 0.9256987465964647 350
1633952073604 0.9311285857582663 351
1633952107074 0.9312236704218241 352
1633952140061 0.9281219783531519 353
1633952177590 0.9189324592237734 354
1633952211067 0.9319268562712363 355
1633952243914 0.9329613949807402 356
1633952276721 0.9244557455775473 357
1633952309483 0.9289736652775686 358
1633952342620 0.9300630858300016 359
1633952378633 0.9332817405699806 360
1633952411851 0.9299815259661051 361
1633952444990 0.9265140722014175 362
1633952478674 0.9270557602930398 363
1633952511564 0.9266890293178153 364
1633952546698 0.927267171629235 365
1633952579664 0.9307826714677633 366
1633952612557 0.9292495971930403 367
1633952645376 0.9323134618344251 368
1633952678134 0.9313112167066874 369
1633952711059 0.9306981267852648 370
1633952744404 0.9276830252537701 371
1633952777659 0.9282364401320704 372
1633952810834 0.9298692871453687 373
1633952844321 0.9310038227255978 374
1633952877569 0.93371089823623 375
1633952911171 0.9287302939387934 376
1633952944461 0.9291434032841676 377
1633952977555 0.9256603944970212 378
1633953011304 0.9264085848013489 379
1633953052587 0.930693109187313 380
1633953088456 0.9297890510430356 381
1633953125916 0.9296552936230081 382
1633953159741 0.9270673344906823 383
1633953192920 0.9277113069397412 384
1633953226711 0.9321274080946707 385
1633953261545 0.9262154315001236 386
1633953295918 0.9332001035564952 387
1633953329934 0.932185613110418 388
1633953362742 0.9321923074067835 389
1633953395676 0.9312650024841772 390
1633953428817 0.9288785064154926 391
1633953462435 0.9247788521941437 392
1633953510372 0.9303939104250813 393
1633953544486 0.9228249302163192 394
1633953577970 0.9275273782043136 395
1633953611379 0.9278600732310281 396
1633953648296 0.928738856895681 397
1633953686179 0.929540281243588 398
1633953720499 0.925065612138317 399
1633953759385 0.9223688021977025 400
1633953794965 0.9284564787840032 401
1633953830365 0.929617768253939 402
1633953865599 0.9319270070174196 403
1633953900691 0.9204113206338597 404
1633953933913 0.9264600631345745 405
1633953967730 0.9288824277663745 406
1633954001609 0.9203681852720531 407
1633954034663 0.923892003427015 408
1633954068068 0.92143646289046 409
1633954106180 0.9313733522166382 410
1633954140202 0.9247864876283602 411
1633954173161 0.9245723970015067 412
1633954206301 0.9264394128418677 413
1633954239566 0.9296973240713594 414
1633954273235 0.9288943157245739 415
1633954306821 0.9237060172600128 416
1633954340196 0.9284974212566459 417
1633954373595 0.9187035044659665 418
1633954406801 0.9277805701939429 419
1633954442697 0.9279567017584274 420
1633954476211 0.9283835277157088 421
1633954509437 0.9255655078044952 422
1633954542866 0.9277436415128657 423
1633954576718 0.9229715937064974 424
1633954610263 0.9294829867181741 425
1633954643219 0.9180494162303509 426
1633954676830 0.9195809539679873 427
1633954710567 0.9256676050735765 428
1633954743913 0.927563546542674 429
1633954777361 0.9276210611848033 430
1633954811310 0.9248073751105268 431
1633954844536 0.9248082171299705 432
1633954877867 0.9228965852346368 433
1633954911399 0.9274377249407513 434
1633954944806 0.9238276456481586 435
1633954978459 0.9271762383610851 436
1633955011760 0.9301187821451341 437
1633955045391 0.9270299670634473 438
1633955078722 0.9226804138727838 439
1633955114892 0.9208741933603647 440
1633955148587 0.9258114206859955 441
1633955182197 0.9277612144756475 442
1633955215627 0.9269563428212428 443
1633955249423 0.9297036291984683 444
1633955283188 0.9237681844272033 445
1633955316814 0.9303523193088642 446
1633955350299 0.9254335625543378 447
1633955387343 0.9311519444655717 448
1633955420833 0.9285615207375156 449
1633955454365 0.9226019499156061 450
1633955488167 0.9291062872311993 451
1633955521422 0.926053340327756 452
1633955555105 0.9300752224501432 453
1633955588738 0.9246721744743811 454
1633955622155 0.9310860760593302 455
1633955659334 0.9233798338470856 456
1633955693565 0.9326953684694562 457
1633955726790 0.9313111641866293 458
1633955760197 0.9296623548375237 459
1633955796481 0.9332579053467991 460
1633955830363 0.9298517294462038 461
1633955863851 0.9306277796318418 462
1633955897445 0.9275700827386253 463
1633955931026 0.9298349956128528 464
1633955964927 0.9268735835619616 465
1633955998690 0.930158424452813 466
1633956032342 0.9275161704522538 467
1633956066744 0.9266879871863182 468
1633956100660 0.9290628716919525 469
1633956134223 0.9270483562900893 470
1633956167974 0.9239270001393138 471
1633956201719 0.9282405097997085 472
1633956236135 0.9337811275966595 473
1633956270029 0.9301935321255865 474
1633956303519 0.9278560081303883 475
1633956337297 0.9258234280157583 476
1633956370950 0.9280863538175673 477
1633956404426 0.9278234301029546 478
1633956438699 0.926191272890031 479
1633956475196 0.9291232739575747 480
1633956509153 0.9285304817388127 481
1633956543016 0.92246848938483 482
1633956577268 0.9227525370919004 483
1633956610973 0.9259383433548894 484
1633956644547 0.9261486843878987 485
1633956678381 0.9245117733099391 486
1633956712089 0.9245574873883707 487
1633956746162 0.9209576293367852 488
1633956780123 0.9285669578709376 489
1633956813830 0.9275446849372406 490
1633956847718 0.9270838072088547 491
1633956881631 0.9247981176957042 492
1633956915810 0.9210428020389384 493
1633956949393 0.9285060247570299 494
1633956983331 0.9282209012209867 495
1633957017785 0.927142419478578 496
1633957051681 0.9278576420358176 497
1633957085374 0.9287148323126295 498
1633957119617 0.9282789288832133 499
1633957156698 0.9257180626116503 500
1633957190922 0.9268775475773485 501
1633957225046 0.9278748374676915 502
1633957258889 0.923318043987762 503
1633957293239 0.9239484045665681 504
1633957327367 0.9288698307163051 505
1633957361632 0.9305966814405129 506
1633957395357 0.9228692822081072 507
1633957429490 0.9275147945066982 508
1633957468267 0.9296155468171692 509
1633957506737 0.9283077971504482 510
1633957541545 0.9262718736488963 511
1633957575667 0.9255049066557393 512
1633957609496 0.9313012942276769 513
1633957643821 0.9271490032290914 514
1633957678372 0.9291513165669596 515
1633957712317 0.9320052762736669 516
1633957746070 0.9287874375533419 517
1633957780921 0.9345684305472141 518
1633957815115 0.9270417076185986 519
1633957851888 0.9267759224843704 520
1633957886382 0.9275034192192252 521
1633957920878 0.9270264880687538 522
1633957955238 0.9269158813143272 523
1633957989715 0.9296567065827785 524
1633958023826 0.9296672487633789 525
1633958057774 0.9254931853034768 526
1633958092546 0.925824948932672 527
1633958126598 0.9251591081899415 528
1633958160694 0.9303428639055444 529
1633958194915 0.9257421403519072 530
1633958229142 0.9263584410082638 531
1633958263525 0.9242552774188777 532
1633958297869 0.9285828984714334 533
1633958332339 0.9250416443939322 534
1633958366742 0.9239130436761339 535
1633958401105 0.9269304758597293 536
1633958435824 0.9262134499208419 537
1633958470421 0.9267861342864786 538
1633958504394 0.9280538684404316 539
1633958541569 0.9291902179812235 540
1633958575898 0.922713771015094 541
1633958610564 0.926840146279643 542
1633958645362 0.9316280798862352 543
1633958679522 0.9254639858359442 544
1633958713853 0.929013112685702 545
1633958748475 0.9230193580814317 546
1633958783056 0.9314917146411023 547
1633958817463 0.925687851079287 548
1633958852323 0.9262695189136356 549
1633958886939 0.9186892406366602 550
1633958921345 0.9235224197909504 551
1633958956079 0.9289012002399172 552
1633958990497 0.9290061250388931 553
1633959024777 0.9292386168264651 554
1633959059171 0.9293975967993109 555
1633959093882 0.9262517267567841 556
1633959128606 0.9284895754273368 557
1633959163114 0.9266877548691586 558
1633959197226 0.9296300665285542 559
1633959234922 0.9277994287537038 560
1633959269505 0.926419601969216 561
1633959304034 0.9279921142137919 562
1633959338518 0.9210852975580505 563
1633959372907 0.9258166389641026 564
1633959407280 0.9295985053020455 565
1633959441782 0.9257890786300015 566
1633959476387 0.9225137846415314 567
1633959511206 0.9252553330725777 568
1633959545822 0.9250446480845645 569
1633959580701 0.9298604338656581 570
1633959615032 0.9291039765298063 571
1633959649380 0.92353958550281 572
1633959684681 0.9264429891936427 573
1633959719650 0.9269035686294507 574
1633959754107 0.9253814610142903 575
1633959789056 0.9281900712664618 576
1633959823602 0.922363770611686 577
1633959858357 0.9240850173236776 578
1633959893190 0.9264522584660941 579
1633959930534 0.9236640606515586 580
1633959965286 0.9201660184507556 581
1633960000120 0.9227306856376482 582
1633960034693 0.9273969906160946 583
1633960069448 0.9242113440178477 584
1633960104712 0.927884078205204 585
1633960139577 0.9258000279558293 586
1633960174233 0.9293567647262153 587
1633960208980 0.9270225769923206 588
1633960244031 0.920431592312137 589
1633960278912 0.9272102694231326 590
1633960313923 0.9290414158001268 591
1633960348805 0.9303180400475427 592
1633960384054 0.9275806598768362 593
1633960419435 0.9239852442641218 594
1633960454150 0.9214923692643099 595
1633960488619 0.9259323103929891 596
1633960523557 0.9310168636540762 597
1633960558217 0.92832650463496 598
1633960593442 0.9257716877189409 599
1633960631132 0.930336724780401 600
1633960666351 0.9285458841748805 601
1633960701539 0.9190083761359092 602
1633960736754 0.9276769338352568 603
1633960772202 0.9269964241945517 604
1633960807132 0.9254191649055501 605
1633960842237 0.9288926619299203 606
1633960877264 0.9302032079262755 607
1633960911969 0.9307579569245727 608
1633960947295 0.9247587156645791 609
1633960983015 0.9276579007496504 610
1633961017939 0.9258285867273605 611
1633961053329 0.9271789747970637 612
1633961088701 0.9239258569925436 613
1633961123928 0.9237309104363909 614
1633961159346 0.9256839605944108 615
1633961194412 0.9277367906821493 616
1633961229270 0.9266693702380137 617
1633961264494 0.9267068830822419 618
1633961299734 0.9195294724986445 619
1633961337745 0.9276534692620793 620
1633961373349 0.9291446818141905 621
1633961408340 0.9309923248684234 622
1633961443381 0.9240288555961657 623
1633961478640 0.9317675537738833 624
1633961514011 0.9275939358520882 625
1633961549208 0.932618340779204 626
1633961584519 0.9256466521115568 627
1633961619699 0.9292836106311221 628
1633961655163 0.9250576644732015 629
1633961694942 0.9312926168398885 630
1633961735203 0.92602216392139 631
1633961770997 0.9265873171474587 632
1633961806238 0.9280862514610331 633
1633961853195 0.9228756234412578 634
1633961901913 0.9232801417086347 635
1633961937155 0.9271081031883782 636
1633961972590 0.9332875290196773 637
1633962007779 0.9246391112038065 638
1633962042998 0.9257132353123054 639
1633962081040 0.9274162854028363 640
1633962116625 0.929549918706556 641
1633962152635 0.9271492072917165 642
1633962190301 0.9270007694528741 643
1633962225946 0.9285372755705961 644
1633962261001 0.9227130261280702 645
1633962301275 0.9265353681146558 646
1633962340653 0.9288705372466088 647
1633962376283 0.926390994396185 648
1633962412448 0.9257363787493424 649
1633962447810 0.9254273252147024 650
1633962482995 0.9301108550303273 651
1633962518649 0.9271489141790011 652
1633962554036 0.9292186874261605 653
1633962589173 0.9274936494021291 654
1633962624672 0.9266093307966774 655
1633962659859 0.9294413487045333 656
1633962698217 0.9248766731366443 657
1633962734171 0.9275256661561183 658
1633962769345 0.9251176276013275 659
1633962807494 0.928702616827724 660
1633962843047 0.924945602534812 661
1633962878774 0.9269229791411906 662
1633962919984 0.9283992305937325 663
1633962955706 0.9243318595070441 664
1633962991335 0.9269792195053959 665
1633963027091 0.9273395463382698 666
1633963062417 0.9247587884759042 667
1633963097946 0.925620366017723 668
1633963133450 0.9297862340896522 669
1633963169038 0.9286975013313625 670
1633963204636 0.9264922907850055 671
1633963240290 0.9223633132630766 672
1633963275853 0.9256302985083946 673
1633963311517 0.9232039052180866 674
1633963346803 0.9254030322760413 675
1633963382794 0.9259116473683263 676
1633963418269 0.9247720351749316 677
1633963453617 0.9226938854096401 678
1633963489437 0.9247986698100475 679
1633963527856 0.9236290006011261 680
1633963563456 0.9263606006069363 681
1633963598926 0.9279759829217569 682
1633963634750 0.9287344052240709 683
1633963670478 0.9256955933540081 684
1633963706173 0.929588938830151 685
1633963741867 0.9266799509963322 686
1633963778007 0.9288054509890499 687
1633963813683 0.927760841559091 688
1633963850299 0.9280008579135978 689
1633963885862 0.9257664995606455 690
1633963921527 0.9250180487439196 691
1633963957551 0.9283229724362031 692
1633963993390 0.9214884529911593 693
1633964029522 0.9257158611989369 694
1633964065368 0.9283369638189178 695
1633964101282 0.9265004532369571 696
1633964136985 0.9263781656112059 697
1633964173573 0.927119099926796 698
1633964209625 0.9268112096755583 699
1633964248612 0.9271803364623233 700
1633964284687 0.924103454648717 701
1633964320352 0.9269494408203423 702
1633964357424 0.9241849377853361 703
1633964393678 0.9224823873210409 704
1633964429817 0.9251574324664599 705
1633964465895 0.9259035176151102 706
1633964501571 0.926202883429645 707
1633964537415 0.9260116496575903 708
1633964573343 0.9256040905560443 709
1633964609418 0.9271402044622999 710
1633964645650 0.9230879438411813 711
1633964681467 0.9265763095532686 712
1633964717475 0.9251637545123756 713
1633964752946 0.9240697639802805 714
1633964789140 0.9259740933283199 715
1633964825626 0.9289122101732562 716
1633964861642 0.922371582214534 717
1633964897121 0.9296356763810909 718
1633964933430 0.9248443866576289 719
1633964972615 0.9264662761618201 720
1633965008829 0.926645870935261 721
1633965045042 0.9246258039228592 722
1633965081571 0.9176885727122585 723
1633965117903 0.924270290889648 724
1633965154430 0.9215681898235685 725
1633965190479 0.9237241518204923 726
1633965226361 0.9256638130514868 727
1633965262709 0.924948424020585 728
1633965298800 0.9266515541542901 729
1633965335204 0.923536327176589 730
1633965371389 0.9254520053694504 731
1633965407943 0.9220579383612204 732
1633965444106 0.9272451181478516 733
1633965481848 0.9255143672648011 734
1633965517635 0.9261702233872164 735
1633965554394 0.925185477325897 736
1633965590793 0.9237216728301649 737
1633965627107 0.9198185775598933 738
1633965663174 0.9233489471696456 739
1633965702223 0.9243193961347224 740
1633965738617 0.9196889970696545 741
1633965775286 0.926622096522884 742
1633965811831 0.9260074229426187 743
1633965848388 0.9259782644689188 744
1633965884599 0.92361207538249 745
1633965920716 0.9214073306160085 746
1633965956995 0.9305623305679177 747
1633965993407 0.9250069124478855 748
1633966029437 0.9311429994646077 749
1633966065812 0.9226006447702346 750
1633966102218 0.9296460363345632 751
1633966138386 0.9236594238951611 752
1633966174755 0.9231942803302814 753
1633966210918 0.9273285125109506 754
1633966262015 0.9266624910022222 755
1633966298113 0.9242291742870418 756
1633966335678 0.9251507286721492 757
1633966371938 0.9293572264733796 758
1633966408486 0.9244567023901467 759
1633966447787 0.9225150521858975 760
1633966485806 0.9279200113719858 761
1633966522282 0.9284029923160526 762
1633966560336 0.9278690688644304 763
1633966596838 0.9233502892572051 764
1633966633303 0.9277290302116586 765
1633966669730 0.9256028053418803 766
1633966706599 0.930171518829289 767
1633966745066 0.9239743282338705 768
1633966781466 0.9278781159653224 769
1633966818175 0.9238626184936612 770
1633966854767 0.925357882735523 771
1633966891052 0.923780068069551 772
1633966928606 0.9250209312636333 773
1633966964970 0.9203411640210017 774
1633967001753 0.9254884965713751 775
1633967038630 0.923654070794774 776
1633967075246 0.923476381815296 777
1633967111886 0.9245029433243169 778
1633967148537 0.9209833394628473 779
1633967188066 0.9278086612559556 780
1633967225152 0.9211768855441567 781
1633967263254 0.9236308072809327 782
1633967303399 0.9220940057113662 783
1633967340686 0.9258004429553974 784
1633967392236 0.9304820501747524 785
1633967429224 0.9217135524909753 786
1633967466018 0.9260609630393124 787
1633967503450 0.9258955508781614 788
1633967540969 0.9251265443380182 789
1633967577751 0.9306708750892024 790
1633967616600 0.926547623476224 791
1633967659486 0.9214328410064156 792
1633967696773 0.9235945738804466 793
1633967733880 0.9257659813516829 794
1633967777247 0.926580754864785 795
1633967813685 0.9211001134056892 796
1633967850250 0.9269300718677234 797
1633967890331 0.9212141618534818 798
1633967927043 0.9244989757927917 799
1633967969675 0.921181231011989 800
1633968007621 0.9259575119929928 801
1633968045212 0.9221829829583438 802
1633968087023 0.9262438450835011 803
1633968124256 0.9284425747167445 804
1633968165008 0.9253072363698079 805
1633968202715 0.9247003034802809 806
1633968239520 0.9218138006656764 807
1633968276361 0.9248918867898743 808
1633968313333 0.9228886763346378 809
1633968350116 0.9314979344024622 810
1633968387012 0.9314423871505221 811
1633968424010 0.9247750788750172 812
1633968460771 0.9260079902713773 813
1633968497483 0.9261791744460005 814
1633968534263 0.9239911594776565 815
1633968573899 0.9248808377730576 816
1633968610604 0.9216453741141885 817
1633968650583 0.9222220643268423 818
1633968687370 0.9228258870588449 819
1633968727963 0.9221697735421749 820
1633968766013 0.9253461859590735 821
1633968804648 0.923409156889408 822
1633968842069 0.9251243348742964 823
1633968879298 0.9269140705387585 824
1633968916418 0.9239912406365456 825
1633968953502 0.9266489488351612 826
1633968990289 0.8935718741671269 827
1633969027854 0.921191536216741 828
1633969065009 0.9237342318997039 829
1633969102289 0.9249241969106667 830
1633969138870 0.9221250445116682 831
1633969175841 0.9190981691949835 832
1633969212910 0.9206333526377819 833
1633969249959 0.9205274374377517 834
1633969286669 0.923954317899828 835
1633969323622 0.9245436262794728 836
1633969361097 0.9219238838048203 837
1633969397871 0.9216672112016162 838
1633969434682 0.9244213746847448 839
1633969474230 0.9239026238291327 840
1633969512765 0.9214421593786426 841
1633969550801 0.9260884598741881 842
1633969589027 0.9232650427082381 843
1633969626966 0.9210206532113384 844
1633969664138 0.9254591113042769 845
1633969701599 0.9197409913048706 846
1633969738613 0.9234084769080233 847
1633969775973 0.9228090827646637 848
1633969812882 0.9234662437080634 849
1633969850147 0.9209253623059842 850
1633969887186 0.92355776984817 851
1633969924508 0.9192609931540429 852
1633969961590 0.9232242310639026 853
1633969998849 0.9280795936495345 854
1633970035943 0.9218510880402456 855
1633970075885 0.9146470412978859 856
1633970113075 0.9225342657077402 857
1633970154815 0.9224481439409739 858
1633970192257 0.9241655911790896 859
1633970231862 0.9228974503661661 860
1633970270153 0.9218556201559421 861
1633970308140 0.9252309147072876 862
1633970345566 0.9217528664257488 863
1633970383690 0.9254309200983591 864
1633970421335 0.9238091283056123 865
1633970459666 0.9227023625893783 866
1633970497110 0.9216802439088245 867
1633970534992 0.924230536960626 868
1633970572342 0.9214121085760132 869
1633970609685 0.921047415814016 870
1633970647012 0.9286667769299615 871
1633970684379 0.9238612210492714 872
1633970722015 0.9204494679204054 873
1633970765921 0.9218316375496896 874
1633970807158 0.9264669951977366 875
1633970844341 0.9203798220789774 876
1633970882657 0.9190658497260883 877
1633970919740 0.9278057839176831 878
1633970959907 0.923105392101216 879
1633971014559 0.9229912058375436 880
1633971053818 0.922045088205067 881
1633971092089 0.9235692286270669 882
1633971129974 0.9230430789184272 883
1633971167829 0.9223495340152169 884
1633971205659 0.9204403823890531 885
1633971243395 0.9232747455761233 886
1633971281069 0.9265171670573015 887
1633971318820 0.9208580969113364 888
1633971356488 0.9223207105898482 889
1633971394261 0.9253681293203261 890
1633971431742 0.920902264219072 891
1633971469614 0.9265380539423848 892
1633971507355 0.9232742917661996 893
1633971544817 0.9246189027935181 894
1633971588559 0.9280914647795327 895
1633971631956 0.924400222883489 896
1633971669220 0.9183770348000116 897
1633971707103 0.921619673851241 898
1633971744274 0.919745569275961 899
1633971784793 0.9238966643169996 900
1633971823072 0.9255202770336223 901
1633971860849 0.9237477510913922 902
1633971898976 0.922435096249668 903
1633971936899 0.9242243487679649 904
1633971974894 0.9266494293054471 905
1633972012364 0.9255990198793106 906
1633972050129 0.9213343822969708 907
1633972088255 0.9255676070296925 908
1633972125913 0.9271599527900041 909
1633972163205 0.9237223603275219 910
1633972201304 0.9201048874142965 911
1633972239274 0.92553366466079 912
1633972276675 0.9276322981507391 913
1633972314357 0.9246117621036445 914
1633972352257 0.9278818223905665 915
1633972390283 0.9236593937339587 916
1633972427571 0.9246490904460704 917
1633972465317 0.9244058190058021 918
1633972506712 0.9279110059455721 919
1633972547671 0.9246552107022783 920
1633972586106 0.9223862230151609 921
1633972627853 0.921285386187735 922
1633972666347 0.9215844800667385 923
1633972704406 0.9216129246924827 924
1633972742473 0.9253910630008948 925
1633972780260 0.926599732193282 926
1633972818406 0.9236144321334916 927
1633972855819 0.9241820033453578 928
1633972893958 0.9205347311287293 929
1633972934193 0.9263600962213824 930
1633972971699 0.924842332843882 931
1633973010012 0.9242981806608023 932
1633973047754 0.9245170828511561 933
1633973085890 0.9234397333383307 934
1633973123861 0.9228573834240947 935
1633973161936 0.9227905611006605 936
1633973199702 0.9246681395406655 937
1633973237474 0.9186204973169062 938
1633973275969 0.920615092276642 939
1633973316718 0.918851070866406 940
1633973356028 0.9241245439002174 941
1633973394613 0.923055135523125 942
1633973434322 0.9214555869022661 943
1633973473167 0.9129522647564944 944
1633973511848 0.921887503332834 945
1633973550831 0.9207387702403586 946
1633973589023 0.9217361574261959 947
1633973627593 0.9227384002129915 948
1633973666115 0.9237077549503737 949
1633973704071 0.9193853748755795 950
1633973742131 0.9222659998117663 951
1633973779737 0.9229658739969971 952
1633973818502 0.9243310992236241 953
1633973859696 0.9228435300540452 954
1633973897841 0.9234948180706373 955
1633973935556 0.9190712880177297 956
1633973973595 0.920402680816728 957
1633974011431 0.9180293092787217 958
1633974050652 0.9197368507456147 959
1633974091673 0.9250601029874465 960
1633974130787 0.9239009625600568 961
1633974169807 0.9292533354534517 962
1633974209100 0.9215492028289239 963
1633974247800 0.923741564575284 964
1633974286892 0.9246784021909191 965
1633974326650 0.9250971419021841 966
1633974365355 0.9217644914417644 967
1633974403949 0.9231302877774823 968
1633974443754 0.9259991151906675 969
1633974482467 0.9250300604633406 970
1633974521082 0.9254766195521529 971
1633974559827 0.9217627921514422 972
1633974597982 0.9205964962648546 973
1633974636034 0.9215787528750494 974
1633974674363 0.921380873520527 975
1633974712750 0.9210305390994239 976
1633974751502 0.9176261035744964 977
1633974790241 0.9193616917610791 978
1633974828167 0.9240881152044812 979
1633974872033 0.9263520237882821 980
1633974911791 0.9249042158480365 981
1633974951102 0.9238591367872703 982
1633974990469 0.920436380855929 983
1633975030266 0.9269664810526301 984
1633975079209 0.9242824568466028 985
1633975118222 0.9258000390794502 986
1633975175903 0.9214455807913218 987
1633975214597 0.9215679483819894 988
1633975264357 0.9270028423055879 989
1633975303332 0.9225255571562395 990
1633975342108 0.9271842017438466 991
1633975381146 0.925525549445324 992
1633975419666 0.9237347529365831 993
1633975458238 0.9230237755737126 994
1633975511255 0.9199652575027255 995
1633975550103 0.9240946134273698 996
1633975589063 0.9237418216183121 997
1633975627686 0.924613477327556 998
1633975666190 0.920390517268429 999
1633975707890 0.9261964785205296 1000
1633975746956 0.9244720626520199 1001
1633975785856 0.9257622562422206 1002
1633975824873 0.9228928934025109 1003
1633975865119 0.9234401988761475 1004
1633975904540 0.9202064812312761 1005
1633975942994 0.9248116239362816 1006
1633975982917 0.9271004447904483 1007
1633976021949 0.9270176700751441 1008
1633976060900 0.9261452904306023 1009
1633976100739 0.924113159619454 1010
1633976141085 0.9264314706440356 1011
1633976180883 0.9259303275323121 1012
1633976220543 0.9284731573042014 1013
1633976259260 0.9264446524451025 1014
1633976298971 0.9256055266337916 1015
1633976337966 0.9248341825475682 1016
1633976377082 0.927903665653282 1017
1633976416781 0.926430728380526 1018
1633976455887 0.9227614897734495 1019
1633976497718 0.9251277329968215 1020
1633976537167 0.9239734069923469 1021
1633976576696 0.9244899844342943 1022
1633976616346 0.9261793099039513 1023
1633976656661 0.9264392352219484 1024
1633976696696 0.9256139260695689 1025
1633976735951 0.9264995070997567 1026
1633976780331 0.9245938024308942 1027
1633976819817 0.9220778315574745 1028
1633976859582 0.9203725080363637 1029
1633976898622 0.9268480110452859 1030
1633976937373 0.9279604007113234 1031
1633976977201 0.9250261745122959 1032
1633977021573 0.9257821697410861 1033
1633977060877 0.9258139223835188 1034
1633977100430 0.928926293752221 1035
1633977139913 0.9263055904588585 1036
1633977178968 0.9260758264264449 1037
1633977219159 0.924930678017853 1038
1633977259039 0.9247945889383725 1039
1633977301177 0.923489604928157 1040
1633977341995 0.9211597045709156 1041
1633977381857 0.9235400638127786 1042
1633977421749 0.9248053674750977 1043
1633977461102 0.9225837637339691 1044
1633977500759 0.926213503545511 1045
1633977541256 0.9230189787096738 1046
1633977580925 0.9260534602837909 1047
1633977620337 0.9215089402001013 1048
1633977659800 0.9248903104452446 1049
1633977699288 0.923844220016209 1050
1633977738238 0.9259695118671514 1051
1633977777860 0.9219478942261805 1052
1633977817904 0.921250863367127 1053
1633977857418 0.9228491857238355 1054
1633977897750 0.9243361428097631 1055
1633977937441 0.9239971007273284 1056
1633977976830 0.9236382482888037 1057
1633978016103 0.9199041516511739 1058
1633978055075 0.9244921792647556 1059
1633978097350 0.9261706114313534 1060
1633978138197 0.9205288564783379 1061
1633978178115 0.9230221631308347 1062
1633978217367 0.9230025885440076 1063
1633978258043 0.9225067974888698 1064
1633978298654 0.9235447858891542 1065
1633978338471 0.9227381834172221 1066
1633978378795 0.9239830332500065 1067
1633978420432 0.9231267064958152 1068
1633978460221 0.9212409794667084 1069
1633978499723 0.9245176345713585 1070
1633978540144 0.9211731341386244 1071
1633978580194 0.9211570161600728 1072
1633978621670 0.9218734703858206 1073
1633978661860 0.9260241674301474 1074
1633978701666 0.9213654294383574 1075
1633978741546 0.9199561049916198 1076
1633978781353 0.9249832571484798 1077
1633978821092 0.9267889176004338 1078
1633978861411 0.9205716506542011 1079
1633978904013 0.9265945738017334 1080
1633978944636 0.9188883558455683 1081
1633978984646 0.921607429536348 1082
1633979025695 0.925737027316949 1083
1633979065477 0.923042035379939 1084
1633979106089 0.9222405692040457 1085
1633979147295 0.9206068601000684 1086
1633979189178 0.9224894585487423 1087
1633979228742 0.9223443423054014 1088
1633979268956 0.9224165666051835 1089
1633979308874 0.9225221523132314 1090
1633979349513 0.9244518643008421 1091
1633979388652 0.9171048648896846 1092
1633979429507 0.9140629439138653 1093
1633979469544 0.9148435332765399 1094
1633979510099 0.923133327360455 1095
1633979550928 0.9229960867921287 1096
1633979590916 0.9159610159243007 1097
1633979630756 0.9262096727256232 1098
1633979670401 0.923681539294653 1099
1633979712748 0.9239067010204177 1100
1633979752514 0.9227064727007617 1101
1633979792878 0.9226221523207175 1102
1633979832881 0.9233063754578821 1103
1633979872854 0.9253797007135806 1104
1633979913107 0.9238180523740119 1105
1633979953014 0.9231013711155748 1106
1633979994083 0.9207887871640787 1107
1633980034286 0.9188668549172786 1108
1633980074657 0.9184252143729461 1109
1633980115243 0.9225571549207545 1110
1633980156291 0.9192336337488085 1111
1633980197213 0.9207556954865554 1112
1633980237667 0.9228775407354791 1113
1633980278250 0.9207422820182882 1114
1633980318704 0.9185655663202107 1115
1633980360123 0.9203571838786991 1116
1633980402172 0.9218362747498373 1117
1633980443913 0.9233987992812227 1118
1633980485135 0.9215565146000764 1119
1633980528038 0.9205494159355053 1120
1633980568911 0.9237469994221204 1121
1633980609420 0.9225078760746552 1122
1633980649648 0.9217659992640441 1123
1633980689450 0.9250541467642709 1124
1633980729504 0.9211354084499781 1125
1633980769516 0.9238455666360939 1126
1633980810010 0.9252704677329708 1127
1633980850005 0.9242141257087875 1128
1633980891275 0.9166251415981087 1129
1633980931907 0.9198918638636325 1130
1633980973261 0.9186365646177731 1131
1633981013881 0.9220070194565361 1132
1633981054648 0.9249862798323144 1133
1633981094764 0.9204172966367513 1134
1633981135438 0.9178519044313889 1135
1633981175631 0.9191120405668152 1136
1633981218098 0.92118175768719 1137
1633981257808 0.9215986518654501 1138
1633981298308 0.9175067318203873 1139
1633981341286 0.920854215945436 1140
1633981382873 0.9216172378933196 1141
1633981423418 0.9222790572480704 1142
1633981464575 0.919820534919506 1143
1633981505280 0.9220753720972014 1144
1633981545472 0.9228579805711418 1145
1633981586217 0.9214901592273631 1146
1633981626934 0.9222389133725305 1147
1633981667387 0.9202625760260357 1148
1633981708587 0.922490483687631 1149
1633981750187 0.9075755666004126 1150
1633981790540 0.9195013856246119 1151
1633981831123 0.9204460202712721 1152
1633981871603 0.9213372843020434 1153
1633981912031 0.9205080776505592 1154
1633981953827 0.9256709327700657 1155
1633981994515 0.9188685136629346 1156
1633982035596 0.9240183689575566 1157
1633982076167 0.9255749530615048 1158
1633982117137 0.9221938551265811 1159
1633982160414 0.9238400580334666 1160
1633982202336 0.9219685385144151 1161
1633982242663 0.9247404743948318 1162
1633982283174 0.9208171792659086 1163
1633982323626 0.9225052677631169 1164
1633982363956 0.921907930959547 1165
1633982404397 0.9207127398604762 1166
1633982444803 0.9228272674061629 1167
1633982486787 0.9215580026825401 1168
1633982527091 0.9236584995826022 1169
1633982567726 0.9242831276297591 1170
1633982608448 0.9182589745991031 1171
1633982650032 0.9334369409419683 1172
1633982691090 0.9208781632094986 1173
1633982732450 0.9181153970677399 1174
1633982772932 0.9226019186367735 1175
1633982816294 0.923402189264825 1176
1633982857718 0.9229007108819048 1177
1633982899388 0.9207198431958205 1178
1633982939980 0.9213814142662224 1179
1633982983259 0.921962836703942 1180
1633983025706 0.9130782945017997 1181
1633983066959 0.9202896397699711 1182
1633983107822 0.9237957385564487 1183
1633983148393 0.9238459996023933 1184
1633983189800 0.9232525217334353 1185
1633983230735 0.9215274673417462 1186
1633983272326 0.9170011226620948 1187
1633983313411 0.9218993097074442 1188
1633983354136 0.921182821166188 1189
1633983395796 0.9204231947894095 1190
1633983436965 0.9244655048537539 1191
1633983478315 0.9196696520931427 1192
1633983519024 0.9221881008914344 1193
1633983560842 0.9225197741530733 1194
1633983601571 0.9249419550418301 1195
1633983642197 0.9227007999657549 1196
1633983683967 0.9206522166533111 1197
1633983725758 0.9206992949086452 1198
1633983766537 0.9214127782741083 1199
1633983810941 0.9171368352892624 1200
1633983852223 0.9159759708182335 1201
1633983893649 0.9251195359037064 1202
1633983935124 0.9214168949049515 1203
1633983976261 0.9277236153691895 1204
1633984016799 0.9210379968043031 1205
1633984058359 0.9227717127503501 1206
1633984099327 0.9224588487968323 1207
1633984140189 0.9233165486446684 1208
1633984181830 0.9188413289112085 1209
1633984222759 0.9208493523025245 1210
1633984263785 0.9230922381287086 1211
1633984305079 0.9217813904556647 1212
1633984346937 0.9240120353180561 1213
1633984388888 0.9196909738282313 1214
1633984429854 0.9217120203029332 1215
1633984470793 0.9230945076140238 1216
1633984512122 0.9195590097544295 1217
1633984554030 0.9215797743972067 1218
1633984595275 0.9214315855884275 1219
1633984639692 0.922280096143572 1220
1633984683220 0.9210382452034611 1221
1633984727065 0.9207810051915717 1222
1633984768524 0.9215252223345372 1223
1633984810143 0.919888550619115 1224
1633984851284 0.92529148751883 1225
1633984892460 0.9210940714692676 1226
1633984933329 0.9205542397471657 1227
1633984974476 0.9209083817019204 1228
1633985016188 0.9225884659740026 1229
1633985057834 0.9255823294761731 1230
1633985099473 0.9201945884647434 1231
1633985140817 0.9221653174885877 1232
1633985182378 0.921228211756212 1233
1633985224217 0.9216724722278445 1234
1633985266493 0.9216651877148793 1235
1633985307242 0.9193279405927636 1236
1633985349210 0.9239274796406742 1237
1633985390967 0.9227085007499461 1238
1633985432220 0.9199134399868844 1239
1633985477744 0.9207027740634187 1240
1633985519147 0.9246667363034754 1241
1633985560777 0.9229532407111423 1242
1633985603016 0.9171812244556529 1243
1633985649112 0.9232754366580805 1244
1633985690439 0.9211827277965963 1245
1633985740058 0.9183791568195279 1246
1633985784962 0.9199785376621101 1247
1633985826736 0.9181403916782037 1248
1633985867707 0.9194051605799108 1249
1633985915017 0.922666856272583 1250
1633985956998 0.9236361065855242 1251
1633985998751 0.9195856556360464 1252
1633986040849 0.9226225842416295 1253
1633986082023 0.9198967589161412 1254
1633986124829 0.9226329400520527 1255
1633986166016 0.9210021478218817 1256
1633986209410 0.9166138587860836 1257
1633986250527 0.9165821078638424 1258
1633986294067 0.922253881634146 1259
1633986338382 0.9222280261350305 1260
1633986380542 0.9178238868656722 1261
1633986422269 0.9197568482919071 1262
1633986463426 0.9198130272698136 1263
1633986504732 0.9254393416372325 1264
1633986547100 0.9218740819449033 1265
1633986588630 0.9209795591404484 1266
1633986630444 0.9182796176318418 1267
1633986672182 0.9231251946854252 1268
1633986718835 0.9219800644686342 1269
1633986760866 0.9203731700888069 1270
1633986803820 0.9223805530326308 1271
1633986845065 0.9239038280843637 1272
1633986887529 0.9239879278214423 1273
1633986932140 0.9232238840466529 1274
1633986977313 0.9229304300695446 1275
1633987019150 0.9225193282827823 1276
1633987060859 0.9203782097834912 1277
1633987101844 0.9210024886549241 1278
1633987143308 0.9155951068736161 1279
1633987187631 0.9182295174540165 1280
1633987229270 0.9187390856785522 1281
1633987271250 0.9235187248389398 1282
1633987312598 0.9224185604485263 1283
1633987354185 0.9226303679523565 1284
1633987395926 0.9215583683988475 1285
1633987437254 0.9226992670042261 1286
1633987479928 0.9227149257839121 1287
1633987521410 0.9234654043447518 1288
1633987563034 0.9213959123833748 1289
1633987604654 0.9214524549002362 1290
1633987646324 0.9208297892785342 1291
1633987687960 0.9234156082865733 1292
1633987730002 0.918774285452308 1293
1633987771364 0.9204661483695725 1294
1633987815104 0.9215569351891084 1295
1633987856514 0.9234308122363294 1296
1633987899227 0.9207929974460205 1297
1633987941178 0.9231284919615553 1298
1633987982847 0.9245892195085852 1299
1633988026906 0.9193303409841651 1300
1633988068812 0.9226215052400025 1301
1633988110639 0.9189935134399436 1302
1633988152217 0.9237790365231363 1303
1633988195927 0.9213821611338466 1304
1633988238228 0.9182867183536811 1305
1633988280190 0.9239924803666467 1306
1633988322542 0.9215932824066849 1307
1633988364262 0.9214366587806117 1308
1633988406074 0.9200965784620021 1309
1633988448714 0.9171070916400257 1310
1633988490605 0.9213117094511694 1311
1633988532168 0.9230278390519657 1312
1633988573636 0.9227760824982351 1313
1633988618120 0.9239336568232093 1314
1633988659310 0.9237825755584234 1315
1633988701831 0.9201008343058666 1316
1633988747602 0.923142963940657 1317
1633988789990 0.9228176575610499 1318
1633988831863 0.9259183595514164 1319
1633988876232 0.9223109155404874 1320
1633988918496 0.9213250906266028 1321
1633988960659 0.9199079825564479 1322
1633989002578 0.9178447851066557 1323
1633989044556 0.9209602543710097 1324
1633989086469 0.91838118368449 1325
1633989128612 0.9185747748465635 1326
1633989170518 0.9175820955600026 1327
1633989212968 0.9216028336228677 1328
1633989254667 0.9205209119675226 1329
1633989296481 0.9255685164386023 1330
1633989338311 0.9217830922730338 1331
1633989380043 0.9220035271897165 1332
1633989422095 0.9192037216216706 1333
1633989464740 0.9189045108914644 1334
1633989506828 0.9173864394654009 1335
1633989548723 0.918750847780785 1336
1633989590988 0.9217307091077114 1337
1633989632833 0.9231947277952973 1338
1633989675508 0.9210394272897319 1339
1633989721407 0.9203423135892203 1340
1633989763823 0.9211337544117453 1341
1633989805955 0.9185535087024079 1342
1633989848674 0.9202217519926563 1343
1633989891146 0.9216431636816885 1344
1633989933328 0.9231540388845836 1345
1633989976108 0.9223187315131308 1346
1633990018148 0.9188654094936208 1347
1633990060745 0.9218288110812114 1348
1633990103217 0.9226654562753728 1349
1633990145434 0.9235816431436152 1350
1633990188072 0.9209652544425829 1351
1633990230998 0.9183322726392414 1352
1633990273584 0.9184350313555522 1353
1633990316181 0.9232235164036767 1354
1633990358446 0.9234367268373617 1355
1633990400334 0.9236494374703362 1356
1633990442917 0.9203279534753088 1357
1633990484459 0.9241578850063883 1358
1633990528114 0.9198991582463039 1359
1633990573864 0.9230050137918353 1360
1633990617124 0.9234980987150408 1361
1633990659723 0.9238305251396676 1362
1633990702285 0.9251573952070632 1363
1633990744876 0.920620672945956 1364
1633990787513 0.9215503268224368 1365
1633990830246 0.9214844849935725 1366
1633990872601 0.9231077275665205 1367
1633990916208 0.9175594615236776 1368
1633990958579 0.9209262649405312 1369
1633991001093 0.9221087176756241 1370
1633991043334 0.9204553199915688 1371
1633991085528 0.9208493792140154 1372
1633991127790 0.9235764090852334 1373
1633991170166 0.9228713899035361 1374
1633991212516 0.9237017013384079 1375
1633991254582 0.9216417683571334 1376
1633991296973 0.9218664573715729 1377
1633991339609 0.9217311518002225 1378
1633991381838 0.9197642148004409 1379
1633991426989 0.922522826177135 1380
1633991470093 0.9238993212718338 1381
1633991512784 0.9203717924866828 1382
1633991555111 0.9211804798994276 1383
1633991597408 0.9235956833304569 1384
1633991640066 0.9203438963224863 1385
1633991682664 0.9222331396247764 1386
1633991724803 0.9184856422233102 1387
1633991768959 0.923181001096493 1388
1633991811408 0.9219335806282191 1389
1633991854906 0.922244986526821 1390
1633991896912 0.9178788996840815 1391
