1633940992161 0.7092066650871652 1
1633941022187 0.8254721349250379 2
1633941053025 0.8866953627872519 3
1633941084062 0.9256542097888935 4
1633941114973 0.9345346068432803 5
1633941145863 0.93835556964992 6
1633941177147 0.9564570554326788 7
1633941208089 0.9419351028564574 8
1633941237963 0.9377061717433908 9
1633941269231 0.9620834234287442 10
1633941300084 0.9652625113833312 11
1633941330682 0.9494486477099948 12
1633941360776 0.9590603874963136 13
1633941392283 0.9631236965034216 14
1633941423149 0.9728374559944112 15
1633941454518 0.9640304446916319 16
1633941484337 0.9721445124080434 17
1633941515463 0.9641143265002837 18
1633941545504 0.9620249879101724 19
1633941578463 0.9563125218637957 20
1633941608027 0.959551692418306 21
1633941637573 0.9720369541734832 22
1633941668531 0.9712433458898451 23
1633941698252 0.9642226608743021 24
1633941728006 0.973457941996042 25
1633941759036 0.969081835410014 26
1633941788446 0.972295287303465 27
1633941818344 0.966046129730852 28
1633941848057 0.9675114802994033 29
1633941877865 0.9746905460992911 30
1633941909124 0.9654412317140327 31
1633941938752 0.9563500014678337 32
1633941968339 0.971961741454884 33
1633941997793 0.974223236902424 34
1633942027333 0.9802174396304032 35
1633942058459 0.9607666228151576 36
1633942088227 0.9733289617071573 37
1633942117831 0.9643100996624114 38
1633942147567 0.9751310846359785 39
1633942181108 0.9735284228407737 40
1633942211026 0.9678769787950899 41
1633942240703 0.9649716918027499 42
1633942270563 0.9719963050527524 43
1633942300310 0.9752679901903415 44
1633942330382 0.9691223138365127 45
1633942360390 0.9754765805915161 46
1633942390296 0.9777387716156847 47
1633942421199 0.9692079562436218 48
1633942451027 0.9726373458415782 49
1633942482298 0.975032788987128 50
1633942512247 0.9674241074557849 51
1633942542247 0.9701793858893052 52
1633942571894 0.9595079530501154 53
1633942601939 0.9690644580047936 54
1633942631878 0.9776824923467431 55
1633942661743 0.9733879109773053 56
1633942693003 0.9688382206309123 57
1633942722947 0.9686728101755566 58
1633942752826 0.9618843036154263 59
1633942785549 0.9755882937229953 60
1633942815355 0.9716110572281158 61
1633942845304 0.9757647837905915 62
1633942876940 0.9718729507169628 63
1633942906983 0.9788814401270827 64
1633942937040 0.976155976305617 65
1633942968511 0.9772521262403474 66
1633942998729 0.9691403937453995 67
1633943028426 0.9718342247633317 68
1633943058522 0.9688879817396778 69
1633943088409 0.9720755790964654 70
1633943118471 0.973561185585033 71
1633943148287 0.9795795938068083 72
1633943179704 0.9733589597334927 73
1633943209658 0.9723125464892908 74
1633943239677 0.9764477691544275 75
1633943270061 0.9659186002361339 76
1633943300127 0.9712216961770278 77
1633943330313 0.9762739456554662 78
1633943360370 0.9692954965377818 79
1633943393688 0.9790543990683224 80
1633943425617 0.97072333396361 81
1633943455720 0.9742669406205057 82
1633943486141 0.9739714695840145 83
1633943516250 0.9725407956704789 84
1633943546943 0.9731870436131537 85
1633943577536 0.9675840184929035 86
1633943607599 0.9690975152997499 87
1633943637872 0.9708967821425633 88
1633943668176 0.9779138086920312 89
1633943698350 0.9747596066470815 90
1633943728557 0.9745801688362995 91
1633943758593 0.9794446666788297 92
1633943788671 0.9766099757174502 93
1633943820232 0.9733295069227732 94
1633943850313 0.9717884642006601 95
1633943880374 0.9773714633281919 96
1633943910589 0.9780476100798593 97
1633943940832 0.9697156665871418 98
1633943970883 0.971234837386243 99
1633944003894 0.9736718052812581 100
1633944034121 0.9766613996317569 101
1633944064774 0.9714245693676745 102
1633944095088 0.9733497352885271 103
1633944125240 0.9706592979309345 104
1633944155548 0.9755105888521958 105
1633944185744 0.9745127488309867 106
1633944215979 0.9719417859117282 107
1633944246261 0.9706201780214035 108
1633944276749 0.9703702523828621 109
1633944307225 0.9735603094494988 110
1633944337574 0.9702128156383644 111
1633944367808 0.9720988365011323 112
1633944398354 0.97041820859035 113
1633944428668 0.9748779769058078 114
1633944458817 0.973529429621517 115
1633944489137 0.97312233022186 116
1633944519685 0.9772865267250278 117
1633944551889 0.9775201202875206 118
1633944582234 0.9761487225013856 119
1633944616837 0.978538852403889 120
1633944648125 0.9736323663305789 121
1633944679103 0.9720129271713659 122
1633944710258 0.9750881641491862 123
1633944741613 0.9748798170341536 124
1633944773283 0.9768514427456508 125
1633944804430 0.9694973048220712 126
1633944835210 0.9760775189679618 127
1633944866284 0.9745008209814635 128
1633944897482 0.9807071168308623 129
1633944928623 0.9748579758640843 130
1633944960053 0.9731177166214575 131
1633944991265 0.9794298494138421 132
1633945022472 0.9758428579043827 133
1633945053653 0.9783592198595806 134
1633945084901 0.9796477659129631 135
1633945116216 0.9720477204071958 136
1633945148391 0.9788552298670385 137
1633945183440 0.9768649209203467 138
1633945214676 0.9774065057460125 139
1633945248605 0.9780975863642654 140
1633945282574 0.9732093525504079 141
1633945314040 0.9760933603153498 142
1633945345400 0.9764518102096897 143
1633945377071 0.9815184699525259 144
1633945407989 0.9768516230289062 145
1633945439404 0.9749292179465635 146
1633945470417 0.975871590852778 147
1633945501463 0.9754500037266842 148
1633945533087 0.973606698824791 149
1633945564524 0.9743061991392089 150
1633945595576 0.977936358634955 151
1633945626524 0.9759245471005445 152
1633945659809 0.9752982778652934 153
1633945690954 0.9798695560013748 154
1633945723169 0.9698301901031062 155
1633945754474 0.9763347536931638 156
1633945785759 0.9730252045749248 157
1633945817008 0.9775940960656384 158
1633945848151 0.974480519924792 159
1633945882892 0.9779908222234658 160
1633945914880 0.9708470939393573 161
1633945946251 0.9809336969759549 162
1633945977655 0.9746026191595653 163
1633946009226 0.9745206622855188 164
1633946040676 0.9749730468549304 165
1633946072003 0.9812510657676322 166
1633946103228 0.9751062462030592 167
1633946135202 0.9754404317805302 168
1633946166420 0.9753425894945023 169
1633946197732 0.9704302229433382 170
1633946228692 0.9791437328123467 171
1633946260008 0.9757504772794188 172
1633946292161 0.9775962217331864 173
1633946323375 0.974175725001168 174
1633946354773 0.9733527039015278 175
1633946386292 0.9778366195901576 176
1633946417721 0.9719251891519226 177
1633946449120 0.9748326972547444 178
1633946481063 0.9751867577522186 179
1633946515002 0.9773114204721948 180
1633946546473 0.9700330082340135 181
1633946578327 0.9782088039656482 182
1633946609709 0.9739838577814007 183
1633946641695 0.9787231678715163 184
1633946673498 0.9768924763938481 185
1633946704885 0.9783471558769896 186
1633946736504 0.9770538296888461 187
1633946768021 0.9768034849250388 188
1633946800508 0.9761959721728171 189
1633946832124 0.975849653730872 190
1633946863508 0.9669957781783085 191
1633946895008 0.977635555798723 192
1633946926798 0.9750832048857365 193
1633946958539 0.9715444345807847 194
1633946990053 0.979261591921299 195
1633947021461 0.9750804614491285 196
1633947053641 0.9779140717920789 197
1633947085040 0.9754127834588937 198
1633947117351 0.9775619669511114 199
1633947151810 0.9761939532657933 200
1633947183330 0.9793062034012271 201
1633947214668 0.9791415259200941 202
1633947246284 0.9793326967433155 203
1633947278101 0.9790294052667382 204
1633947309451 0.9772589872147108 205
1633947341144 0.9672969470794779 206
1633947372400 0.9724077603538627 207
1633947404149 0.9770888837516954 208
1633947435892 0.9749804959884635 209
1633947467383 0.9749845939239962 210
1633947498694 0.9762963707350838 211
1633947530200 0.9757779476954728 212
1633947561681 0.9764862561499593 213
1633947593084 0.9770139963995839 214
1633947624539 0.980562904028367 215
1633947656188 0.9736631064037056 216
1633947687643 0.9758867786623842 217
1633947719270 0.9760588520892545 218
1633947750851 0.9779347665959304 219
1633947785215 0.9790415008522553 220
1633947816606 0.975727451811836 221
1633947851426 0.972411130804437 222
1633947883356 0.9763273512724074 223
1633947915139 0.9754246422315404 224
1633947946920 0.9793074048043259 225
1633947978650 0.9743819631646843 226
1633948010215 0.9750438480546514 227
1633948042136 0.9758364069575036 228
1633948074055 0.9732929389670697 229
1633948105944 0.9757597080956231 230
1633948137861 0.9795990235836474 231
1633948172096 0.9792142585960026 232
1633948204480 0.9776023771424871 233
1633948235761 0.9758386271146211 234
1633948267253 0.97567138492761 235
1633948298917 0.9784028261022372 236
1633948330703 0.9760840873141011 237
1633948362856 0.9771039547305218 238
1633948394249 0.9795130893570696 239
1633948428524 0.9789927499681602 240
1633948460298 0.9775287955771118 241
1633948491974 0.9756757218295617 242
1633948523737 0.9767464219785992 243
1633948556620 0.9786024946217047 244
1633948592721 0.9779384209836053 245
1633948629073 0.9773364276954142 246
1633948662886 0.9756960004663614 247
1633948697276 0.9756887092048653 248
1633948730631 0.9761687579109667 249
1633948763110 0.9783751070170936 250
1633948796081 0.9793451287938171 251
1633948830237 0.9757120092674437 252
1633948865075 0.9751372487532822 253
1633948897680 0.9724120681092759 254
1633948929854 0.9796725878091208 255
1633948962004 0.9802962465630627 256
1633948993957 0.9792321490289008 257
1633949025908 0.9733433200149589 258
1633949058072 0.9784430644926619 259
1633949092979 0.9749352600706784 260
1633949124914 0.9771705740145511 261
1633949157505 0.9732270568120867 262
1633949189964 0.9768380671718088 263
1633949222472 0.9802595527498272 264
1633949254907 0.9793266556018962 265
1633949287165 0.977032045971877 266
1633949319257 0.9792946419198862 267
1633949351380 0.9767277257277595 268
1633949383528 0.9804905614013193 269
1633949415409 0.9757527773975898 270
1633949447487 0.977598975041553 271
1633949479380 0.973211391126162 272
1633949511552 0.9776755132757732 273
1633949543549 0.9758222606868341 274
1633949575977 0.9754869564002772 275
1633949608539 0.9769339596863631 276
1633949640792 0.9770405449846721 277
1633949672860 0.9782365291305294 278
1633949704651 0.9738234965304162 279
1633949740107 0.9809240062323275 280
1633949772613 0.976617602188254 281
1633949804869 0.9775298512626229 282
1633949837850 0.9742683864957447 283
1633949870440 0.9796463571670734 284
1633949902559 0.9814033228791401 285
1633949934745 0.9773216309686626 286
1633949967107 0.9758048081975071 287
1633949999588 0.9786231975797133 288
1633950032516 0.9787187923958506 289
1633950064872 0.9751813920213137 290
1633950097135 0.9761998345251807 291
1633950129147 0.975206693003987 292
1633950161781 0.9794457365325686 293
1633950194336 0.9796942930220235 294
1633950227129 0.9784342422109892 295
1633950259652 0.9793719272084345 296
1633950291958 0.9735838669700525 297
1633950324227 0.977523493395768 298
1633950356293 0.9787339204028201 299
1633950391701 0.9777937782470237 300
1633950424348 0.9760126987447042 301
1633950456744 0.9764225827365538 302
1633950489355 0.9781625017837221 303
1633950521841 0.9758224290728396 304
1633950554826 0.9748013469446185 305
1633950588076 0.9776180830561166 306
1633950620813 0.9766191693729577 307
1633950652998 0.9798405532602741 308
1633950685469 0.9788719629560537 309
1633950718151 0.9783792584496005 310
1633950750767 0.9784640755483919 311
1633950783531 0.9780176211537147 312
1633950816168 0.979371031055529 313
1633950849243 0.9783358618676645 314
1633950881702 0.9724803292624723 315
1633950914701 0.9775913080949546 316
1633950947136 0.9802582810852017 317
1633950979774 0.9778734090927315 318
1633951012055 0.9804682120298286 319
1633951047450 0.9762866809397545 320
1633951080192 0.9758138196380624 321
1633951112598 0.9787325724082238 322
1633951145111 0.9772008122427336 323
1633951178050 0.9734428778258053 324
1633951211515 0.9745347473253876 325
1633951244191 0.9758423120068114 326
1633951277005 0.9789189549429393 327
1633951309767 0.9765227034657062 328
1633951342560 0.9770293375236297 329
1633951375355 0.9757837416477333 330
1633951408147 0.9768082152337844 331
1633951440949 0.9769466111209967 332
1633951473854 0.9785284277632417 333
1633951506891 0.9787993018808561 334
1633951539591 0.979911005830673 335
1633951572250 0.9775860528101881 336
1633951605154 0.9781329716575793 337
1633951638198 0.9766115189121559 338
1633951671359 0.9780981719952286 339
1633951706781 0.9768115121389421 340
1633951739604 0.9772832671490486 341
1633951772852 0.9775131875150552 342
1633951805970 0.9740682417659183 343
1633951838991 0.9791478942101026 344
1633951872648 0.977584651588971 345
1633951906033 0.9751597445248216 346
1633951938606 0.9776594566490651 347
1633951971524 0.9776491053081307 348
1633952004216 0.9745486442514495 349
1633952037205 0.9798344932536536 350
1633952073601 0.9778382658537855 351
1633952107071 0.9749826516242721 352
1633952140059 0.9790537152012703 353
1633952177580 0.9797963778565022 354
1633952211064 0.9754316240599389 355
1633952243911 0.978096895206475 356
1633952276719 0.9812058571541983 357
1633952309481 0.9775913680395857 358
1633952342618 0.9778029230261794 359
1633952378630 0.977792781993293 360
1633952411849 0.9776210990532888 361
1633952444987 0.9786011311294994 362
1633952478666 0.9763886815441849 363
1633952511557 0.9773972633751483 364
1633952546692 0.9775873405377167 365
1633952579661 0.9764454420637606 366
1633952612555 0.9781308613545908 367
1633952645373 0.9759421196994531 368
1633952678127 0.9755429614920977 369
1633952711057 0.979813198421826 370
1633952744401 0.9793297382496867 371
1633952777657 0.9798436977933851 372
1633952810831 0.9781803646729941 373
1633952844318 0.9767916824494716 374
1633952877564 0.972039622920401 375
1633952911164 0.9804758546007023 376
1633952944457 0.9782725240916872 377
1633952977540 0.9777278181926304 378
1633953011302 0.9782959838819097 379
1633953052585 0.9779998679924923 380
1633953088450 0.9790469171870273 381
1633953125912 0.9788800149196741 382
1633953159737 0.9786863687982632 383
1633953192918 0.9804483838740141 384
1633953226708 0.9764166603990502 385
1633953261540 0.9809807672240628 386
1633953295907 0.977240288716937 387
1633953329927 0.9774188343268303 388
1633953362740 0.9787829899769285 389
1633953395673 0.9787832965193225 390
1633953428814 0.9793842443225368 391
1633953462433 0.9798410116763961 392
1633953510362 0.9768116831987844 393
1633953544484 0.9812780409503288 394
1633953577968 0.9760619213980721 395
1633953611376 0.9782725978145693 396
1633953648281 0.9790632386482656 397
1633953686172 0.9767739815026563 398
1633953720497 0.9797598245800522 399
1633953759383 0.9794477794966598 400
1633953794963 0.9778097564722005 401
1633953830362 0.9746471183850303 402
1633953865596 0.9745548515082452 403
1633953900689 0.982059397976377 404
1633953933911 0.9780840503037209 405
1633953967728 0.9755671620490486 406
1633954001607 0.9796448951384831 407
1633954034661 0.9780149262925971 408
1633954068066 0.976524267843817 409
1633954106178 0.9791593599606644 410
1633954140200 0.9798258485532123 411
1633954173159 0.9799237019580246 412
1633954206299 0.9801802538467074 413
1633954239563 0.9769458672327759 414
1633954273232 0.9751010398156135 415
1633954306819 0.9818694401592033 416
1633954340194 0.9803957335278873 417
1633954373593 0.9794826531472819 418
1633954406799 0.9787700289951138 419
1633954442695 0.9766981574071684 420
1633954476209 0.9780158762519806 421
1633954509434 0.9790873000499487 422
1633954542864 0.978160098745103 423
1633954576716 0.9802063943395307 424
1633954610261 0.9778194389308088 425
1633954643216 0.9809699343166673 426
1633954676828 0.9802794967460653 427
1633954710565 0.9788438610448552 428
1633954743911 0.9789330504373266 429
1633954777358 0.976526959204474 430
1633954811308 0.9795240294460347 431
1633954844534 0.9772699245319619 432
1633954877865 0.9782956325553145 433
1633954911397 0.9778314117181756 434
1633954944804 0.9781044680711302 435
1633954978457 0.9775665223507344 436
1633955011758 0.9772194050611448 437
1633955045388 0.9797390510726468 438
1633955078720 0.979862653415201 439
1633955114890 0.9806432554990913 440
1633955148585 0.978443793693005 441
1633955182195 0.9791279811955445 442
1633955215625 0.9807513176641152 443
1633955249421 0.9786762534765451 444
1633955283186 0.9787017474371377 445
1633955316812 0.9767983930357227 446
1633955350297 0.9802062972697191 447
1633955387341 0.9788397551835805 448
1633955420831 0.9798692569514936 449
1633955454363 0.9792859259439372 450
1633955488165 0.9774450526355615 451
1633955521420 0.9800103854831103 452
1633955555103 0.9780615773119955 453
1633955588736 0.9769905105693558 454
1633955622153 0.9791560277433334 455
1633955659332 0.9819398965124939 456
1633955693563 0.9767345471662936 457
1633955726788 0.9767076190536974 458
1633955760195 0.9791912849644112 459
1633955796479 0.9771631849683062 460
1633955830361 0.9789420470777317 461
1633955863849 0.9788167000148462 462
1633955897443 0.9790386025652982 463
1633955931024 0.9781630942870485 464
1633955964925 0.9787762146457772 465
1633955998688 0.9798343711944635 466
1633956032340 0.978229389707206 467
1633956066742 0.9804319166980616 468
1633956100658 0.9779211438630883 469
1633956134221 0.9797878821405621 470
1633956167971 0.980751413616663 471
1633956201717 0.9786723539098436 472
1633956236133 0.9751711768708011 473
1633956270027 0.978666049869669 474
1633956303517 0.9784295200559087 475
1633956337295 0.9826882377114348 476
1633956370947 0.9781127911109991 477
1633956404423 0.9792453661468307 478
1633956438697 0.980673928942446 479
1633956475193 0.9759335730539737 480
1633956509151 0.9734482437638298 481
1633956543014 0.9793154929695141 482
1633956577266 0.9800525553741584 483
1633956610971 0.9793410166226028 484
1633956644545 0.979525167736937 485
1633956678379 0.9807210107896775 486
1633956712087 0.9789032293010861 487
1633956746160 0.9798269756252243 488
1633956780121 0.9782356551416199 489
1633956813827 0.9793266941087486 490
1633956847716 0.978678635785793 491
1633956881629 0.9787711456482742 492
1633956915808 0.9803830412866983 493
1633956949391 0.9757860205909017 494
1633956983328 0.9782111894185512 495
1633957017783 0.9758053059275575 496
1633957051678 0.9798300233210835 497
1633957085372 0.9788493668983866 498
1633957119615 0.9806314920044974 499
1633957156696 0.9789027834389715 500
1633957190920 0.9808267379347669 501
1633957225044 0.9794411464648266 502
1633957258887 0.9797502853971202 503
1633957293237 0.9802181442153611 504
1633957327365 0.9777360470224263 505
1633957361630 0.975715504153533 506
1633957395355 0.9776929199939955 507
1633957429488 0.9796328431453355 508
1633957468265 0.9805272985922358 509
1633957506735 0.9797416523686024 510
1633957541542 0.9788389795500978 511
1633957575665 0.9811589149646534 512
1633957609493 0.9778994491327584 513
1633957643819 0.9799117497185754 514
1633957678370 0.9797036717483119 515
1633957712315 0.9781140496537385 516
1633957746068 0.979054273865014 517
1633957780919 0.976010697233075 518
1633957815113 0.9769181614712115 519
1633957851886 0.9777412237358201 520
1633957886380 0.9783869818284948 521
1633957920876 0.979740005712437 522
1633957955236 0.9792371318288856 523
1633957989713 0.9780095383207641 524
1633958023824 0.9796330957595889 525
1633958057772 0.9786859262001893 526
1633958092544 0.9803954897939564 527
1633958126595 0.9794347298841395 528
1633958160692 0.9772041934769026 529
1633958194913 0.9776335157800202 530
1633958229140 0.9781813774892693 531
1633958263523 0.9794944637666123 532
1633958297867 0.9781693400963541 533
1633958332336 0.9797933709736655 534
1633958366739 0.9784906312668268 535
1633958401103 0.977445376022368 536
1633958435822 0.9775014829554178 537
1633958470419 0.9778001201996749 538
1633958504392 0.9786956878670887 539
1633958541566 0.978811818661102 540
1633958575896 0.9809380267247998 541
1633958610562 0.9811065958017949 542
1633958645360 0.9768379045302445 543
1633958679520 0.9815942723957628 544
1633958713850 0.9779662660180022 545
1633958748473 0.9810010667843178 546
1633958783054 0.9776663075719509 547
1633958817461 0.9784169816124214 548
1633958852320 0.9768858769923678 549
1633958886937 0.9811109873648606 550
1633958921343 0.9795197010846961 551
1633958956077 0.9772374952096221 552
1633958990495 0.9792746472125605 553
1633959024775 0.9790766261200644 554
1633959059169 0.978822406067047 555
1633959093880 0.9801861970858554 556
1633959128604 0.9794523623013223 557
1633959163112 0.9791764448859183 558
1633959197224 0.9783508344497129 559
1633959234919 0.9810401436024074 560
1633959269503 0.9803438171542017 561
1633959304032 0.9800144352502019 562
1633959338516 0.9814880848869522 563
1633959372905 0.9804391194847208 564
1633959407278 0.9784119217584383 565
1633959441780 0.9753898533535513 566
1633959476385 0.9811883655597923 567
1633959511204 0.981663077011648 568
1633959545820 0.9791848885695681 569
1633959580699 0.9791850388498902 570
1633959615030 0.9789010222594737 571
1633959649378 0.9794846171749353 572
1633959684679 0.9798121577497985 573
1633959719647 0.98082240105495 574
1633959754105 0.9797082227800015 575
1633959789054 0.9810384351281973 576
1633959823600 0.9842328286096514 577
1633959858355 0.9817753158541098 578
1633959893188 0.9773819217687217 579
1633959930532 0.9805728360788045 580
1633959965284 0.9809581987675057 581
1633960000117 0.9808022414946655 582
1633960034691 0.9813591528159792 583
1633960069446 0.9808867260423616 584
1633960104710 0.9777049541804715 585
1633960139574 0.981495387394888 586
1633960174231 0.9802021135426721 587
1633960208978 0.9789721180262687 588
1633960244029 0.9812609898099293 589
1633960278910 0.9808841572794075 590
1633960313921 0.9810683036669622 591
1633960348802 0.979462695907499 592
1633960384052 0.9811403278936828 593
1633960419433 0.982181244042461 594
1633960454147 0.9823161914773366 595
1633960488617 0.9809668153321507 596
1633960523555 0.9757821886471186 597
1633960558215 0.9812853680501292 598
1633960593440 0.9788362383772353 599
1633960631130 0.9777077975780589 600
1633960666349 0.9802634761064205 601
1633960701537 0.9812073982629541 602
1633960736752 0.9799557490498019 603
1633960772200 0.9802478626535505 604
1633960807130 0.9801168313733568 605
1633960842234 0.9803591741857475 606
1633960877262 0.9772539338476026 607
1633960911967 0.978960132853108 608
1633960947293 0.9800746043408973 609
1633960983013 0.9771550927755384 610
1633961017937 0.980358693474594 611
1633961053326 0.9822745418167285 612
1633961088699 0.9806191875804923 613
1633961123926 0.9819896882897131 614
1633961159343 0.98057931735499 615
1633961194410 0.9795294614311799 616
1633961229268 0.9818185715647337 617
1633961264492 0.978724544914704 618
1633961299732 0.9774405275365943 619
1633961337743 0.9786469417442568 620
1633961373347 0.9780904378042076 621
1633961408338 0.9796917983617075 622
1633961443379 0.9817423482398308 623
1633961478638 0.9783007151845217 624
1633961514008 0.980175460878355 625
1633961549204 0.9772802315929806 626
1633961584517 0.98077020863672 627
1633961619696 0.9801921901857762 628
1633961655161 0.9792664299550105 629
1633961694940 0.9806797001270691 630
1633961735201 0.9795435428434935 631
1633961770995 0.9806890082292767 632
1633961806236 0.9808381261706708 633
1633961853193 0.9816232903774459 634
1633961901911 0.9810614718449329 635
1633961937153 0.9767276621361836 636
1633961972587 0.9784434243059613 637
1633962007777 0.9814887804809307 638
1633962042996 0.9816614356672493 639
1633962081038 0.9791635112784842 640
1633962116623 0.9796068049906175 641
1633962152632 0.9818030823516218 642
1633962190298 0.9803967731739901 643
1633962225943 0.9787397074709219 644
1633962260999 0.9823697024348547 645
1633962301273 0.9784474328989163 646
1633962340651 0.9784750099259245 647
1633962376281 0.9811728765896757 648
1633962412446 0.9818605393437386 649
1633962447808 0.9809794752480313 650
1633962482993 0.981930662407739 651
1633962518647 0.9811833192584086 652
1633962554034 0.9786744085990486 653
1633962589171 0.9767654858595137 654
1633962624670 0.9812284106950098 655
1633962659857 0.9797525576038462 656
1633962698215 0.9812077100576599 657
1633962734169 0.9801633640467081 658
1633962769343 0.9806252796891073 659
1633962807492 0.9788100975234506 660
1633962843045 0.9809270602656089 661
1633962878772 0.9801642483733912 662
1633962919982 0.9791567135895458 663
1633962955704 0.980537969275525 664
1633962991333 0.9795106025465552 665
1633963027088 0.9811060116109921 666
1633963062415 0.9786821051951398 667
1633963097944 0.9811798046557131 668
1633963133448 0.9776849136002226 669
1633963169036 0.9783901441150762 670
1633963204634 0.9784350625313873 671
1633963240288 0.9819824437641829 672
1633963275851 0.9777835093332762 673
1633963311515 0.981399316157948 674
1633963346801 0.9797296602224624 675
1633963382792 0.9791724497619988 676
1633963418267 0.9809255904685622 677
1633963453615 0.981660630473945 678
1633963489435 0.9803702002459307 679
1633963527854 0.982632717820127 680
1633963563454 0.9804417526599909 681
1633963598924 0.9811733768529425 682
1633963634747 0.980873751805432 683
1633963670476 0.9810895965594211 684
1633963706171 0.9791514691818625 685
1633963741865 0.9797286385382952 686
1633963778005 0.9799292736777211 687
1633963813681 0.9797482845462159 688
1633963850297 0.980743060269732 689
1633963885860 0.9797520997160626 690
1633963921525 0.9813725202847553 691
1633963957549 0.9801903939634374 692
1633963993388 0.9802861648463137 693
1633964029520 0.9802057159989724 694
1633964065366 0.9800136941492045 695
1633964101280 0.9812801487118408 696
1633964136983 0.9813461038514859 697
1633964173571 0.9790725886957264 698
1633964209623 0.9821547980731611 699
1633964248610 0.980343949158741 700
1633964284685 0.9824059606480332 701
1633964320350 0.9797984403984358 702
1633964357422 0.9793611481476685 703
1633964393676 0.9829754189936518 704
1633964429815 0.9803594955459269 705
1633964465893 0.9821876622131502 706
1633964501569 0.9824521660283092 707
1633964537412 0.9797780494742343 708
1633964573341 0.9812692973507087 709
1633964609416 0.9812663600073143 710
1633964645648 0.9821534220401202 711
1633964681465 0.9782399503273198 712
1633964717473 0.9812003349532794 713
1633964752944 0.9816851783310668 714
1633964789138 0.980117950250738 715
1633964825624 0.9782374970491451 716
1633964861639 0.9825831883289875 717
1633964897119 0.9781757052561786 718
1633964933428 0.980840798520753 719
1633964972613 0.98049098921222 720
1633965008827 0.9796406662702071 721
1633965045040 0.9807043871042348 722
1633965081568 0.9829005922204336 723
1633965117901 0.9804339244555604 724
1633965154428 0.9819549740506377 725
1633965190477 0.9795288146480687 726
1633965226359 0.9807214660317339 727
1633965262707 0.980132266991642 728
1633965298798 0.9810671978409227 729
1633965335202 0.9811081135967554 730
1633965371386 0.9798433404313757 731
1633965407941 0.9799515537721989 732
1633965444103 0.9771746043411119 733
1633965481846 0.9796988506855144 734
1633965517632 0.9795496423581619 735
1633965554392 0.9824577514429167 736
1633965590791 0.9798886364898056 737
1633965627105 0.979064833549654 738
1633965663172 0.9816443941491491 739
1633965702221 0.9809346277979272 740
1633965738615 0.9831212324930914 741
1633965775284 0.9810390135863784 742
1633965811829 0.9794371347189066 743
1633965848386 0.9795330288095591 744
1633965884597 0.9798957963056169 745
1633965920714 0.9819909715842032 746
1633965956993 0.9787243572753156 747
1633965993405 0.9811745168519886 748
1633966029435 0.9798977716693773 749
1633966065810 0.9820409477850492 750
1633966102216 0.9796866426786469 751
1633966138384 0.981489999100035 752
1633966174753 0.9808042547231067 753
1633966210916 0.9801162502999932 754
1633966262013 0.9803022712493936 755
1633966298111 0.9819493053488438 756
1633966335676 0.9824667246607347 757
1633966371936 0.9781652740588075 758
1633966408483 0.9799235993912634 759
1633966447785 0.9811375735898109 760
1633966485804 0.9786825961334014 761
1633966522280 0.9792311084041455 762
1633966560334 0.9810415619843519 763
1633966596836 0.98088902429951 764
1633966633301 0.9801626599934562 765
1633966669728 0.981276797017627 766
1633966706597 0.9790402495046088 767
1633966745063 0.9816378634292865 768
1633966781464 0.9781966101796524 769
1633966818173 0.9820022024095797 770
1633966854765 0.9812206834014295 771
1633966891050 0.9823407567295724 772
1633966928604 0.979979916437676 773
1633966964968 0.9807488143139125 774
1633967001751 0.9813344708230333 775
1633967038628 0.9813047124478907 776
1633967075244 0.9814314166159434 777
1633967111884 0.9815081872217761 778
1633967148535 0.9808246703865716 779
1633967188064 0.9788757093140446 780
1633967225150 0.9804993122287082 781
1633967263252 0.9796539250646149 782
1633967303397 0.9833119256519123 783
1633967340684 0.9815323127321806 784
1633967392234 0.9797836093309944 785
1633967429221 0.9826736534345065 786
1633967466016 0.9804484177939354 787
1633967503448 0.9805940415125153 788
1633967540967 0.9813205702356435 789
1633967577749 0.9768244405208 790
1633967616597 0.9826046810682738 791
1633967659484 0.9802818591603977 792
1633967696770 0.9818296903002819 793
1633967733878 0.9793732620112146 794
1633967777245 0.9801031028992812 795
1633967813683 0.9808464322279404 796
1633967850248 0.9782446354723522 797
1633967890329 0.9820189259308745 798
1633967927041 0.9807190273776275 799
1633967969672 0.9798639127918684 800
1633968007613 0.9809587489624381 801
1633968045209 0.9825481025007975 802
1633968087021 0.9791597967326315 803
1633968124253 0.9792878618989082 804
1633968165006 0.9822498000337332 805
1633968202700 0.9794113697891517 806
1633968239517 0.9820038519841282 807
1633968276359 0.9797018571627656 808
1633968313331 0.9808196854855065 809
1633968350114 0.97926275859244 810
1633968387010 0.9770616781748611 811
1633968424008 0.9803758544431036 812
1633968460769 0.9810033183694479 813
1633968497480 0.9792566448402706 814
1633968534261 0.9814953426749677 815
1633968573897 0.9811256816039028 816
1633968610602 0.9822526093100287 817
1633968650581 0.9815156271716818 818
1633968687368 0.9819390917600561 819
1633968727960 0.9815961096755634 820
1633968766006 0.9803575808409714 821
1633968804641 0.9800359084781594 822
1633968842060 0.9787600236944732 823
1633968879289 0.9792405330895994 824
1633968916416 0.9809154439202035 825
1633968953500 0.9805176571778147 826
1633968990287 0.9816085662369927 827
1633969027852 0.9826090136824385 828
1633969065007 0.9808807001715275 829
1633969102286 0.9802926330334771 830
1633969138868 0.9808837191292612 831
1633969175839 0.9827196651019697 832
1633969212907 0.9798009678861506 833
1633969249957 0.9826039142092218 834
1633969286667 0.9792104705661354 835
1633969323620 0.9800481856313988 836
1633969361095 0.9822846808371223 837
1633969397869 0.9809727612431534 838
1633969434680 0.9801565091428956 839
1633969474227 0.9807773287412423 840
1633969512761 0.9821807791428677 841
1633969550795 0.9801553508646221 842
1633969589021 0.9809831753802408 843
1633969626961 0.9814706687064707 844
1633969664136 0.9796968940393853 845
1633969701591 0.9809960415433462 846
1633969738610 0.9801677457575214 847
1633969775971 0.9794142361019008 848
1633969812880 0.980563059088647 849
1633969850145 0.9797571932602077 850
1633969887184 0.9809244731116293 851
1633969924506 0.9822204589124343 852
1633969961587 0.9803434979662795 853
1633969998847 0.9790153791656016 854
1633970035941 0.9805970367877473 855
1633970075882 0.983947514453826 856
1633970113072 0.980831266531072 857
1633970154813 0.9811314576651616 858
1633970192255 0.9824994935553517 859
1633970231860 0.9821954742073999 860
1633970270150 0.9822106551708514 861
1633970308134 0.9801105224245085 862
1633970345563 0.9805700454732555 863
1633970383687 0.9816035257015641 864
1633970421321 0.9813750830369945 865
1633970459663 0.9825035827852782 866
1633970497107 0.9823337026182284 867
1633970534990 0.9810719376883332 868
1633970572338 0.9812756165465716 869
1633970609683 0.9808871512627129 870
1633970647010 0.981440574443083 871
1633970684377 0.9791540365402713 872
1633970722011 0.9824315810108112 873
1633970765919 0.9822876079665727 874
1633970807156 0.9812092860152909 875
1633970844339 0.982524391456754 876
1633970882648 0.9825324295646576 877
1633970919738 0.9821395550284423 878
1633970959901 0.9814575875087628 879
1633971014557 0.9815765143968207 880
1633971053816 0.9814080720576341 881
1633971092087 0.98095985636793 882
1633971129969 0.981593415117063 883
1633971167827 0.9822917804778467 884
1633971205657 0.9819263163528568 885
1633971243393 0.9799496936252781 886
1633971281067 0.978936253397526 887
1633971318818 0.9807161413421813 888
1633971356486 0.9788315951951185 889
1633971394259 0.9798168389457871 890
1633971431740 0.9824169988258439 891
1633971469612 0.9813742774756176 892
1633971507353 0.9812477677512639 893
1633971544815 0.9806949366790824 894
1633971588557 0.9817333865999329 895
1633971631954 0.9814790782061409 896
1633971669217 0.9841704671727475 897
1633971707101 0.9822129806567528 898
1633971744272 0.981513806973671 899
1633971784791 0.9808378895730383 900
1633971823069 0.9801412714939449 901
1633971860835 0.9802895626872375 902
1633971898971 0.9812946643493944 903
1633971936895 0.9792021415293811 904
1633971974891 0.9795613375843614 905
1633972012361 0.9814218776992407 906
1633972050127 0.9827530564620583 907
1633972088253 0.9811159037972629 908
1633972125910 0.9801258535583718 909
1633972163203 0.9807254404045136 910
1633972201302 0.9813598004891778 911
1633972239272 0.9800447749817571 912
1633972276673 0.9800856219175385 913
1633972314354 0.9802508498089111 914
1633972352255 0.9799403844893718 915
1633972390281 0.9826366265009813 916
1633972427569 0.980270521306717 917
1633972465315 0.9824817131203636 918
1633972506710 0.9812873819035401 919
1633972547669 0.9812652393954288 920
1633972586099 0.9813218960972565 921
1633972627847 0.9824289338701576 922
1633972666345 0.9825161904485145 923
1633972704399 0.9817983340984069 924
1633972742471 0.9810213369979154 925
1633972780257 0.9815834618240634 926
1633972818404 0.9813550345992285 927
1633972855816 0.9791813559510907 928
1633972893956 0.9837916124938761 929
1633972934191 0.9803917199676747 930
1633972971697 0.9810003550853522 931
1633973010009 0.9813568510629711 932
1633973047752 0.982078165495946 933
1633973085888 0.9810223281141857 934
1633973123859 0.9814680030020871 935
1633973161934 0.9815575954020322 936
1633973199700 0.9820721158943296 937
1633973237463 0.9801263042156055 938
1633973275959 0.9806330973842384 939
1633973316716 0.9815580252405837 940
1633973356025 0.9806799590908999 941
1633973394602 0.981567041788141 942
1633973434316 0.981433689775168 943
1633973473165 0.9829933319085238 944
1633973511845 0.9820280495859038 945
1633973550815 0.9816289575083393 946
1633973589021 0.9797668038575595 947
1633973627591 0.9825698256067226 948
1633973666103 0.9810161316213647 949
1633973704069 0.9817392206102282 950
1633973742129 0.9832626900577781 951
1633973779735 0.9824961278647693 952
1633973818496 0.9825374585521892 953
1633973859693 0.982250933882502 954
1633973897835 0.9823145782645295 955
1633973935553 0.9824361419190498 956
1633973973593 0.981372305574616 957
1633974011427 0.9828294959879496 958
1633974050645 0.9818202144927999 959
1633974091670 0.9836307875878673 960
1633974130773 0.9813084532761065 961
1633974169800 0.9809009408882222 962
1633974209086 0.9806675250675291 963
1633974247797 0.9816148435548467 964
1633974286881 0.9828551069905082 965
1633974326646 0.981391151007537 966
1633974365352 0.9826292146039759 967
1633974403937 0.9813346233735403 968
1633974443748 0.9820681017023312 969
1633974482460 0.9814334825367137 970
1633974521074 0.981996588841034 971
1633974559825 0.9834511807053682 972
1633974597979 0.9828494746535233 973
1633974636030 0.9824096385463148 974
1633974674360 0.9824018661735091 975
1633974712736 0.9831943055637825 976
1633974751500 0.982171274572998 977
1633974790238 0.9830848128472525 978
1633974828165 0.9804286288346916 979
1633974872030 0.9820517378871166 980
1633974911788 0.9828787149159436 981
1633974951099 0.9820159779437353 982
1633974990463 0.9830703902742697 983
1633975030259 0.9814581474748116 984
1633975079206 0.982087725790782 985
1633975118210 0.9816804182939863 986
1633975175900 0.9809127238029701 987
1633975214590 0.9831845384156047 988
1633975264349 0.9812387091777349 989
1633975303329 0.9821136774360714 990
1633975342094 0.9798116641778221 991
1633975381139 0.981293796787087 992
1633975419664 0.982010177936052 993
1633975458228 0.9827879833783256 994
1633975511252 0.9823911907823623 995
1633975550101 0.9820271385230323 996
1633975589041 0.9814402151061082 997
1633975627683 0.9813965237461316 998
1633975666180 0.9818852397788034 999
1633975707887 0.9829507541740098 1000
1633975746949 0.9805849804001786 1001
1633975785853 0.9811247892862961 1002
1633975824861 0.9834818870205038 1003
1633975865113 0.9830375292560316 1004
1633975904537 0.9822912240581037 1005
1633975942991 0.9814331407508241 1006
1633975982911 0.9824818970136023 1007
1633976021947 0.9807925679550956 1008
1633976060884 0.9805165408311148 1009
1633976100732 0.9839097653813443 1010
1633976141075 0.9822409767672087 1011
1633976180871 0.9818380915338979 1012
1633976220540 0.9805758083806435 1013
1633976259248 0.9809294582250923 1014
1633976298967 0.97994411387207 1015
1633976337964 0.9819885509763748 1016
1633976377066 0.9813208775588816 1017
1633976416776 0.980893077221529 1018
1633976455885 0.9825543529270354 1019
1633976497714 0.9823436379321757 1020
1633976537162 0.9827559515526245 1021
1633976576693 0.9828779791977951 1022
1633976616331 0.981632153889589 1023
1633976656656 0.9816313910788479 1024
1633976696694 0.9820242866665981 1025
1633976735948 0.9822340547459262 1026
1633976780322 0.9813036678327414 1027
1633976819811 0.9840528357420544 1028
1633976859574 0.9836905541532656 1029
1633976898620 0.9811200765349023 1030
1633976937358 0.9812335543888595 1031
1633976977195 0.9800800300595964 1032
1633977021562 0.9820965558786356 1033
1633977060874 0.9826355162994983 1034
1633977100416 0.981569887122928 1035
1633977139906 0.9819004245571791 1036
1633977178965 0.9816172712480661 1037
1633977219145 0.9816520470837314 1038
1633977259031 0.9825731177397883 1039
1633977301174 0.9821848034240995 1040
1633977341980 0.9816326204159211 1041
1633977381851 0.9828635432777162 1042
1633977421743 0.980822755597947 1043
1633977461090 0.98184549382504 1044
1633977500744 0.9804277168672244 1045
1633977541253 0.9823913821225729 1046
1633977580921 0.9804806794742434 1047
1633977620334 0.983133709907207 1048
1633977659787 0.980833492367013 1049
1633977699285 0.9812977059583085 1050
1633977738223 0.9824103285918647 1051
1633977777857 0.9826033615064395 1052
1633977817898 0.9824779003542067 1053
1633977857409 0.9820863901377058 1054
1633977897748 0.9825609064583953 1055
1633977937438 0.9815158374432031 1056
1633977976828 0.9809653476413337 1057
1633978016096 0.9827273742506676 1058
1633978055073 0.9815760166941261 1059
1633978097343 0.980619467746468 1060
1633978138192 0.9834300391671643 1061
1633978178113 0.981652252179945 1062
1633978217353 0.9821258880282547 1063
1633978258029 0.9824705767497995 1064
1633978298651 0.9826611027489716 1065
1633978338468 0.9818556487509493 1066
1633978378782 0.9810130243844334 1067
1633978420426 0.9829179751275378 1068
1633978460218 0.9823341286795757 1069
1633978499716 0.9800905629585099 1070
1633978540140 0.9817078421958761 1071
1633978580186 0.9809624278648571 1072
1633978621659 0.9798157402938732 1073
1633978661853 0.9797199013652718 1074
1633978701664 0.9820392948569892 1075
1633978741540 0.9813937510733747 1076
1633978781346 0.9814945603400053 1077
1633978821089 0.9816171521551847 1078
1633978861409 0.9831272709594496 1079
1633978904005 0.9813823653349867 1080
1633978944633 0.982072722615412 1081
1633978984632 0.981958545651155 1082
1633979025690 0.9817970074398993 1083
1633979065475 0.9806870646922619 1084
1633979106075 0.9821846431555804 1085
1633979147283 0.9814408305720541 1086
1633979189175 0.9821872439406386 1087
1633979228740 0.981776005479432 1088
1633979268946 0.9818360032983178 1089
1633979308869 0.980900350314203 1090
1633979349510 0.9815270007263764 1091
1633979388645 0.9820065650615067 1092
1633979429502 0.9823607226497031 1093
1633979469539 0.9817902141724889 1094
1633979510096 0.9822882645371839 1095
1633979550923 0.979812943361132 1096
1633979590914 0.9799547159764869 1097
1633979630753 0.9797668287588748 1098
1633979670387 0.9805547935924778 1099
1633979712745 0.9812822122374185 1100
1633979752500 0.9813721433610341 1101
1633979792871 0.9821253896567586 1102
1633979832878 0.9816342062020449 1103
1633979872843 0.9826849011837421 1104
1633979913104 0.9790423026539596 1105
1633979953006 0.9817527459025626 1106
1633979994081 0.9813147218864807 1107
1633980034276 0.9815170174988754 1108
1633980074654 0.9814657970971943 1109
1633980115237 0.9801581959437142 1110
1633980156288 0.9827605959598279 1111
1633980197210 0.9796639958700296 1112
1633980237664 0.9814932684423471 1113
1633980278235 0.9802980362469942 1114
1633980318702 0.9836238685301824 1115
1633980360114 0.9812453704703692 1116
1633980402169 0.9803965930630082 1117
1633980443908 0.9805824385063036 1118
1633980485128 0.9813739728159215 1119
1633980528034 0.9818457108982135 1120
1633980568909 0.9806239444189007 1121
1633980609418 0.9825881713763793 1122
1633980649645 0.9823387905607294 1123
1633980689438 0.9788612117904002 1124
1633980729501 0.9814691585749834 1125
1633980769509 0.9811114673822896 1126
1633980810007 0.9810988064191576 1127
1633980850000 0.9824642832830385 1128
1633980891272 0.9835504152275288 1129
1633980931893 0.9828983001832686 1130
1633980973257 0.9828198861966685 1131
1633981013877 0.98347211945857 1132
1633981054638 0.9808324612689752 1133
1633981094757 0.9829421662815915 1134
1633981135436 0.9819397196064805 1135
1633981175619 0.9826079000106618 1136
1633981218096 0.9818189416793403 1137
1633981257801 0.9826673120989406 1138
1633981298305 0.981974663128979 1139
1633981341284 0.9806115398772814 1140
1633981382860 0.9811933650461298 1141
1633981423410 0.9812338638332635 1142
1633981464568 0.9819497835491856 1143
1633981505277 0.9818448302498988 1144
1633981545465 0.9819460653096204 1145
1633981586215 0.9811877446745849 1146
1633981626931 0.9815562467294747 1147
1633981667384 0.982575729818266 1148
1633981708574 0.9812168901731605 1149
1633981750185 0.9842381939042251 1150
1633981790538 0.9819313667733365 1151
1633981831117 0.9800380972082308 1152
1633981871601 0.9825699499894884 1153
1633981912023 0.9824252645487885 1154
1633981953820 0.9803469249063796 1155
1633981994513 0.9815755484800429 1156
1633982035594 0.9811146076045256 1157
1633982076162 0.980715652476622 1158
1633982117135 0.9818051863787308 1159
1633982160408 0.9811525362352198 1160
1633982202333 0.9810208021279099 1161
1633982242655 0.9808355521978185 1162
1633982283171 0.9819406258269812 1163
1633982323620 0.9816426486537977 1164
1633982363954 0.9814358406483551 1165
1633982404394 0.9828266873608484 1166
1633982444800 0.9810175704142569 1167
1633982486783 0.9827056905581004 1168
1633982527088 0.98097157958929 1169
1633982567722 0.9816176168216254 1170
1633982608445 0.9827480674855886 1171
1633982650025 0.975733164706735 1172
1633982691087 0.980057018518464 1173
1633982732446 0.9805929490862082 1174
1633982772929 0.9831791699747284 1175
1633982816291 0.9813917536688463 1176
1633982857711 0.9825866467711251 1177
1633982899385 0.9831336787341239 1178
1633982939977 0.9830487585711447 1179
1633982983252 0.9827252382768119 1180
1633983025699 0.9841911818351077 1181
1633983066956 0.9830469185953132 1182
1633983107817 0.9818790919613071 1183
1633983148390 0.9815970894003532 1184
1633983189798 0.9815358740754244 1185
1633983230733 0.9821959349064745 1186
1633983272322 0.982238588209214 1187
1633983313401 0.9819669567952602 1188
1633983354133 0.9810678916202149 1189
1633983395782 0.9828072232091152 1190
1633983436958 0.9809707374485327 1191
1633983478306 0.9833015049404753 1192
1633983519021 0.9819063243054303 1193
1633983560837 0.9825871446490063 1194
1633983601568 0.982501247708088 1195
1633983642183 0.9817518877363699 1196
1633983683964 0.9817560338403621 1197
1633983725751 0.9812129482136333 1198
1633983766535 0.9822101961022955 1199
1633983810935 0.982958266732068 1200
1633983852221 0.9827754935997586 1201
1633983893641 0.9811814145304064 1202
1633983935121 0.9824658522092309 1203
1633983976255 0.9810765838581108 1204
1633984016796 0.9824217795180367 1205
1633984058356 0.9810926460725105 1206
1633984099324 0.9810481294941618 1207
1633984140186 0.981612023650918 1208
1633984181822 0.984113102814939 1209
1633984222757 0.981956255545156 1210
1633984263783 0.9826063117785654 1211
1633984305074 0.982563934656976 1212
1633984346933 0.981236359608245 1213
1633984388881 0.9818924300957483 1214
1633984429851 0.9818747161245392 1215
1633984470779 0.9823448274333573 1216
1633984512118 0.9819596279470777 1217
1633984554027 0.9822332832986452 1218
1633984595272 0.9823708092048994 1219
1633984639689 0.9812411556161236 1220
1633984683218 0.9814093982449692 1221
1633984727051 0.9836077737519792 1222
1633984768521 0.9834265876550937 1223
1633984810140 0.982061376035354 1224
1633984851281 0.9805401376870319 1225
1633984892457 0.9831724214580545 1226
1633984933326 0.9827220204894418 1227
1633984974473 0.9820871997388791 1228
1633985016186 0.9820310745975337 1229
1633985057831 0.9822863943695695 1230
1633985099470 0.9834158247228184 1231
1633985140814 0.9817890044210266 1232
1633985182375 0.9817438135793364 1233
1633985224203 0.9830514156573661 1234
1633985266489 0.9819723767328735 1235
1633985307238 0.9830617529877927 1236
1633985349207 0.9822189040675321 1237
1633985390964 0.9838322868018496 1238
1633985432217 0.9818080273312356 1239
1633985477736 0.984468596952147 1240
1633985519145 0.9829602837827387 1241
1633985560765 0.9825790929775653 1242
1633985603010 0.9822206266464746 1243
1633985649107 0.9806580348879301 1244
1633985690436 0.9815744487589461 1245
1633985740052 0.9826080635350273 1246
1633985784954 0.9831859949178129 1247
1633985826734 0.9813398203131183 1248
1633985867704 0.982883955344844 1249
1633985915010 0.9784835107788473 1250
1633985956995 0.9804962979583394 1251
1633985998749 0.9824239196054126 1252
1633986040847 0.9820171462546169 1253
1633986082018 0.983172944097396 1254
1633986124826 0.9823096586972049 1255
1633986166013 0.9796073119516019 1256
1633986209408 0.9840625074100096 1257
1633986250520 0.9849200641173694 1258
1633986294063 0.983085067479422 1259
1633986338363 0.9822003730769461 1260
1633986380539 0.9820632112532143 1261
1633986422267 0.9828939600915253 1262
1633986463423 0.9839321744945042 1263
1633986504730 0.9823295634635376 1264
1633986547093 0.984723161056662 1265
1633986588627 0.9824438772032683 1266
1633986630441 0.9830886146616981 1267
1633986672179 0.9828054600561308 1268
1633986718833 0.9814688244309445 1269
1633986760859 0.9831100407681367 1270
1633986803817 0.9809256671698834 1271
1633986845062 0.983036151665496 1272
1633986887527 0.9826141099317744 1273
1633986932137 0.9834140549632006 1274
1633986977310 0.9823992799298571 1275
1633987019147 0.9830013103435462 1276
1633987060857 0.982601678799046 1277
1633987101841 0.9822820399376138 1278
1633987143305 0.9832110667056426 1279
1633987187622 0.9837710617153508 1280
1633987229267 0.9837100148287734 1281
1633987271246 0.981485911118941 1282
1633987312596 0.9824584549973077 1283
1633987354182 0.9816137572513909 1284
1633987395923 0.9816142930182205 1285
1633987437252 0.9826612916758776 1286
1633987479925 0.9816947791145948 1287
1633987521407 0.9822430826951817 1288
1633987563031 0.9831525215128737 1289
1633987604651 0.9833468871705897 1290
1633987646321 0.9830208123003851 1291
1633987687957 0.9823162699961364 1292
1633987730000 0.9826944156690234 1293
1633987771361 0.9824962365965517 1294
1633987815090 0.9835576431250879 1295
1633987856512 0.9817367765431366 1296
1633987899225 0.9823057918413136 1297
1633987941175 0.9817216570914516 1298
1633987982841 0.9807298221331786 1299
1633988026852 0.981357983732706 1300
1633988068810 0.9807589289362931 1301
1633988110635 0.981760591136754 1302
1633988152214 0.9809877418643719 1303
1633988195888 0.9824164462929392 1304
1633988238225 0.982454479726266 1305
1633988280187 0.980780203358176 1306
1633988322539 0.9807942237676986 1307
1633988364260 0.9817125280143857 1308
1633988406072 0.9815747941957873 1309
1633988448711 0.9826055711006851 1310
1633988490599 0.9825643164671657 1311
1633988532165 0.9815375364674548 1312
1633988573633 0.9832195279369559 1313
1633988618118 0.9821952539658446 1314
1633988659308 0.9814564319772014 1315
1633988701824 0.9829775772109496 1316
1633988747599 0.983008200920959 1317
1633988789988 0.9820640262503529 1318
1633988831860 0.980602088898957 1319
1633988876200 0.9816632797832539 1320
1633988918493 0.9815458991931585 1321
1633988960656 0.9805564702053164 1322
1633989002575 0.9825649482758335 1323
1633989044554 0.9812762430907538 1324
1633989086466 0.9798956977695451 1325
1633989128609 0.9822468458360791 1326
1633989170512 0.9817066341469124 1327
1633989212961 0.9827867069038438 1328
1633989254664 0.9815759954252706 1329
1633989296479 0.9814681452279788 1330
1633989338308 0.981904796550492 1331
1633989380040 0.9802858595378633 1332
1633989422092 0.9825188255020691 1333
1633989464737 0.9817246790673249 1334
1633989506825 0.9826464753488213 1335
1633989548721 0.9813789916533924 1336
1633989590985 0.9822725555774259 1337
1633989632830 0.9831923659969105 1338
1633989675505 0.9833759837968119 1339
1633989721405 0.9833491636837333 1340
1633989763820 0.9822826105093572 1341
1633989805953 0.9822832117758029 1342
1633989848671 0.982261665401361 1343
1633989891143 0.9819246240140252 1344
1633989933325 0.9823000034060557 1345
1633989976105 0.9810260938503248 1346
1633990018146 0.9844010400548503 1347
1633990060742 0.9817765003381058 1348
1633990103214 0.9813353333175762 1349
1633990145431 0.9802106445818157 1350
1633990188069 0.9832829416759331 1351
1633990230995 0.9829867658613913 1352
1633990273582 0.9827857878882129 1353
1633990316178 0.9809487703179531 1354
1633990358443 0.9824571087961594 1355
1633990400331 0.9815148689934684 1356
1633990442914 0.9824470964788345 1357
1633990484457 0.9825892607091947 1358
1633990528112 0.981832462351429 1359
1633990573841 0.9820006833400108 1360
1633990617121 0.9833167951108959 1361
1633990659721 0.9828108505525046 1362
1633990702282 0.9810419070472911 1363
1633990744874 0.9819001484838695 1364
1633990787510 0.9828223719641301 1365
1633990830243 0.9828041962034223 1366
1633990872599 0.9814912366293238 1367
1633990916206 0.9818549862710897 1368
1633990958577 0.9823604204632609 1369
1633991001090 0.9803787634254686 1370
1633991043331 0.9824571467329163 1371
1633991085525 0.9823170701491407 1372
1633991127783 0.9829242022599811 1373
1633991170163 0.9819383915868078 1374
1633991212513 0.9816085233794832 1375
1633991254579 0.9828064518599933 1376
1633991296970 0.9825838465315815 1377
1633991339607 0.9811993751045066 1378
1633991381836 0.9823770538785476 1379
1633991426981 0.9810647845169508 1380
1633991470091 0.9806624061042566 1381
1633991512782 0.9838508189895814 1382
1633991555108 0.9809309838427945 1383
1633991597404 0.9817170824753384 1384
1633991640063 0.9827340627717803 1385
1633991682661 0.9824417469059225 1386
1633991724800 0.9837731813570525 1387
1633991768957 0.9812151857499043 1388
1633991811405 0.9798409916888481 1389
1633991854904 0.9812739443727743 1390
1633991896909 0.9810644260361806 1391
