1633940992537 0.7092066650871652 1
1633941022936 0.8254721349250379 2
1633941053789 0.8866953627872519 3
1633941084849 0.9256542097888935 4
1633941115754 0.9345346068432803 5
1633941146648 0.93835556964992 6
1633941177907 0.9564570554326788 7
1633941238755 0.9377061717433908 9
1633941269999 0.9620834234287442 10
1633941300882 0.9652625113833312 11
1633941361562 0.9590603874963136 13
1633941393057 0.9631236965034216 14
1633941423935 0.9728374559944112 15
1633941485118 0.9721445124080434 17
1633941638489 0.9720369541734832 22
1633941728852 0.973457941996042 25
1633941878990 0.9746905460992911 30
1633942028166 0.9802174396304032 35
1633942148405 0.9751310846359785 39
1633942391189 0.9777387716156847 47
1633942451913 0.9726373458415782 49
1633942662632 0.9733879109773053 56
1633942846290 0.9757647837905915 62
1633942938004 0.976155976305617 65
1633943149239 0.9795795938068083 72
1633943394694 0.9790543990683224 80
1633943789707 0.9766099757174502 93
1633944520708 0.9772865267250278 117
1633944583301 0.9761487225013856 119
1633945149844 0.9788552298670385 137
1633945249805 0.9780975863642654 140
1633945627786 0.9759245471005445 152
1633948139489 0.9795990235836474 231
1633952039270 0.9798344932536536 350
1633953468369 0.9798410116763961 392
1633955352303 0.9802062972697191 447
1633955624309 0.9791560277433334 455
1633957432106 0.9796328431453355 508
1633957470729 0.9805272985922358 509
1633961697641 0.9806797001270691 630
1633961808740 0.9808381261706708 633
1633966213782 0.9801162502999932 754
1633967343842 0.9815323127321806 784
1633967619601 0.9826046810682738 791
1633967737439 0.9793732620112146 794
1633975034005 0.9814581474748116 984
1633975126552 0.9816804182939863 986
1633975462272 0.9827879833783256 994
