1633940989016 0.6666244470156156 0
1633941019194 0.607632496723762 0
1633941050026 0.5815463579618014 0
1633941080987 0.5654997619298788 0
1633941111937 0.553214816405223 0
1633941142830 0.5459250078751491 0
1633941174093 0.5414237077419575 0
1633941205066 0.5350505159451411 0
1633941234939 0.5334725201129913 0
1633941266184 0.5277370287821843 0
1633941297024 0.5251231693304502 0
1633941327608 0.5218779916946704 0
1633941357671 0.5181039021565363 0
1633941389211 0.5166016395275409 0
1633941420082 0.5145699656926669 0
1633941451444 0.5120252939370963 0
1633941481259 0.5097572101996495 0
1633941512379 0.5094026368397933 0
1633941542283 0.5090951328094189 0
1633941572470 0.5057626201556279 0
1633941604883 0.5057384105829092 0
1633941634426 0.5044103516982152 0
1633941665364 0.5029543427320627 0
1633941695087 0.4995913945711576 0
1633941724833 0.49982791726405806 0
1633941755848 0.4986987013083238 0
1633941785278 0.49645522466072667 0
1633941815137 0.49803813374959505 0
1633941844869 0.49448031599705033 0
1633941874650 0.4934368440738091 0
1633941905935 0.49267020775721626 0
1633941935556 0.4923276296028724 0
1633941965100 0.49232749480467575 0
1633941994582 0.4901374550966116 0
1633942024075 0.4898577158267681 0
1633942055199 0.4873590735288767 0
1633942085040 0.48686805092371427 0
1633942114623 0.4869440225454477 0
1633942144342 0.48709993866773754 0
1633942175159 0.48432104220757116 0
1633942207765 0.48357045146135186 0
1633942237469 0.48264654508003824 0
1633942267288 0.4803586162053622 0
1633942297055 0.4796527413221506 0
1633942327079 0.47934285814945515 0
1633942357108 0.4780585834613213 0
1633942387014 0.47657367770488446 0
1633942417950 0.4764927804470062 0
1633942447741 0.476642068532797 0
1633942478979 0.47566010722747215 0
1633942508986 0.47494160120303813 0
1633942538956 0.47426292529472935 0
1633942568620 0.47297788033118615 0
1633942598664 0.4723766684532166 0
1633942628603 0.4722364191825573 0
1633942658474 0.47089945077896117 0
1633942689727 0.468971469769111 0
1633942719684 0.46930029896589426 0
1633942749572 0.4681696823010078 0
1633942779412 0.46796207978175236 0
1633942812031 0.4665017646092635 0
1633942841925 0.46636622089606067 0
1633942873624 0.4653533545824198 0
1633942903672 0.4646986622076768 0
1633942933741 0.46390477143801173 0
1633942965181 0.4634200861820808 0
1633942995367 0.4622683401291187 0
1633943025110 0.4608284959426293 0
1633943055199 0.4601605942616096 0
1633943085090 0.4598980147104997 0
1633943115143 0.4597669991163107 0
1633943144962 0.4598071731053866 0
1633943176241 0.45805925589341384 0
1633943206324 0.4566448495938228 0
1633943236342 0.4563200744298788 0
1633943266579 0.4560974758404952 0
1633943296813 0.4554446211228004 0
1633943326952 0.4536522911145137 0
1633943357061 0.4527182542360746 0
1633943387290 0.4540522332374866 0
1633943422234 0.4530799897817465 0
1633943452356 0.4513837823501 0
1633943482778 0.4505553282224215 0
1633943512871 0.4504688093295464 0
1633943543563 0.4497055145410391 0
1633943574166 0.4487992447156173 0
1633943604225 0.4501296382683974 0
1633943634501 0.44877248452259944 0
1633943664803 0.4469243058791527 0
1633943694981 0.44785603009737457 0
1633943725176 0.44552202362280624 0
1633943755192 0.4447065266279074 0
1633943785307 0.4448947746020097 0
1633943816812 0.44368544129224924 0
1633943846896 0.44228805395273063 0
1633943876961 0.44204991643245406 0
1633943907144 0.4411960092874674 0
1633943937396 0.44044852302624626 0
1633943967470 0.43939833686901975 0
1633943997640 0.4397257928664868 0
1633944030711 0.4389724231683291 0
1633944061306 0.43834972794239335 0
1633944091662 0.43765493356264557 0
1633944121814 0.4369459175146543 0
1633944152103 0.43605644152714657 0
1633944182330 0.4352057544084696 0
1633944212520 0.43513515545771675 0
1633944242799 0.43455792986429653 0
1633944273178 0.43604222123439496 0
1633944303624 0.43399706116089454 0
1633944334154 0.4325419898216541 0
1633944364375 0.43245340173061075 0
1633944394910 0.4318999217106746 0
1633944425191 0.43042542338371276 0
1633944455412 0.43047537024204546 0
1633944485713 0.4301406562328339 0
1633944516255 0.42923769446519705 0
1633944548442 0.42760408979195813 0
1633944578795 0.428639698945559 0
1633944610677 0.42747106735522933 0
1633944644636 0.4264911541571984 0
1633944675609 0.4257971085034884 0
1633944706775 0.425610560637254 0
1633944738137 0.4260461307488955 0
1633944769796 0.4235378861427307 0
1633944800961 0.4241483715864328 0
1633944831729 0.42266622002308185 0
1633944862680 0.4217535477418166 0
1633944893956 0.42102355773632344 0
1633944925108 0.4220417325313275 0
1633944956532 0.4213741279565371 0
1633944987715 0.4202386076633747 0
1633945018998 0.4186313624565418 0
1633945050184 0.4192611799790309 0
1633945081381 0.41847852926987866 0
1633945112719 0.41687038219892064 0
1633945144897 0.4165184213564946 0
1633945179966 0.41726066240897547 0
1633945211166 0.4155227390619425 0
1633945242412 0.4154181631711813 0
1633945279060 0.41512516691134527 0
1633945310514 0.4141155105370742 0
1633945341881 0.4130260086976565 0
1633945373350 0.4134065499672523 0
1633945404441 0.41267368243290825 0
1633945435817 0.4117052348760458 0
1633945466865 0.41137740841278664 0
1633945497905 0.4110667994389167 0
1633945529540 0.4108600643964914 0
1633945560981 0.40966500135568473 0
1633945592051 0.41053716586186334 0
1633945622998 0.40933900337952833 0
1633945656263 0.4084339692042424 0
1633945687416 0.40714919108610886 0
1633945719622 0.4066030488564418 0
1633945750924 0.4055837631225586 0
1633945782229 0.40517469965494596 0
1633945813417 0.4055874113853161 0
1633945844593 0.40476524096268873 0
1633945876537 0.40387437022649325 0
1633945911279 0.40287422033456655 0
1633945942663 0.40366646830852215 0
1633945973880 0.40243238164828377 0
1633946005563 0.40149203401345473 0
1633946037035 0.4022718493755047 0
1633946068367 0.40050035348305335 0
1633946099632 0.40019878378281226 0
1633946131582 0.40017448984659637 0
1633946162826 0.39904168110627397 0
1633946194152 0.39785532126059897 0
1633946225126 0.3985402565736037 0
1633946256426 0.39814781271494354 0
1633946288576 0.3961142824246333 0
1633946319767 0.39618901702073905 0
1633946351202 0.3959114693678342 0
1633946382680 0.3961495051017174 0
1633946414118 0.3950067286307995 0
1633946445511 0.39381791490774887 0
1633946477469 0.39264705593769367 0
1633946508575 0.39333068820146416 0
1633946542628 0.392030210678394 0
1633946574247 0.3926395741792826 0
1633946605806 0.392841755426847 0
1633946637837 0.39077459344497095 0
1633946669651 0.39048293920663685 0
1633946701097 0.3894033065209022 0
1633946732687 0.38913555214038265 0
1633946764194 0.3878207202141102 0
1633946796654 0.3878638505935669 0
1633946828101 0.38777155784460215 0
1633946859713 0.38691059671915495 0
1633946891204 0.38717548159452586 0
1633946922725 0.38606455738727863 0
1633946954765 0.38591113961659945 0
1633946986259 0.38404263854026793 0
1633947017688 0.3833779880633721 0
1633947049552 0.3839386412730584 0
1633947081170 0.38329584140043993 0
1633947113239 0.382609124825551 0
1633947145002 0.3820230676577641 0
1633947179575 0.38141169181236856 0
1633947210915 0.3806327801484328 0
1633947242320 0.38126309238947353 0
1633947274325 0.3793344681079571 0
1633947305686 0.3794545068190648 0
1633947337407 0.37941033060734086 0
1633947368652 0.3792217763570639 0
1633947400330 0.37705586231671845 0
1633947432127 0.37741401837422295 0
1633947463588 0.3769655782442827 0
1633947494902 0.37672296739541566 0
1633947526413 0.3775185736326071 0
1633947557910 0.37526413248135493 0
1633947589312 0.37372181323858406 0
1633947620780 0.3741235792636871 0
1633947652054 0.3728994493301098 0
1633947683901 0.3731044425414159 0
1633947715451 0.3725881301439725 0
1633947747036 0.3725009817343492 0
1633947778628 0.37153231639128464 0
1633947812870 0.37076467459018414 0
1633947847649 0.37024502204014703 0
1633947879254 0.3708399717624371 0
1633947911350 0.3688306996455559 0
1633947943144 0.368651630786749 0
1633947974911 0.368676070525096 0
1633948006456 0.36852569442528943 0
1633948038086 0.36796353872005755 0
1633948069912 0.36642152529496413 0
1633948101730 0.3660096095158504 0
1633948133724 0.3661768661095546 0
1633948167964 0.3649135172367096 0
1633948200626 0.3645762406862699 0
1633948231997 0.36371716536008397 0
1633948263470 0.3631868243217468 0
1633948295144 0.36376745517437276 0
1633948326629 0.36267239313859206 0
1633948359093 0.3620843896499047 0
1633948390468 0.36250151166549094 0
1633948422091 0.36115861122424786 0
1633948456468 0.3600353807210922 0
1633948488146 0.3600918384698721 0
1633948519932 0.3585571561868374 0
1633948552510 0.3588706910610199 0
1633948587315 0.35715538538419284 0
1633948624358 0.3577806702026954 0
1633948658941 0.3577937474617591 0
1633948693245 0.35741153496962325 0
1633948726630 0.3564179768929115 0
1633948759135 0.35616987531001754 0
1633948791840 0.35533987100307757 0
1633948826137 0.35469929552995244 0
1633948860948 0.35363167432638315 0
1633948893771 0.35525143169439755 0
1633948925890 0.3535364316059993 0
1633948958072 0.35326142838368046 0
1633948990007 0.35244835661007806 0
1633949021970 0.3516768739773677 0
1633949054156 0.3515033946587489 0
1633949086255 0.3505947727423448 0
1633949120930 0.349334333722408 0
1633949153510 0.3498713465837332 0
1633949185955 0.3490097334751716 0
1633949218404 0.3483168464440566 0
1633949250969 0.347965806722641 0
1633949283201 0.3476265902702625 0
1633949315296 0.3471210484321301 0
1633949347428 0.3472011456122765 0
1633949379586 0.3458912212115068 0
1633949411495 0.3453676631817451 0
1633949443467 0.34509836022670454 0
1633949475432 0.34564283192157746 0
1633949507548 0.34416816670161027 0
1633949539577 0.34489081731209387 0
1633949572013 0.34296345940003026 0
1633949604540 0.34313367834457986 0
1633949636759 0.34211149765894966 0
1633949668809 0.3423648128142724 0
1633949700679 0.34127107629409204 0
1633949733120 0.3410381436347961 0
1633949768583 0.341256160231737 0
1633949800841 0.340264356136322 0
1633949833786 0.3398035718844487 0
1633949866294 0.33868162402739893 0
1633949898532 0.3389591132219021 0
1633949930725 0.33741909105044143 0
1633949962947 0.3379966708330008 0
1633949995576 0.33684524022615875 0
1633950028475 0.33543922350956845 0
1633950060888 0.3357414953983747 0
1633950093138 0.3349458041099402 0
1633950125138 0.33481155588076666 0
1633950157732 0.335033894272951 0
1633950190290 0.33333635857472055 0
1633950223120 0.3332578867673874 0
1633950255619 0.3323425584114515 0
1633950287909 0.3321303576231003 0
1633950320226 0.3314829601691319 0
1633950352199 0.33140134031956014 0
1633950384769 0.3319007933139801 0
1633950420244 0.33019289053403417 0
1633950452680 0.32948872928435985 0
1633950485305 0.3297640816523479 0
1633950517752 0.32929250735502974 0
1633950550588 0.32844391740285434 0
1633950583967 0.3275298948471363 0
1633950616741 0.32749757629174453 0
1633950648938 0.32723783552646635 0
1633950681360 0.3256648522156935 0
1633950714051 0.32607696400238917 0
1633950746644 0.3258481734074079 0
1633950779484 0.324558480657064 0
1633950811877 0.3243026891579995 0
1633950845178 0.32381360897651085 0
1633950877615 0.3231791166158823 0
1633950910569 0.3228383930829855 0
1633950943052 0.3224649374301617 0
1633950975727 0.3214863194869115 0
1633951008038 0.3210371861091027 0
1633951040577 0.32049869367709527 0
1633951076031 0.32021508400256815 0
1633951108440 0.31971387221263003 0
1633951141013 0.31860556373229393 0
1633951173914 0.3190065150077526 0
1633951207159 0.3176650136709213 0
1633951240074 0.3182098060846329 0
1633951272899 0.3174200665492278 0
1633951305673 0.3173965211098011 0
1633951338411 0.31562256056528826 0
1633951371268 0.3153821170330048 0
1633951404039 0.31591484546661375 0
1633951436671 0.31543746017492735 0
1633951469748 0.31376093603097477 0
1633951502749 0.3143359633592459 0
1633951535448 0.31350868183832903 0
1633951568112 0.3130999406942954 0
1633951601010 0.3124368394796665 0
1633951633924 0.31181733539471257 0
1633951667182 0.3113907029995551 0
1633951699951 0.31134125911272487 0
1633951735088 0.3099809229373932 0
1633951768353 0.31076980049793534 0
1633951801847 0.3105988062345065 0
1633951834836 0.3098125134523098 0
1633951868131 0.30927611887454987 0
1633951901586 0.30764279250915233 0
1633951934466 0.30793019510232483 0
1633951967172 0.3073441328910681 0
1633952000010 0.30742309460273154 0
1633952033064 0.30591288690383617 0
1633952069286 0.3055686822304359 0
1633952102909 0.30611811371950004 0
1633952135661 0.3050510736612173 0
1633952169181 0.3051216462483773 0
1633952206187 0.30400590644432945 0
1633952239680 0.30392533976298114 0
1633952272459 0.30355713642560517 0
1633952305292 0.3026061819149898 0
1633952338368 0.3024426859158736 0
1633952371687 0.3010819409902279 0
1633952407092 0.300685892196802 0
1633952440487 0.300460684299469 0
1633952473775 0.2997341703910094 0
1633952507068 0.2998971716715739 0
1633952541021 0.29930568291590764 0
1633952575329 0.29893935322761533 0
1633952608290 0.2985440148757054 0
1633952640977 0.2974061532662465 0
1633952673902 0.29732392797103296 0
1633952706840 0.29693120351204505 0
1633952740116 0.29683957695961 0
1633952773444 0.2964012366074782 0
1633952806284 0.2951463584716503 0
1633952839569 0.2951288129274662 0
1633952872923 0.2945314444028414 0
1633952906305 0.2937207185305082 0
1633952940098 0.29346102728293494 0
1633952973132 0.2958240632827465 0
1633953006694 0.29318945774665245 0
1633953043894 0.29218584069838893 0
1633953082676 0.291019789989178 0
1633953120459 0.291740225140865 0
1633953155173 0.290698595230396 0
1633953188314 0.29045264973090246 0
1633953221976 0.2898857639386104 0
1633953255522 0.2897554535132188 0
1633953290795 0.2892517078381318 0
1633953325543 0.2889499652844209 0
1633953358422 0.2879867287782522 0
1633953391218 0.2871628477023198 0
1633953424225 0.28710572031828074 0
1633953457862 0.2870042752761107 0
1633953505040 0.28604217767715456 0
1633953539559 0.2858152577510247 0
1633953573359 0.2856314255641057 0
1633953606826 0.28446243886764233 0
1633953639927 0.28331690568190354 0
1633953681110 0.2843576568823594 0
1633953715754 0.28342639758036686 0
1633953751676 0.2828910793249424 0
1633953790295 0.2819824720804508 0
1633953825704 0.28194484275120957 0
1633953861018 0.2814505198827157 0
1633953895910 0.2809021640282411 0
1633953929556 0.2808777164954406 0
1633953963368 0.28033888294146614 0
1633953997111 0.2801512844287432 0
1633954030349 0.2789980876904268 0
1633954063262 0.2789308167420901 0
1633954101877 0.2779797712197671 0
1633954135799 0.27717528434900135 0
1633954168762 0.27663046511319966 0
1633954201672 0.2761491381205045 0
1633954235230 0.2762349866903745 0
1633954268917 0.2760043027309271 0
1633954302491 0.2747075202373358 0
1633954335859 0.27451884012955885 0
1633954369159 0.27443465911425075 0
1633954402487 0.2738115874620584 0
1633954435458 0.27350464669557717 0
1633954471589 0.27266900562323054 0
1633954505055 0.27177137228158804 0
1633954538338 0.2720143872957963 0
1633954572348 0.27223551456744854 0
1633954605826 0.27155505487552056 0
1633954638802 0.27118783982900474 0
1633954672299 0.2708525863977579 0
1633954706130 0.26949214728978965 0
1633954739494 0.26985933092924264 0
1633954772847 0.2685637336510878 0
1633954806874 0.2684719665692403 0
1633954840088 0.2684838171188648 0
1633954873424 0.267999251301472 0
1633954906997 0.266694614978937 0
1633954940444 0.2663402034686162 0
1633954973947 0.26615638916309065 0
1633955007295 0.2660177661822392 0
1633955040985 0.2649260436113064 0
1633955074321 0.2647953494237019 0
1633955107661 0.2652148769452022 0
1633955144168 0.2651229551205268 0
1633955177781 0.2639278542536956 0
1633955211177 0.2627692479353685 0
1633955244916 0.2630238143297342 0
1633955278652 0.2626183007772152 0
1633955312378 0.26267141287143414 0
1633955345892 0.26116950580706966 0
1633955382932 0.2609425838177021 0
1633955416380 0.2602688585336392 0
1633955449915 0.2602577654215006 0
1633955483675 0.2588027724852929 0
1633955516940 0.2585450445230191 0
1633955550608 0.2590999410702632 0
1633955584271 0.2578010304616048 0
1633955617740 0.2574039223102423 0
1633955654892 0.25685785252314347 0
1633955688832 0.2565959203701753 0
1633955722353 0.25544202900849855 0
1633955755704 0.25594661831855775 0
1633955789256 0.25539333728643565 0
1633955825860 0.25451959807139174 0
1633955859361 0.25416672436090615 0
1633955892938 0.25503846819584186 0
1633955926527 0.2528706798186669 0
1633955960414 0.2525184580912957 0
1633955994194 0.2526784032583237 0
1633956027789 0.2514896977406282 0
1633956062251 0.25110859870910646 0
1633956096137 0.2517386115514315 0
1633956129728 0.2506843018990297 0
1633956163469 0.25055540272822746 0
1633956197238 0.250212413760332 0
1633956231635 0.24954585226682516 0
1633956265443 0.24825658821142638 0
1633956298928 0.2487532255741266 0
1633956332740 0.24816599763356723 0
1633956366463 0.24857950783692873 0
1633956399915 0.24731344282627105 0
1633956434195 0.24672879645457635 0
1633956467683 0.24614002177348504 0
1633956504589 0.24745343029499053 0
1633956538343 0.24554667885486897 0
1633956572627 0.2454713477538182 0
1633956606449 0.2445675838452119 0
1633956639969 0.2444150596857071 0
1633956673720 0.24289336869349845 0
1633956707553 0.2437109060012377 0
1633956741497 0.2437279123526353 0
1633956775544 0.24286215167779188 0
1633956809240 0.24209845799666185 0
1633956842924 0.24134934131915753 0
1633956877059 0.24067768110678747 0
1633956911246 0.24036021393079024 0
1633956944845 0.240598575426982 0
1633956978780 0.23938687168634853 0
1633957013197 0.23882837524780862 0
1633957047088 0.23867665024904106 0
1633957080809 0.23841533798437853 0
1633957115065 0.2376495863382633 0
1633957149352 0.2377210509318572 0
1633957186305 0.23666700101815738 0
1633957220425 0.23719891218038705 0
1633957254271 0.2363458161170666 0
1633957288542 0.2361460383121784 0
1633957322783 0.23518429467311272 0
1633957357016 0.23574625184902778 0
1633957390815 0.23482915667387155 0
1633957424745 0.23409261015745308 0
1633957463595 0.2334223456107653 0
1633957502133 0.23299415157391476 0
1633957536919 0.23164205849170685 0
1633957571064 0.23292995782998893 0
1633957604881 0.23166778248090011 0
1633957639191 0.23061836316035345 0
1633957673712 0.23065239832951473 0
1633957707621 0.23004026149327939 0
1633957741468 0.22979664344054002 0
1633957776255 0.22901594455425556 0
1633957810558 0.22884678989648818 0
1633957844451 0.22806398478838114 0
1633957881733 0.22843902661250187 0
1633957916181 0.2277715815947606 0
1633957950545 0.226420795917511 0
1633957985027 0.22713486483463874 0
1633958019170 0.22730893194675444 0
1633958053064 0.22719915807247162 0
1633958087841 0.22596724675251886 0
1633958121943 0.2248727491268745 0
1633958156001 0.2254224644257472 0
1633958190278 0.22406559471900647 0
1633958224427 0.2241298836011153 0
1633958258768 0.22347061038017274 0
1633958293232 0.2226085344186196 0
1633958327672 0.221944899054674 0
1633958362042 0.22136521224792188 0
1633958396363 0.2211191291992481 0
1633958431148 0.2223222417327074 0
1633958465776 0.22147211134433747 0
1633958499691 0.22058720680383537 0
1633958534120 0.21963867934850545 0
1633958571073 0.2191206374993691 0
1633958605715 0.2177907576927772 0
1633958640672 0.2173591055549108 0
1633958674751 0.21861479247991855 0
1633958709092 0.21770962774753572 0
1633958743737 0.21680072247982024 0
1633958778127 0.2164486192739927 0
1633958812724 0.21649040556870974 0
1633958847508 0.21628062770916864 0
1633958882121 0.21489595094552408 0
1633958916659 0.21536512604126565 0
1633958951368 0.21430944731602303 0
1633958985748 0.21482901481481698 0
1633959020032 0.21364771253787554 0
1633959054219 0.21295870588375973 0
1633959089080 0.21234735892369197 0
1633959123840 0.21218721591509304 0
1633959158274 0.21233323445686927 0
1633959192475 0.21120194036227005 0
1633959227031 0.21060647987402403 0
1633959264646 0.20993063105986667 0
1633959299252 0.21055794896987767 0
1633959333701 0.2090907864845716 0
1633959368162 0.20944118614380175 0
1633959402533 0.2095802278472827 0
1633959436986 0.20861300550974332 0
1633959471634 0.20794607057021214 0
1633959506376 0.20710666122344823 0
1633959540867 0.20625015428433052 0
1633959575963 0.2058153970883443 0
1633959610274 0.2065279958339838 0
1633959644599 0.20573070301459387 0
1633959679882 0.20517614415058724 0
1633959714673 0.2053759828209877 0
1633959749307 0.20501095927678623 0
1633959784304 0.20327439801051067 0
1633959818641 0.20380535526917531 0
1633959853543 0.20358860561480888 0
1633959888398 0.20326139743511493 0
1633959922987 0.20133311908978682 0
1633959960434 0.20260804708187397 0
1633959995238 0.20159841420558783 0
1633960029811 0.20209778581674281 0
1633960064644 0.20033512780299553 0
1633960099741 0.20097085856474362 0
1633960134663 0.19897720217704773 0
1633960169408 0.19991817600451983 0
1633960204163 0.19939037286318265 0
1633960239041 0.19900575990860278 0
1633960274098 0.19812164845374913 0
1633960308996 0.1973967675979321 0
1633960343955 0.19722258907098036 0
1633960379098 0.19743200013270745 0
1633960414560 0.19639605249349887 0
1633960449316 0.19636645156603594 0
1633960483819 0.195409903044884 0
1633960518668 0.19485261119329012 0
1633960553182 0.19497471417372042 0
1633960588443 0.194873996422841 0
1633960623360 0.1941031900736002 0
1633960661291 0.1958510826413448 0
1633960696620 0.19412231617248976 0
1633960731859 0.19455466625782158 0
1633960767105 0.19245369812616936 0
1633960802221 0.19228672270591443 0
1633960837232 0.19154038154161893 0
1633960872351 0.19070006471413833 0
1633960906932 0.19095096335961267 0
1633960942375 0.19120431932119222 0
1633960977872 0.19148673300559704 0
1633961012886 0.1903741310422237 0
1633961048341 0.18909722761465952 0
1633961083619 0.1887962480004017 0
1633961118798 0.18828963350791197 0
1633961154371 0.1879214270756795 0
1633961189202 0.18696945103315207 0
1633961224281 0.18609344546611492 0
1633961259342 0.18569993445506464 0
1633961294649 0.18703695363723316 0
1633961329756 0.18542907799665745 0
1633961368204 0.18648412170318457 0
1633961403382 0.1845472234946031 0
1633961438424 0.1843754027898495 0
1633961473608 0.18490832115595157 0
1633961508950 0.18280685544013978 0
1633961544240 0.1832637336391669 0
1633961579376 0.18395776828894247 0
1633961614774 0.18211368517233775 0
1633961649799 0.18168408710222977 0
1633961689982 0.18106296222943527 0
1633961730057 0.18127081990242006 0
1633961766007 0.18086180366002597 0
1633961801139 0.17965386429658303 0
1633961840823 0.17998326122760772 0
1633961896848 0.18005869228106278 0
1633961932258 0.17902375379434 0
1633961967143 0.17909974845556112 0
1633962002831 0.17918062748817298 0
1633962037905 0.17789797278550956 0
1633962073371 0.1779305168069326 0
1633962111278 0.17725232759347329 0
1633962147375 0.1777540739912253 0
1633962185048 0.17693148541908998 0
1633962220940 0.1755405367566989 0
1633962255831 0.17620526449038432 0
1633962291459 0.17525644669165977 0
1633962335153 0.175947572520146 0
1633962371247 0.1741306130702679 0
1633962407351 0.1733992141026717 0
1633962442513 0.1742143446436295 0
1633962477880 0.17232542290137365 0
1633962513636 0.17239677000504275 0
1633962548918 0.17189863404402367 0
1633962584055 0.17156006636527868 0
1633962619521 0.17062271523934144 0
1633962654777 0.17090073101795636 0
1633962690357 0.16967843358333295 0
1633962729080 0.16958216107808627 0
1633962764360 0.16990212970055066 0
1633962799760 0.16822066799952434 0
1633962837812 0.16909804539038584 0
1633962873656 0.16827257378743246 0
1633962911748 0.1690276760321397 0
1633962950556 0.16728729949547694 0
1633962986031 0.16804858789994168 0
1633963022010 0.1676946711081725 0
1633963057373 0.16687489323891125 0
1633963092831 0.1649662875212156 0
1633963128380 0.16589123526444802 0
1633963163990 0.1654270568719277 0
1633963199484 0.16377875896600577 0
1633963235185 0.1656898177587069 0
1633963270592 0.16512431376255476 0
1633963306345 0.16389666726956 0
1633963341745 0.16362937482503745 0
1633963377452 0.1638944088266446 0
1633963413059 0.16289564669132234 0
1633963448529 0.16268718391656875 0
1633963483702 0.16140675911536584 0
1633963520031 0.1612221116056809 0
1633963557999 0.15985867507182636 0
1633963593629 0.1610718534542964 0
1633963629614 0.1604281153816443 0
1633963665368 0.16070377769378516 0
1633963700888 0.15942880843694393 0
1633963736558 0.15899093861763294 0
1633963772734 0.1583842444878358 0
1633963808516 0.15959079540692844 0
1633963844157 0.1584859617627584 0
1633963880690 0.15805936822524438 0
1633963916163 0.1572310514174975 0
1633963952067 0.15693144442943427 0
1633963988174 0.15692739062584363 0
1633964023747 0.15695297259550828 0
1633964060210 0.15784227687578936 0
1633964096003 0.15597570297809749 0
1633964131662 0.154477296769619 0
1633964167532 0.15585814943680396 0
1633964204313 0.15353321868639727 0
1633964240161 0.15369563962404545 0
1633964279313 0.15433686536092026 0
1633964315167 0.15256976703038583 0
1633964351114 0.15296332102555496 0
1633964388410 0.1520594094808285 0
1633964424536 0.15258401873020025 0
1633964460671 0.15148394188055625 0
1633964496416 0.15225550188468054 0
1633964532120 0.15038939737356627 0
1633964567951 0.1516935591514294 0
1633964604058 0.14953273339913442 0
1633964640505 0.14951807581461393 0
1633964676217 0.14870933993504598 0
1633964712296 0.14867421629337163 0
1633964747653 0.1480533555150032 0
1633964783431 0.14642831878020213 0
1633964820329 0.14904740452766418 0
1633964856282 0.14745640353514597 0
1633964891946 0.1459422265107815 0
1633964927816 0.14624516161588522 0
1633964964479 0.14544234562378663 0
1633965003560 0.1452107051244149 0
1633965039567 0.14625440205519016 0
1633965076196 0.14576226025819777 0
1633965112681 0.14417606294155122 0
1633965149115 0.1461927789908189 0
1633965185247 0.1449147274860969 0
1633965221091 0.1443219868036417 0
1633965257450 0.14350500920644174 0
1633965293511 0.1435228575880711 0
1633965329773 0.1433097304059909 0
1633965366126 0.14200174877276786 0
1633965402660 0.1428580064039964 0
1633965438845 0.1419406411739496 0
1633965476526 0.14208430097653316 0
1633965512373 0.14043043450667309 0
1633965548171 0.1394983023405075 0
1633965585521 0.1392273220878381 0
1633965621877 0.13805235417989584 0
1633965657864 0.13933389691206124 0
1633965694223 0.13899062608297055 0
1633965733336 0.13931207599548193 0
1633965769767 0.1384281304020148 0
1633965806430 0.13786834730551792 0
1633965843098 0.1380668479662675 0
1633965879129 0.13884814198200518 0
1633965915456 0.13855862204845135 0
1633965951661 0.13628274981792157 0
1633965987926 0.13468460062375434 0
1633966024133 0.13575201836916118 0
1633966060474 0.13604751722170758 0
1633966096724 0.13629668951034546 0
1633966133095 0.13401091660444553 0
1633966169279 0.13385086976564847 0
1633966205504 0.13259036770233742 0
1633966256624 0.13418720330183323 0
1633966292521 0.13280672419529696 0
1633966329598 0.13350659482754193 0
1633966366578 0.13191145268770366 0
1633966403231 0.13401131647137496 0
1633966439235 0.1321618547806373 0
1633966480449 0.13064724390323346 0
1633966516922 0.1296302522604282 0
1633966554519 0.13150590577950844 0
1633966591494 0.12985375982064468 0
1633966627846 0.12776055611096895 0
1633966664427 0.12865222566402876 0
1633966701038 0.12858288677839133 0
1633966739456 0.13064192378750214 0
1633966776133 0.12834984144339195 0
1633966812880 0.1273012944138967 0
1633966849239 0.12750086807287656 0
1633966885602 0.12734296367718623 0
1633966923269 0.12767379524616096 0
1633966959627 0.12740472280062162 0
1633966996021 0.12574183138517234 0
1633967032689 0.12658772193468534 0
1633967069859 0.12475316272332118 0
1633967106505 0.12562948545584313 0
1633967143138 0.12456538608440985 0
1633967179640 0.12490835464917696 0
1633967218943 0.12508095307992054 0
1633967256471 0.1242069613475066 0
1633967295740 0.12520096668830286 0
1633967334348 0.12538861156656192 0
1633967385862 0.12202738993442976 0
1633967423521 0.12337237756985885 0
1633967460354 0.12326310867300401 0
1633967497464 0.1221208909383187 0
1633967534981 0.12198235128934566 0
1633967572219 0.12114346921443939 0
1633967611043 0.12299740727131184 0
1633967653248 0.1219637312568151 0
1633967690876 0.12058452837742292 0
1633967728313 0.12082945349124762 0
1633967771653 0.11950886822663821 0
1633967808254 0.11982454565855173 0
1633967844563 0.12216312449712019 0
1633967884959 0.11945364492443891 0
1633967921521 0.11884409177761812 0
1633967960222 0.11780041777170622 0
1633968001132 0.1166496943968993 0
1633968038744 0.11702016970286003 0
1633968080795 0.11699967063390292 0
1633968118270 0.11708116617340308 0
1633968158441 0.11733530794198696 0
1633968196035 0.11533550052688672 0
1633968233827 0.1166174444441612 0
1633968270877 0.11467264283161897 0
1633968307721 0.1148237067919511 0
1633968344620 0.11553430557250977 0
1633968381311 0.11514179299657161 0
1633968418427 0.11406964636765994 0
1633968455303 0.11390400505982913 0
1633968492061 0.1128048748924182 0
1633968528774 0.11275223166896747 0
1633968568215 0.11278153858505763 0
1633968605137 0.11239700288726734 0
1633968645131 0.11296095939782949 0
1633968681733 0.11182124087443719 0
1633968719786 0.1112640788921943 0
1633968759117 0.10988344475626946 0
1633968797848 0.10947935180022167 0
1633968835870 0.11051724725044691 0
1633968873272 0.11145184985720194 0
1633968910751 0.11096914347547751 0
1633968947986 0.11104171333404687 0
1633968984707 0.11008493046347911 0
1633969022325 0.11060725026405775 0
1633969059509 0.10976886262114231 0
1633969096762 0.10848679399261107 0
1633969133340 0.10878218572873335 0
1633969170339 0.1083541244841539 0
1633969207382 0.10791454074474481 0
1633969244412 0.10625783291000586 0
1633969281065 0.10703723281621932 0
1633969318010 0.10827394626461542 0
1633969355514 0.10937571846521818 0
1633969392385 0.1059648130948727 0
1633969429198 0.10541192058187265 0
1633969465979 0.10561374219564292 0
1633969505474 0.10365045408789929 0
1633969544578 0.10447103805266894 0
1633969582041 0.10426559711878117 0
1633969620414 0.10352729965861027 0
1633969658518 0.10327166674228815 0
1633969695465 0.10283527735334176 0
1633969732891 0.101965071948675 0
1633969770425 0.10484405698684546 0
1633969807331 0.10383112080968343 0
1633969844326 0.10393171276037509 0
1633969881603 0.10262702302290844 0
1633969918808 0.10211535801108067 0
1633969955865 0.10210767353956517 0
1633969993261 0.10190023877299749 0
1633970030320 0.10011513015398613 0
1633970070300 0.10211862056301191 0
1633970107362 0.10028029015431038 0
1633970148645 0.10083791040457211 0
1633970186587 0.10011145592882083 0
1633970223600 0.10032709166407586 0
1633970263699 0.0994573728969464 0
1633970301516 0.10109520130432569 0
1633970339894 0.09951189509951151 0
1633970377516 0.09961411374119612 0
1633970415443 0.09899202963480583 0
1633970453077 0.09816156373574184 0
1633970491330 0.09775003189077744 0
1633970529136 0.09839688694247832 0
1633970566533 0.09756282871732345 0
1633970603994 0.09903471836676965 0
1633970641362 0.09765415145800664 0
1633970678697 0.0976618750164142 0
1633970716122 0.09841577318998483 0
1633970753607 0.09546398056241182 0
1633970801316 0.09684259381431799 0
1633970838692 0.09601356295438913 0
1633970876223 0.09777101639371652 0
1633970913911 0.09644749938295438 0
1633970953999 0.09484689361774004 0
1633971001288 0.094167178353438 0
1633971047880 0.09441509407300215 0
1633971086224 0.09473409503698349 0
1633971124135 0.09359742723978483 0
1633971161954 0.09340451548878963 0
1633971199885 0.09337559577364188 0
1633971237464 0.09448953442848645 0
1633971275344 0.0923219556418749 0
1633971313104 0.09281604943367151 0
1633971350712 0.09437776230848753 0
1633971388402 0.09344687547821265 0
1633971425953 0.0915359900547908 0
1633971463879 0.09422601002913256 0
1633971501657 0.09137138747251951 0
1633971538992 0.09062281354115559 0
1633971576564 0.09061443410240687 0
1633971626124 0.08906115081447821 0
1633971663493 0.09029888315842702 0
1633971700854 0.09017585659256348 0
1633971738567 0.08941418883892206 0
1633971776123 0.0888473744575794 0
1633971816756 0.08995191821685204 0
1633971854720 0.09110193733985607 0
1633971892321 0.08827448819692318 0
1633971931022 0.08932992477829639 0
1633971969028 0.08630325387303646 0
1633972006536 0.08860921561717987 0
1633972044263 0.08844564385139025 0
1633972082302 0.0867206515601048 0
1633972120162 0.0866362951695919 0
1633972157496 0.08709562294758283 0
1633972195420 0.08651852619189482 0
1633972233387 0.08514680444048 0
1633972270892 0.08613114591974479 0
1633972308463 0.08605360852984281 0
1633972346262 0.08631732171544662 0
1633972384475 0.0864647205059345 0
1633972421798 0.08428270398424222 0
1633972459589 0.08492638715184651 0
1633972500875 0.08553782953665806 0
1633972539234 0.08429753361986234 0
1633972579356 0.0844323456287384 0
1633972621187 0.08548332985777121 0
1633972660029 0.08496499525812956 0
1633972697832 0.08337323487951205 0
1633972736452 0.08318951003826582 0
1633972774431 0.08348645304258052 0
1633972812455 0.08356096429320482 0
1633972850066 0.08219086694029662 0
1633972887873 0.08360859774626218 0
1633972925685 0.08245491448503274 0
1633972965863 0.08215721450172937 0
1633973004091 0.08328343830429591 0
1633973041917 0.08293116086950669 0
1633973080117 0.08045511251458755 0
1633973117972 0.08164364237051744 0
1633973156058 0.08045716331555293 0
1633973193880 0.08106709798941246 0
1633973231462 0.08134396494581149 0
1633973269716 0.08133763745427132 0
1633973308072 0.08010910268013294 0
1633973348936 0.07960523745188346 0
1633973388288 0.07891676993324206 0
1633973427124 0.0785808427975728 0
1633973466312 0.0789793682213013 0
1633973505249 0.07935130292406449 0
1633973543921 0.07871457768174318 0
1633973582963 0.0790743941297898 0
1633973621040 0.07757782569298377 0
1633973659638 0.07859912549073879 0
1633973698111 0.07761837863005125 0
1633973736075 0.07655464256039032 0
1633973773877 0.07834984407975124 0
1633973811901 0.07753809415377104 0
1633973853734 0.07762476515311462 0
1633973891563 0.07718893186404155 0
1633973929618 0.07830381743036784 0
1633973967564 0.07780691402462812 0
1633974005396 0.07656475626505338 0
1633974043683 0.07640527246090081 0
1633974083034 0.07903204886959149 0
1633974123988 0.07743263840675355 0
1633974163170 0.07651212054949541 0
1633974202010 0.07743018974478429 0
1633974241242 0.07465947992526568 0
1633974279942 0.0763718065734093 0
1633974319103 0.0749707451233497 0
1633974358974 0.07446331593852777 0
1633974397536 0.07459478859718029 0
1633974436093 0.07484019547700882 0
1633974475670 0.07388435315627317 0
1633974514737 0.07444859204383997 0
1633974553254 0.07457699007712877 0
1633974591785 0.07456092696923476 0
1633974630073 0.07433221191167831 0
1633974668409 0.07306275751728278 0
1633974706513 0.07270104512572288 0
1633974745208 0.07407597509714273 0
1633974783829 0.07185530628149327 0
1633974822257 0.07309722476280653 0
1633974860414 0.07432893090523206 0
1633974904237 0.07347049369261816 0
1633974944443 0.07293382665285697 0
1633974983254 0.07176894780534965 0
1633975022836 0.07171183194105442 0
1633975071963 0.0721171378516234 0
1633975111706 0.0703830286860466 0
1633975169026 0.06955573598925884 0
1633975208063 0.06956379562616348 0
1633975257090 0.0697357751429081 0
1633975296826 0.06923824600302256 0
1633975335656 0.06959622519520613 0
1633975374636 0.06999548467305991 0
1633975413608 0.06909857059900577 0
1633975451712 0.07006154799690613 0
1633975505033 0.06828461065888405 0
1633975543747 0.06940338227611322 0
1633975582241 0.06832265263566605 0
1633975621678 0.06898517264769627 0
1633975659963 0.06895099379695378 0
1633975698502 0.06920261130883143 0
1633975740330 0.06852790638804436 0
1633975779279 0.06978674743037958 0
1633975818206 0.06839917090076666 0
1633975857352 0.06760665562290412 0
1633975897943 0.0677092765386288 0
1633975936430 0.0680590753371899 0
1633975975260 0.06847611665725709 0
1633976015239 0.06826552118246372 0
1633976054109 0.06745280101895332 0
1633976093586 0.0677166657952162 0
1633976133391 0.06717959464742587 0
1633976174117 0.06646609461078277 0
1633976213311 0.06699482128024101 0
1633976252790 0.06724561693576667 0
1633976291750 0.0673489362001419 0
1633976331568 0.06654319373460917 0
1633976370481 0.06607624527353506 0
1633976409527 0.06561289120178956 0
1633976449507 0.06547204164358286 0
1633976488342 0.06534369129400987 0
1633976530125 0.06504995937530811 0
1633976570041 0.06390985302053966 0
1633976609223 0.06482606868331249 0
1633976648935 0.06469844138393036 0
1633976690114 0.06508871374221949 0
1633976728902 0.06521681042817923 0
1633976772930 0.06484218044922901 0
1633976812612 0.06465579718351364 0
1633976852749 0.06446494351212795 0
1633976891968 0.06378188809523215 0
1633976930684 0.06286253201273771 0
1633976969980 0.06514235150355559 0
1633977013599 0.0643828802383863 0
1633977054022 0.0629697020810384 0
1633977093637 0.06257300256536558 0
1633977132800 0.06263384830493193 0
1633977172351 0.062264696795206805 0
1633977211540 0.060699938925412984 0
1633977252102 0.06216813366000469 0
1633977291831 0.06147087273689417 0
1633977333798 0.06181170338621506 0
1633977374614 0.06313927672230281 0
1633977414650 0.061051478924659584 0
1633977454180 0.060305422315230735 0
1633977493547 0.06202548604745131 0
1633977534248 0.06295525420170564 0
1633977574019 0.06150947963962188 0
1633977613549 0.06209524359840613 0
1633977652996 0.06174983938152973 0
1633977692383 0.05988220257254747 0
1633977731528 0.06005411514869103 0
1633977771093 0.0623960663492863 0
1633977810696 0.06031049581674429 0
1633977850707 0.06032171169152627 0
1633977890488 0.060402329953817224 0
1633977930620 0.060918701612032375 0
1633977970148 0.060055437684059146 0
1633978009296 0.060553381821283926 0
1633978048654 0.05970253910009678 0
1633978087587 0.061600411797945315 0
1633978130177 0.057496409691297094 0
1633978171319 0.05966025516390801 0
1633978210618 0.05813414500309871 0
1633978249828 0.059494531670442 0
1633978290983 0.058889538508195144 0
1633978331073 0.05783093055853477 0
1633978371256 0.05738792671607091 0
1633978411846 0.05767269294995528 0
1633978453368 0.05805813601383796 0
1633978492951 0.058260708244947286 0
1633978532364 0.057782543507906105 0
1633978573276 0.05760623789750613 0
1633978613407 0.057908424047323374 0
1633978654288 0.05726929140778688 0
1633978694590 0.05706123979045795 0
1633978734309 0.05735119982407643 0
1633978774058 0.05751888218980569 0
1633978814031 0.05615908749974691 0
1633978853891 0.056695994390891145 0
1633978894157 0.056573041127278255 0
1633978937005 0.05783268396671002 0
1633978977283 0.05658097261419663 0
1633979017780 0.05697607346452199 0
1633979058656 0.057119672286968966 0
1633979098524 0.05579524447138493 0
1633979139156 0.05591594588298064 0
1633979181605 0.05570419453657591 0
1633979221916 0.05638945016723413 0
1633979261595 0.05464811955506985 0
1633979301770 0.05605741349550394 0
1633979342066 0.054911447717593265 0
1633979381896 0.054496795856035674 0
1633979421556 0.056110661534162665 0
1633979462405 0.054051486058877066 0
1633979502696 0.054823590241945705 0
1633979543174 0.05503201427368017 0
1633979583795 0.05489566744520114 0
1633979623636 0.05500805452466011 0
1633979663645 0.054565921884316665 0
1633979703287 0.05398115802269716 0
1633979745524 0.05398533860078225 0
1633979785890 0.054306536167860034 0
1633979825927 0.05383566838617508 0
1633979865883 0.055196834126344095 0
1633979905911 0.05376068806419006 0
1633979945979 0.05363927672688778 0
1633979986099 0.053125293409595126 0
1633980027051 0.05304525041809449 0
1633980067653 0.052613633699142015 0
1633980107708 0.054530787754517335 0
1633980148295 0.0534262899022836 0
1633980189264 0.05388853274858915 0
1633980230427 0.05193505694086735 0
1633980271040 0.05194176985667302 0
1633980310922 0.052964665396855425 0
1633980351645 0.053210439418370906 0
1633980393004 0.05373094821205506 0
1633980434796 0.05171700337758431 0
1633980477441 0.05231904576604183 0
1633980518326 0.05215561527472276 0
1633980561035 0.05159037067339971 0
1633980602321 0.051118892660507786 0
1633980642528 0.05078858440885177 0
1633980682596 0.05101212543936876 0
1633980722616 0.05135874364238519 0
1633980762611 0.05128331436560704 0
1633980802768 0.05039341340844448 0
1633980843143 0.050908813224389005 0
1633980883330 0.0505659642127844 0
1633980924495 0.051050470081659464 0
1633980965687 0.05159773310789695 0
1633981006628 0.0496778313930218 0
1633981047156 0.05036876814869734 0
1633981087789 0.05017522401534594 0
1633981127702 0.04910605681630281 0
1633981168511 0.05068677062025437 0
1633981208890 0.04890764934512285 0
1633981250812 0.050009204905766706 0
1633981291444 0.049412007343310575 0
1633981331614 0.04935193061828613 0
1633981374471 0.04993388887781363 0
1633981416175 0.050127720202390966 0
1633981457114 0.04906371384859085 0
1633981497984 0.049685063499670765 0
1633981538337 0.04937573161262732 0
1633981579072 0.049139552563428876 0
1633981619663 0.049384800230081266 0
1633981660348 0.04865586643035595 0
1633981700632 0.04823001451217211 0
1633981742284 0.05060531388108547 0
1633981783371 0.0504623335141402 0
1633981823813 0.04992775667745333 0
1633981864489 0.04866763702951945 0
1633981904590 0.04837790544216449 0
1633981945496 0.048350070932736765 0
1633981987435 0.048991852712172726 0
1633982027465 0.047792143374681476 0
1633982068675 0.04831433485333736 0
1633982109631 0.04782779758366255 0
1633982150192 0.047462923939411455 0
1633982193788 0.04761274313697448 0
1633982235609 0.04722131235668292 0
1633982275885 0.046631834369439344 0
1633982316212 0.04703444672318605 0
1633982356738 0.04907159335338152 0
1633982397272 0.047926655411720274 0
1633982437567 0.04704197805661422 0
1633982478198 0.04746743176992123 0
1633982519973 0.047007193588293514 0
1633982560100 0.04629366002403773 0
1633982601412 0.046439193819577874 0
1633982642218 0.051784988435415125 0
1633982683776 0.05090545527637005 0
1633982724638 0.04913180464735398 0
1633982765819 0.046882802935747 0
1633982806107 0.04718667406302232 0
1633982849647 0.04748748833170304 0
1633982891851 0.04762593633853472 0
1633982932888 0.04605584889650345 0
1633982973195 0.04734487705505811 0
1633983017583 0.0469748854637146 0
1633983059742 0.047875732240768576 0
1633983100475 0.04611307537326446 0
1633983141224 0.04627051233099057 0
1633983181890 0.04634775158304435 0
1633983223419 0.04644422445159692 0
1633983264032 0.04535976808804732 0
1633983305861 0.04624406173825264 0
1633983347060 0.04581936838535162 0
1633983387527 0.04540800159940353 0
1633983429566 0.045510750980331346 0
1633983470231 0.046759705875928585 0
1633983511816 0.04563238059098904 0
1633983552503 0.04448063734632272 0
1633983594286 0.045714439594974884 0
1633983634955 0.04581667007162021 0
1633983676243 0.04504864972371322 0
1633983717388 0.04500371624643986 0
1633983759337 0.04483475020298591 0
1633983799782 0.043986119845738775 0
1633983844870 0.04517929831949564 0
1633983885758 0.044543170269865255 0
1633983927618 0.04425259123627956 0
1633983968678 0.044872722717431875 0
1633984009574 0.043606452128061884 0
1633984051025 0.04479795066783061 0
1633984091612 0.044000435047424756 0
1633984132764 0.044318145513534545 0
1633984173774 0.044908663171988265 0
1633984215559 0.04634238510177686 0
1633984256226 0.044668237320505656 0
1633984297381 0.04351775677731404 0
1633984338746 0.04447602947744039 0
1633984380699 0.04311500908090518 0
1633984422666 0.043726963893725324 0
1633984463397 0.04298605890228198 0
1633984504495 0.043232132838322564 0
1633984545776 0.04254284311945622 0
1633984587874 0.043774673514641246 0
1633984628916 0.044225468228642754 0
1633984673506 0.042095290009792036 0
1633984716678 0.04197453369314854 0
1633984761035 0.04265560593742591 0
1633984802332 0.04265269344815841 0
1633984843622 0.04374307554501754 0
1633984884724 0.04169484187777226 0
1633984926086 0.041865155043510294 0
1633984967095 0.042563015795671025 0
1633985008107 0.042215203379209226 0
1633985049976 0.042882738864192596 0
1633985091747 0.041943059345850575 0
1633985133340 0.04238973552217851 0
1633985174404 0.04229128214602287 0
1633985216245 0.04205067203595088 0
1633985258080 0.041625178060852565 0
1633985299869 0.04260512120448626 0
1633985341142 0.04153077728473223 0
1633985382798 0.04066239810333802 0
1633985424684 0.04212961168243335 0
1633985465973 0.041109282380113236 0
1633985511493 0.04222566926708588 0
1633985552892 0.04154825614622006 0
1633985594745 0.041067373007535934 0
1633985640999 0.04122449231262391 0
1633985683195 0.04125975811710725 0
1633985724453 0.04301535997253198 0
1633985777067 0.04189521220441048 0
1633985819153 0.04123622459860948 0
1633985860365 0.04169391625775741 0
1633985901348 0.041412484961060377 0
1633985949077 0.04089099633005949 0
1633985990768 0.04061308084772183 0
1633986032809 0.041198525835688296 0
1633986074398 0.040344629637323895 0
1633986116056 0.04136374191595958 0
1633986158467 0.042577044780437764 0
1633986199776 0.04172153705014632 0
1633986242945 0.042273570912388654 0
1633986286712 0.040538969177466175 0
1633986328068 0.041276104719592976 0
1633986372376 0.03984107544215826 0
1633986414554 0.039560875153312317 0
1633986456062 0.040862047729583885 0
1633986497381 0.04196420326255835 0
1633986538563 0.040937771562200326 0
1633986581174 0.039671041902441244 0
1633986622692 0.0394404968390098 0
1633986664660 0.041009005588980824 0
1633986706073 0.04192100625771743 0
1633986752841 0.04087723029347567 0
1633986794889 0.03962704539299011 0
1633986837524 0.03931159193699176 0
1633986879361 0.04002550103916572 0
1633986921095 0.04046414912893222 0
1633986965961 0.03974900093789284 0
1633987011388 0.039524690262400186 0
1633987053457 0.04001157624790302 0
1633987094408 0.03924009215373259 0
1633987135938 0.03908580719278409 0
1633987177331 0.038856724420419105 0
1633987221623 0.03830434181369268 0
1633987263527 0.039321524592546314 0
1633987305198 0.039591161648814495 0
1633987346485 0.038801655259269936 0
1633987388324 0.039107306960683604 0
1633987429776 0.038360294212515536 0
1633987471260 0.03886098663967389 0
1633987513740 0.040347988445025226 0
1633987555363 0.03784627017493431 0
1633987597065 0.03858800043280308 0
1633987638815 0.039200758934020995 0
1633987680585 0.038677520190293975 0
1633987722147 0.03828018264701733 0
1633987763860 0.03839490396472124 0
1633987805640 0.0382449926665196 0
1633987849143 0.03830416374481641 0
1633987890873 0.038239419317016236 0
1633987933337 0.03792348922445224 0
1633987975112 0.037870734385572945 0
1633988016560 0.03761995813021293 0
1633988061135 0.038243914309602514 0
1633988103173 0.03856317727611615 0
1633988144555 0.03935618088222467 0
1633988186445 0.03857826421467157 0
1633988230452 0.0379559696580355 0
1633988272399 0.03938610462042002 0
1633988314564 0.040160701423883435 0
1633988356462 0.03991724089361154 0
1633988398392 0.0375682892707678 0
1633988440208 0.037740686306586634 0
1633988482732 0.03792629428207874 0
1633988524567 0.037052249106077045 0
1633988566187 0.037875430113994156 0
1633988607633 0.038244473590300636 0
1633988651868 0.03640254844839756 0
1633988693752 0.03651692248307742 0
1633988736062 0.038202133832069544 0
1633988782152 0.03755542039871216 0
1633988824362 0.03777538509323047 0
1633988865676 0.03757041291548656 0
1633988910831 0.037065822516496365 0
1633988952609 0.03784975627293954 0
1633988994907 0.03865995163527819 0
1633989036820 0.03796626994243035 0
1633989078742 0.03792868190659927 0
1633989120931 0.037097073145783865 0
1633989162956 0.0366731147066905 0
1633989205067 0.03716626694569221 0
1633989247164 0.03661746901388352 0
1633989288969 0.03695518102210302 0
1633989330667 0.03599514694741139 0
1633989372459 0.03811776019059695 0
1633989414297 0.03761620888343224 0
1633989456365 0.03634337794322234 0
1633989498860 0.0364350992326553 0
1633989541192 0.03793163606180595 0
1633989583275 0.03817670806669272 0
1633989625080 0.03617341137276246 0
1633989667250 0.03598014302551746 0
1633989710010 0.03723935868877631 0
1633989755841 0.03645127962988157 0
1633989798308 0.036413966147945474 0
1633989840692 0.03699814149966607 0
1633989883054 0.03705779339831609 0
1633989925421 0.035492951222337206 0
1633989967695 0.035970804639733754 0
1633990010252 0.03689661266712042 0
1633990052491 0.038142826551428206 0
1633990094999 0.03582756966352463 0
1633990137394 0.036438689925349675 0
1633990179904 0.03633152404083655 0
1633990222460 0.035422620893670966 0
1633990265517 0.03571249217941211 0
1633990307932 0.03591145967634825 0
1633990350561 0.03506177961826325 0
1633990392397 0.036728486361411905 0
1633990434566 0.03578839815006806 0
1633990476866 0.03501331465175519 0
1633990518903 0.034968070685863495 0
1633990562555 0.03506312651129869 0
1633990608004 0.03528534706968527 0
1633990651487 0.035081199327340495 0
1633990693834 0.035527421419437114 0
1633990737019 0.035198938072874 0
1633990779423 0.035886744409799574 0
1633990822179 0.03512437137273642 0
1633990864774 0.03516893724982555 0
1633990907253 0.034622397273778915 0
1633990950578 0.03446283781757722 0
1633990992953 0.03509474886724582 0
1633991035424 0.03398841267021803 0
1633991077792 0.035423865742408314 0
1633991119915 0.03561940015508579 0
1633991162371 0.035313839092850685 0
1633991204911 0.0360228941990779 0
1633991246864 0.03531210912534824 0
1633991289044 0.03557740028661031 0
1633991331759 0.035243034907258476 0
1633991374248 0.03467360869623148 0
1633991416201 0.035405944001216154 0
1633991461652 0.03469655250127499 0
1633991504674 0.033145614312245296 0
1633991547389 0.03547892822669103 0
1633991589777 0.03360898251143785 0
1633991631765 0.0347560251561495 0
1633991674543 0.033951357694772574 0
1633991716940 0.035429774339382464 0
1633991759843 0.0338616083161189 0
1633991803190 0.03552122459961818 0
1633991846242 0.035690164680664355 0
1633991889028 0.03453633481493363 0
