1634573947985 0.9341189362281976 1
1634573989403 0.9524465161700582 2
1634574031067 0.9529387718023256 3
1634574072389 0.9577304573946221 4
1634574114721 0.9492235760356105 5
1634574155631 0.9615768077761628 6
1634574196410 0.9591365370639535 7
1634574238015 0.9597480241642442 8
1634574278507 0.9645221089207849 9
1634574319203 0.9641436909520349 10
1634574360603 0.9652917196584302 11
1634574401819 0.9618022120276163 12
1634574442432 0.9672292310138081 13
1634574482713 0.9654152093931686 14
1634574523767 0.9629434275072675 15
1634574564455 0.9597494435864825 16
1634574605402 0.9641979128815407 17
1634574646337 0.9681827988735465 18
1634574688238 0.9589752906976744 19
1634574730654 0.9637192837027616 20
1634574770484 0.9667931845021802 21
1634574810341 0.9623327920603197 22
1634574850125 0.9689436091933139 23
1634574890211 0.9667514534883721 24
1634574929531 0.9630365416061046 25
1634574969023 0.9651693654614826 26
1634575008909 0.9654217387354651 27
1634575048398 0.9630464775617733 28
1634575087791 0.9633825967478198 29
1634575127529 0.9682818745457848 30
1634575167692 0.9629618799963663 31
1634575207295 0.9660968159520349 32
1634575246923 0.9646765420603197 33
1634575286630 0.9667931845021802 34
1634575326425 0.9684062159338663 35
1634575366269 0.9669958779978197 36
1634575405669 0.9649658203125 37
1634575445523 0.9682639898255814 38
1634575485027 0.9697963980741279 39
1634575527247 0.9678378792696221 40
1634575567016 0.9680519281431686 41
1634575607034 0.9700765920239826 42
1634575646990 0.9689867596293604 43
1634575686876 0.9673107058502907 44
1634575726506 0.9656848996184593 45
1634575766700 0.9683519940043605 46
1634575806935 0.9675891964934593 47
1634575846839 0.9681089889171511 48
1634575887313 0.9679471747819768 49
1634575928075 0.9675488849018895 50
1634575968719 0.9687429028888082 51
1634576009976 0.9677978515625 52
1634576051182 0.9675043150436047 53
1634576092015 0.9681688885356105 54
1634576132831 0.9675230514171511 55
1634576173527 0.9671176644258721 56
1634576215787 0.9684783225835756 57
1634576257126 0.9678750681322674 58
1634576298477 0.9684953556504361 59
1634576342319 0.9678520734920059 60
1634576383372 0.9675227675327035 61
1634576424023 0.9685402093931686 62
1634576465998 0.9693981081940407 63
1634576507275 0.9688856967659883 64
1634576547291 0.9675877770712209 65
1634576586985 0.9675928869912791 66
1634576627215 0.9683778274890988 67
1634576668815 0.9692524754723837 68
1634576710693 0.968276480741279 69
1634576751941 0.9694387036700581 70
1634576793101 0.9697160587754361 71
1634576835321 0.9670938181322675 72
1634576876462 0.9693972565406976 73
1634576917929 0.9638666197311047 74
1634576959743 0.970102425508721 75
1634577000514 0.9692555982013081 76
1634577042851 0.9696763149527616 77
1634577083757 0.9685260151707848 78
1634577125492 0.9699883039607559 79
1634577169716 0.9677674759265988 80
1634577211561 0.9689226017441861 81
1634577253123 0.9689776753270349 82
1634577294234 0.968604367278343 83
1634577335693 0.9671469045239826 84
1634577377879 0.9688925099927326 85
1634577419639 0.968226800962936 86
1634577460762 0.967552007630814 87
1634577502077 0.9658367777979651 88
1634577543475 0.9679196379905524 89
1634577586283 0.9699071130087209 90
1634577628949 0.9664846021075582 91
1634577672217 0.9689691587936047 92
1634577714615 0.9705506790515989 93
1634577757376 0.9691005972928779 94
1634577799875 0.9675151026526163 95
1634577842892 0.9673541401707849 96
1634577885579 0.9667173873546512 97
1634577928096 0.9668556390806686 98
1634577970396 0.9702321607013081 99
1634578014820 0.9663934751998546 100
1634578057308 0.9698086051053779 101
