1634573948069 0.9341189362281976 1
1634573989553 0.9524465161700582 2
1634574031222 0.9529387718023256 3
1634574072530 0.9577304573946221 4
1634574155787 0.9615768077761628 6
1634574278667 0.9645221089207849 9
1634574319370 0.9641436909520349 10
1634574360738 0.9652917196584302 11
1634574646500 0.9681827988735465 18
1634574850308 0.9689436091933139 23
1634575127710 0.9682818745457848 30
1634575286833 0.9667931845021802 34
1634575326634 0.9684062159338663 35
1634575485226 0.9697963980741279 39
1634575607284 0.9700765920239826 42
1634576092250 0.9681688885356105 54
1634576793388 0.9697160587754361 71
1634577125783 0.9699883039607559 79
1634577586622 0.9699071130087209 90
1634578057720 0.9698086051053779 101
