1634573948072 0.651254793827892 1
1634573989557 0.7157900726863722 2
1634574031225 0.7391786164617503 3
1634574072534 0.7584210901409609 4
1634574155790 0.8072543857579638 6
1634574278670 0.8112425215759453 9
1634574319374 0.8121825964059686 10
1634574360742 0.8236668027124651 11
1634574646505 0.8291730197833816 18
1634574850312 0.8295278414488533 23
1634575127713 0.8352274980041935 30
1634575286836 0.8415616312058561 34
1634575326637 0.8513094229811002 35
1634575485229 0.851686898133461 39
1634575607287 0.8551036867462424 42
1634576092253 0.858964299610609 54
1634576793391 0.8624221876180039 71
1634577125787 0.8666324101893425 79
1634577586625 0.8703869988736436 90
1634578057723 0.8734963991213663 101
