1634573947989 0.651254793827892 1
1634573989408 0.7157900726863722 2
1634574031072 0.7391786164617503 3
1634574072393 0.7584210901409609 4
1634574114725 0.7536913812268952 5
1634574155635 0.8072543857579638 6
1634574196414 0.7759019345632272 7
1634574238019 0.777862842115294 8
1634574278511 0.8112425215759453 9
1634574319208 0.8121825964059686 10
1634574360607 0.8236668027124651 11
1634574401823 0.7905477650267267 12
1634574442436 0.799335494396549 13
1634574482718 0.814150616081519 14
1634574523771 0.8086823320972202 15
1634574564459 0.7979668251671115 16
1634574605407 0.8207525742302143 17
1634574646341 0.8291730197833816 18
1634574688242 0.8047845284370827 19
1634574730658 0.7911342369832826 20
1634574770488 0.8138560442894479 21
1634574810345 0.7890087521293404 22
1634574850129 0.8295278414488533 23
1634574890215 0.8198745090322889 24
1634574929535 0.8270883900802635 25
1634574969027 0.8268008739634893 26
1634575008914 0.8099603718097752 27
1634575048402 0.7934327775353228 28
1634575087795 0.8062217739866371 29
1634575127533 0.8352274980041935 30
1634575167696 0.8176154492650844 31
1634575207299 0.8311807194680558 32
1634575246926 0.8339966408861179 33
1634575286634 0.8415616312058561 34
1634575326429 0.8513094229811002 35
1634575366273 0.8285678976265706 36
1634575405673 0.8314220645155157 37
1634575445527 0.8278819705704833 38
1634575485031 0.851686898133461 39
1634575527251 0.8443585679878559 40
1634575567020 0.8416202636569786 41
1634575607039 0.8551036867462424 42
1634575646994 0.8393517531714377 43
1634575686880 0.8355865339049977 44
1634575726510 0.8411847024609741 45
1634575766704 0.8484796659907469 46
1634575806939 0.8471505173163107 47
1634575846843 0.850665287731207 48
1634575887317 0.8518435379267281 49
1634575928079 0.8355564783510335 50
1634575968724 0.8467644941299103 51
1634576009980 0.8527624548132301 52
1634576051186 0.8452231725321958 53
1634576092019 0.858964299610609 54
1634576132835 0.844332481104109 55
1634576173531 0.8323310182609143 56
1634576215791 0.850378405698543 57
1634576257130 0.8564361810208332 58
1634576298481 0.8437921009826165 59
1634576342323 0.8491462194988768 60
1634576383375 0.8528421196110045 61
1634576424027 0.8555226553211048 62
1634576466002 0.8534017786201439 63
1634576507280 0.8451304240636934 64
1634576547296 0.8502803997424907 65
1634576586989 0.8461962864275046 66
1634576627219 0.857779302855729 67
1634576668819 0.852150216315587 68
1634576710697 0.844859244160163 69
1634576751945 0.8561247382626749 70
1634576793105 0.8624221876180039 71
1634576835325 0.8420094979070192 72
1634576876467 0.854957525332765 73
1634576917933 0.8333496610256151 74
1634576959747 0.8592919832651388 75
1634577000518 0.8586592178591113 76
1634577042855 0.8552908641949423 77
1634577083761 0.8542369254993871 78
1634577125496 0.8666324101893425 79
1634577169719 0.8594310804618334 80
1634577211565 0.8662271218369721 81
1634577253127 0.8513007155238865 82
1634577294238 0.8590056555671601 83
1634577335697 0.8385232942228817 84
1634577377883 0.8554520496853802 85
1634577419643 0.8611716430698234 86
1634577460766 0.8590425646071499 87
1634577502081 0.8431058964523712 88
1634577543480 0.8612897693964042 89
1634577586288 0.8703869988736436 90
1634577628953 0.8531478224079339 91
1634577672221 0.8465845944964091 92
1634577714619 0.8629935873212006 93
1634577757379 0.8612327261672992 94
1634577799879 0.8590691254374998 95
1634577842895 0.8494605524804067 96
1634577885583 0.8474949314261737 97
1634577928100 0.8576131976026178 98
1634577970400 0.8666633816429635 99
1634578014824 0.8480515417832051 100
1634578057312 0.8734963991213663 101
