1634573948071 0.7380736934384854 1
1634573989555 0.803776443628098 2
1634574031224 0.809627947146795 3
1634574072533 0.8115333386750335 4
1634574155789 0.8570817340518867 6
1634574278669 0.8712939378996244 9
1634574319373 0.864016794985996 10
1634574360741 0.8709241584620723 11
1634574646503 0.8783189705303951 18
1634574850310 0.8883942572757909 23
1634575127712 0.8924942740573767 30
1634575286835 0.8811121170580362 34
1634575326636 0.8873411586714695 35
1634575485228 0.8939730106532694 39
1634575607286 0.8920780237267455 42
1634576092252 0.8866869259709693 54
1634576793390 0.8899018894789328 71
1634577125786 0.8939793240549161 79
1634577586624 0.9027484781331617 90
1634578057722 0.901547311851763 101
