1634573947988 0.7380736934384854 1
1634573989406 0.803776443628098 2
1634574031071 0.809627947146795 3
1634574072392 0.8115333386750335 4
1634574114724 0.8063451375703187 5
1634574155634 0.8570817340518867 6
1634574196413 0.8456027297941473 7
1634574238018 0.845805756760561 8
1634574278510 0.8712939378996244 9
1634574319207 0.864016794985996 10
1634574360606 0.8709241584620723 11
1634574401822 0.8518763749017666 12
1634574442435 0.865934006642349 13
1634574482716 0.8668840126027003 14
1634574523770 0.8617285788407532 15
1634574564458 0.8447085071986171 16
1634574605406 0.8701682722724661 17
1634574646340 0.8783189705303951 18
1634574688241 0.8514290954562707 19
1634574730657 0.858344471834547 20
1634574770487 0.8672400485828127 21
1634574810344 0.8603922536112663 22
1634574850128 0.8883942572757909 23
1634574890214 0.8725413373295985 24
1634574929534 0.8688750201419616 25
1634574969026 0.8705753225751293 26
1634575008913 0.8578646935668451 27
1634575048401 0.869010552423167 28
1634575087794 0.8509431226488794 29
1634575127532 0.8924942740573767 30
1634575167695 0.8655760081640675 31
1634575207298 0.8715931709930558 32
1634575246925 0.8842310091352824 33
1634575286633 0.8811121170580362 34
1634575326428 0.8873411586714695 35
1634575366272 0.8782760101515953 36
1634575405672 0.8654140711324917 37
1634575445526 0.8775235901666016 38
1634575485030 0.8939730106532694 39
1634575527250 0.8899338057302001 40
1634575567019 0.8823895749298488 41
1634575607038 0.8920780237267455 42
1634575646993 0.8912152875346423 43
1634575686879 0.8871267918665379 44
1634575726508 0.8819117909648441 45
1634575766703 0.8933840838757022 46
1634575806938 0.8794816223384183 47
1634575846842 0.8763745480113307 48
1634575887316 0.8833997992563597 49
1634575928078 0.882043650734708 50
1634575968723 0.8936769859793436 51
1634576009979 0.8849945572834745 52
1634576051184 0.8869186908346299 53
1634576092018 0.8866869259709693 54
1634576132834 0.8847768381404278 55
1634576173530 0.8869290714158796 56
1634576215790 0.8868946797203406 57
1634576257129 0.8890039539059855 58
1634576298480 0.8944374446731412 59
1634576342322 0.885543046899278 60
1634576383374 0.894159260083928 61
1634576424026 0.8880069588529826 62
1634576466000 0.8958445807275682 63
1634576507279 0.8964440876208885 64
1634576547295 0.8879307370941188 65
1634576586988 0.887980718689916 66
1634576627218 0.8904697975329022 67
1634576668818 0.8933963923479549 68
1634576710696 0.8910445790532401 69
1634576751944 0.8931980547269138 70
1634576793104 0.8899018894789328 71
1634576835324 0.8834113809645133 72
1634576876466 0.8868156527884921 73
1634576917932 0.8829239852333707 74
1634576959746 0.8915702877653308 75
1634577000517 0.8959782236719842 76
1634577042854 0.8871813051117988 77
1634577083760 0.8911272397059604 78
1634577125495 0.8939793240549161 79
1634577169719 0.8871963568492091 80
1634577211564 0.8935324676664053 81
1634577253126 0.8895962504403799 82
1634577294237 0.8867320606443624 83
1634577335696 0.8701136780703008 84
1634577377882 0.8907885527583251 85
1634577419642 0.887958478256472 86
1634577460765 0.8901760380955527 87
1634577502080 0.8822164131464242 88
1634577543478 0.8926664970114788 89
1634577586286 0.9027484781331617 90
1634577628952 0.8842399067574657 91
1634577672220 0.8901344911870573 92
1634577714618 0.8945547488353511 93
1634577757378 0.8931540314152273 94
1634577799878 0.8856403177900639 95
1634577842894 0.8847114370272549 96
1634577885582 0.8928423209104502 97
1634577928099 0.8852123730180854 98
1634577970399 0.8950894774275998 99
1634578014823 0.882544463644503 100
1634578057311 0.901547311851763 101
