1634573948074 4.697171521377202 1
1634573989559 4.193987826942148 2
1634574031227 3.9931612120683355 3
1634574072535 4.036182589453974 4
1634574155791 3.8199419613868884 6
1634574278671 3.673852692688186 9
1634574319375 3.749884949467031 10
1634574360743 3.6311914173477713 11
1634574646506 3.605532910370062 18
1634574850313 3.6123907450365538 23
1634575127714 3.536951981937482 30
1634575286838 3.5484819355991104 34
1634575326638 3.483979313344649 35
1634575485231 3.45651217332285 39
1634575607288 3.423324416995853 42
1634576092255 3.5092888453499933 54
1634576793392 3.396196376034567 71
1634577125788 3.395471606746001 79
1634577586627 3.4001692154102434 90
1634578057725 3.426126662423716 101
