1634573947991 4.697171521377202 1
1634573989410 4.193987826942148 2
1634574031073 3.9931612120683355 3
1634574072395 4.036182589453974 4
1634574114726 4.116087732329681 5
1634574155637 3.8199419613868884 6
1634574196415 3.8419095531531924 7
1634574238020 4.0359813859674425 8
1634574278513 3.673852692688186 9
1634574319209 3.749884949467031 10
1634574360609 3.6311914173477713 11
1634574401824 3.92610905321917 12
1634574442437 3.692147248815321 13
1634574482719 3.6516052830033137 14
1634574523773 3.73703710640254 15
1634574564461 3.8972503975931057 16
1634574605408 3.6267169794422043 17
1634574646343 3.605532910370062 18
1634574688244 3.7624630710654556 19
1634574730660 3.8388393606659386 20
1634574770489 3.7375853059144024 21
1634574810347 3.9099659322256284 22
1634574850130 3.6123907450365538 23
1634574890216 3.6310368348770425 24
1634574929537 3.6435331534153113 25
1634574969028 3.6020958638330614 26
1634575008915 3.7817777367774084 27
1634575048404 3.8833757557835744 28
1634575087797 3.860205176028968 29
1634575127534 3.536951981937482 30
1634575167698 3.7505548018631725 31
1634575207301 3.6095752814017703 32
1634575246928 3.685263228511465 33
1634575286635 3.5484819355991104 34
1634575326431 3.483979313344649 35
1634575366275 3.6388202080272825 36
1634575405675 3.6387840439288426 37
1634575445528 3.6218824439867117 38
1634575485033 3.45651217332285 39
1634575527252 3.5269136107946077 40
1634575567021 3.524592051537514 41
1634575607040 3.423324416995853 42
1634575646996 3.4935630804898152 43
1634575686881 3.584303677152215 44
1634575726511 3.493402721484801 45
1634575766706 3.5025829647536897 46
1634575806941 3.5638638257005586 47
1634575846844 3.4713075150734296 48
1634575887318 3.4851197753630045 49
1634575928081 3.575242169208285 50
1634575968725 3.536685111292231 51
1634576009982 3.511107962927729 52
1634576051187 3.583380435363313 53
1634576092021 3.5092888453499933 54
1634576132836 3.490476397867158 55
1634576173533 3.546979685440993 56
1634576215793 3.5114828819038295 57
1634576257132 3.5013744256405137 58
1634576298482 3.5579154645234845 59
1634576342325 3.485002873573871 60
1634576383377 3.483958756312945 61
1634576424029 3.4845618391522124 62
1634576466003 3.452647442220912 63
1634576507282 3.492663046677903 64
1634576547297 3.476813055151437 65
1634576586991 3.5625308044851303 66
1634576627221 3.4682245159097485 67
1634576668820 3.454056997877414 68
1634576710698 3.5320352143889395 69
1634576751947 3.418027394676539 70
1634576793107 3.396196376034567 71
1634576835327 3.5940741002275995 72
1634576876468 3.5097131241967157 73
1634576917935 3.735329817534479 74
1634576959749 3.4381453153060044 75
1634577000519 3.430256386519895 76
1634577042857 3.470657661639726 77
1634577083763 3.5155914789832416 78
1634577125498 3.395471606746001 79
1634577169721 3.461706219258716 80
1634577211566 3.3947340716991845 81
1634577253128 3.571355619569068 82
1634577294239 3.441542521625069 83
1634577335698 3.5448894659171333 84
1634577377885 3.4351182823658197 85
1634577419644 3.4020526152340786 86
1634577460768 3.4661250166424735 87
1634577502083 3.5785998801409966 88
1634577543481 3.4671750037982694 89
1634577586290 3.4001692154102434 90
1634577628955 3.5302250187993884 91
1634577672223 3.473028887175175 92
1634577714621 3.4147499565178454 93
1634577757381 3.4432293547717245 94
1634577799881 3.4135374784534007 95
1634577842897 3.5135033621316696 96
1634577885585 3.5587520156334578 97
1634577928102 3.4746571923558682 98
1634577970401 3.4213916545767216 99
1634578014826 3.5567851228593605 100
1634578057314 3.426126662423716 101
