1634573948072 0.5551584048643474 1
1634573989556 0.6381127498103971 2
1634574031224 0.6696639059608425 3
1634574072533 0.6750301404607154 4
1634574155789 0.7338809212568895 6
1634574278669 0.7437567318989788 9
1634574319373 0.7437485549409311 10
1634574360741 0.7556256532914685 11
1634574646504 0.7620230667066623 18
1634574850311 0.7650959529478168 23
1634575127712 0.773679337694673 30
1634575286836 0.779038097585601 34
1634575326636 0.7881898922150965 35
1634575485229 0.789539053856893 39
1634575607286 0.7956910595722106 42
1634576092253 0.7968618983312047 54
1634576793390 0.8028069117129675 71
1634577125786 0.8083346585196893 79
1634577586625 0.8116529203487292 90
1634578057723 0.8135949730486227 101
