1634573947989 0.5551584048643474 1
1634573989407 0.6381127498103971 2
1634574031071 0.6696639059608425 3
1634574072393 0.6750301404607154 4
1634574114724 0.6697472023461897 5
1634574155635 0.7338809212568895 6
1634574196413 0.7055530037834589 7
1634574238018 0.7030625381789917 8
1634574278511 0.7437567318989788 9
1634574319207 0.7437485549409311 10
1634574360607 0.7556256532914685 11
1634574401822 0.7172170339176088 12
1634574442435 0.7288229744649917 13
1634574482717 0.7417221607979766 14
1634574523770 0.7441265375628835 15
1634574564459 0.7202576639696605 16
1634574605406 0.7551842140303419 17
1634574646341 0.7620230667066623 18
1634574688242 0.7320887475519461 19
1634574730658 0.7196298883823432 20
1634574770487 0.7463656188191151 21
1634574810345 0.7198000450017334 22
1634574850128 0.7650959529478168 23
1634574890214 0.7523523710541165 24
1634574929535 0.7592275266897254 25
1634574969026 0.7601286849954173 26
1634575008913 0.7367954347222062 27
1634575048402 0.7243691421150507 28
1634575087795 0.7363086164330869 29
1634575127532 0.773679337694673 30
1634575167696 0.7533907450834139 31
1634575207299 0.7656744568889869 32
1634575246926 0.7677393399761214 33
1634575286633 0.779038097585601 34
1634575326429 0.7881898922150965 35
1634575366272 0.7627870304538313 36
1634575405673 0.7673382239794708 37
1634575445526 0.7637449275696077 38
1634575485031 0.789539053856893 39
1634575527250 0.7817618721725408 40
1634575567019 0.7778119734471038 41
1634575607038 0.7956910595722106 42
1634575646994 0.775519608120556 43
1634575686879 0.7716561442123329 44
1634575726509 0.7775074046120595 45
1634575766704 0.7893136076938561 46
1634575806939 0.7833067368199879 47
1634575846842 0.788414434836211 48
1634575887316 0.7879840691194027 49
1634575928078 0.7717439196195118 50
1634575968723 0.7850950613319175 51
1634576009979 0.7905721736093198 52
1634576051185 0.7821164603340335 53
1634576092019 0.7968618983312047 54
1634576132834 0.782765607049244 55
1634576173531 0.7708864406626351 56
1634576215791 0.7901549113072327 57
1634576257130 0.793963597558056 58
1634576298480 0.7836627202297958 59
1634576342323 0.7888552577535837 60
1634576383375 0.7932897142953388 61
1634576424027 0.7939746376960427 62
1634576466001 0.7926797757384098 63
1634576507280 0.7854883411361354 64
1634576547295 0.7879124511146576 65
1634576586989 0.7851089872123802 66
1634576627219 0.7981109488778417 67
1634576668818 0.7918636372093223 68
1634576710696 0.7835504793792147 69
1634576751944 0.7964840425139242 70
1634576793105 0.8028069117129675 71
1634576835325 0.7805681588494796 72
1634576876466 0.7953277625611173 73
1634576917933 0.7686867199183498 74
1634576959747 0.8001199556351475 75
1634577000517 0.7958302991000143 76
1634577042855 0.7952537307339373 77
1634577083761 0.793852148004729 78
1634577125496 0.8083346585196893 79
1634577169719 0.798597983376367 80
1634577211564 0.8071508031537359 81
1634577253126 0.789527114827649 82
1634577294237 0.7993692195262938 83
1634577335696 0.7766148570771426 84
1634577377883 0.7968174693173059 85
1634577419642 0.8019882199336307 86
1634577460765 0.7993251473047791 87
1634577502080 0.7830651744637434 88
1634577543479 0.8016385167746833 89
1634577586287 0.8116529203487292 90
1634577628953 0.792259934104016 91
1634577672221 0.7874234150864992 92
1634577714619 0.8040170498604033 93
1634577757379 0.8003616398526646 94
1634577799879 0.7981836970216734 95
1634577842895 0.7896066048812401 96
1634577885583 0.7865632971801815 97
1634577928100 0.7962311435482032 98
1634577970399 0.806242411803576 99
1634578014824 0.7863665824323572 100
1634578057312 0.8135949730486227 101
