1634573947986 0.6902891310082859 1
1634573989405 0.778335259111822 2
1634574031069 0.9131968664418704 3
1634574072390 0.7721290024651328 4
1634574114722 0.7870263752512416 5
1634574155633 0.8316680917074655 6
1634574196411 0.832332656232128 7
1634574238016 0.7581027118506051 8
1634574278509 0.8607251038554715 9
1634574319205 0.8509227578548241 10
1634574360604 0.8695087696119232 11
1634574401820 0.8065569621148878 12
1634574442433 0.8171689736485859 13
1634574482715 0.8123623454972129 14
1634574523768 0.8636687996517236 15
1634574564456 0.7771020194227192 16
1634574605404 0.8849462713813411 17
1634574646339 0.8337553915124769 18
1634574688239 0.8552145150087342 19
1634574730656 0.8011541013342227 20
1634574770485 0.8106549802331384 21
1634574810342 0.7810764556190891 22
1634574850126 0.834774032387794 23
1634574890212 0.8085452166628796 24
1634574929532 0.8331458111037409 25
1634574969024 0.8407744654197201 26
1634575008911 0.7797696017486564 27
1634575048400 0.7815769985754821 28
1634575087793 0.7767291550201572 29
1634575127530 0.8680726467888645 30
1634575167693 0.8193228800445495 31
1634575207296 0.8455953801219234 32
1634575246924 0.8742505336430719 33
1634575286631 0.8492608823757762 34
1634575326427 0.8543373010817975 35
1634575366270 0.8127894712263858 36
1634575405671 0.8454231300991488 37
1634575445524 0.8366424518215948 38
1634575485028 0.8590696890958301 39
1634575527248 0.8352225614652835 40
1634575567017 0.8492102734986909 41
1634575607036 0.8821930811445324 42
1634575646992 0.8376898477605108 43
1634575686877 0.8452866585216322 44
1634575726507 0.8545102720781323 45
1634575766702 0.8692193889845502 46
1634575806936 0.8571682873953401 47
1634575846840 0.8914967258152094 48
1634575887314 0.8699073439288061 49
1634575928076 0.827027692199207 50
1634575968721 0.8528993647805251 51
1634576009977 0.8580986809099423 52
1634576051183 0.8630765779428438 53
1634576092017 0.8610723989271409 54
1634576132832 0.8309546062983303 55
1634576173528 0.8286076123640425 56
1634576215788 0.8444855437339566 57
1634576257128 0.875900566402428 58
1634576298478 0.8626858237993873 59
1634576342320 0.8741514573570064 60
1634576383373 0.8610720503366008 61
1634576424024 0.8711236219812394 62
1634576465999 0.8617504890650814 63
1634576507277 0.8391147158676512 64
1634576547293 0.8586526325877463 65
1634576586987 0.8814518947588821 66
1634576627216 0.8649078982199986 67
1634576668816 0.8886776341270181 68
1634576710694 0.832699170132975 69
1634576751942 0.8804973943071102 70
1634576793103 0.8901915153803862 71
1634576835322 0.8416375526944484 72
1634576876463 0.8645885961560181 73
1634576917930 0.8311524290547313 74
1634576959745 0.8740111339069141 75
1634577000515 0.8833025099627498 76
1634577042852 0.8767360225233669 77
1634577083759 0.8608770935554807 78
1634577125493 0.8938482240056582 79
1634577169717 0.8841564768694168 80
1634577211562 0.8792497645836352 81
1634577253124 0.8557059781009451 82
1634577294235 0.8695816261178815 83
1634577335694 0.8689015506966391 84
1634577377880 0.8955251269763259 85
1634577419640 0.8841190430985183 86
1634577460763 0.8742977640095774 87
1634577502078 0.8892916206529483 88
1634577543477 0.9024431393101161 89
1634577586285 0.8902449330484015 90
1634577628951 0.8602506962671393 91
1634577672219 0.8930893641699834 92
1634577714616 0.8937421601662638 93
1634577757377 0.8855675438703973 94
1634577799876 0.8956058286100216 95
1634577842893 0.8701978891068036 96
1634577885580 0.8632009084918935 97
1634577928097 0.8753598268052789 98
1634577970397 0.8856499046624189 99
1634578014821 0.8552413963529283 100
1634578057309 0.886930766784197 101
