1634573947990 0.7779690997159698 1
1634573989409 0.8116533868674145 2
1634574031073 0.8287298320937793 3
1634574072395 0.8515783915050724 4
1634574114726 0.8526531946745812 5
1634574155636 0.8673661179946899 6
1634574196415 0.861241067027575 7
1634574238020 0.8510611651534117 8
1634574278512 0.8802199455589647 9
1634574319209 0.8807043474228672 10
1634574360608 0.8841507716515221 11
1634574401824 0.8702751498515937 12
1634574442437 0.8816307367015819 13
1634574482719 0.8806078582657889 14
1634574523772 0.8680319506148841 15
1634574564460 0.8635554202818938 16
1634574605408 0.8774335167286205 17
1634574646342 0.8902717565622201 18
1634574688243 0.87986306297206 19
1634574730659 0.8809104459620284 20
1634574770489 0.8860257472456428 21
1634574810346 0.8781399405460165 22
1634574850130 0.8894836024613036 23
1634574890216 0.8765977728883908 24
1634574929536 0.8730932037532259 25
1634574969028 0.8885726259936151 26
1634575008915 0.872230198761412 27
1634575048403 0.8714018876622457 28
1634575087796 0.879140189525906 29
1634575127534 0.8882683811187126 30
1634575167697 0.8759698037066272 31
1634575207300 0.8926385726899376 32
1634575246927 0.8998277020541372 33
1634575286635 0.8873923687763791 34
1634575326430 0.8934275992797684 35
1634575366274 0.8860057611765169 36
1634575405674 0.8789783729382648 37
1634575445528 0.8927660035010192 38
1634575485032 0.9008017743545419 39
1634575527252 0.890050545358545 40
1634575567021 0.8930014371152307 41
1634575607040 0.9043954501968261 42
1634575646995 0.9023693123093398 43
1634575686881 0.9022951227269992 44
1634575726511 0.8889384185455982 45
1634575766705 0.8919114587467106 46
1634575806940 0.8976631982422796 47
1634575846844 0.8916439936088832 48
1634575887318 0.8947245912834763 49
1634575928080 0.8976908736205845 50
1634575968725 0.9014366508791163 51
1634576009981 0.8987260760206585 52
1634576051187 0.8983001321352583 53
1634576092020 0.8952313065847277 54
1634576132836 0.8870865557104196 55
1634576173532 0.8896180337183337 56
1634576215792 0.88985616885529 57
1634576257131 0.9020741356124501 58
1634576298482 0.9008415759576426 59
1634576342324 0.8967255305779577 60
1634576383376 0.8993589837904612 61
1634576424028 0.9022882216326962 62
1634576466003 0.9047023896824388 63
1634576507281 0.8995238881657176 64
1634576547297 0.9025207101802991 65
1634576586990 0.9040277410597224 66
1634576627220 0.9008481788903262 67
1634576668820 0.9027767085632797 68
1634576710698 0.8935493595907593 69
1634576751946 0.9028118833146628 70
1634576793106 0.9017068882143623 71
1634576835326 0.8941985955351243 72
1634576876468 0.8941708961973357 73
1634576917934 0.883584210941474 74
1634576959748 0.9002159353638981 75
1634577000519 0.8994734228091997 76
1634577042856 0.89876071463301 77
1634577083762 0.9011108954733629 78
1634577125497 0.8989072107519362 79
1634577169720 0.9041899879716121 80
1634577211566 0.8988547698173346 81
1634577253128 0.9036136747686382 82
1634577294239 0.9001721982655034 83
1634577335698 0.8899768669087642 84
1634577377884 0.8951696107227982 85
1634577419644 0.8965168858913433 86
1634577460767 0.894604525536451 87
1634577502082 0.8853901362831174 88
1634577543481 0.8979689793774631 89
1634577586289 0.9004084509471619 90
1634577628955 0.8911537067690031 91
1634577672223 0.8920459096887058 92
1634577714620 0.9003091792895306 93
1634577757381 0.8971843101561892 94
1634577799880 0.8971770713553758 95
1634577842896 0.8900544969946536 96
1634577885584 0.8952540264854428 97
1634577928101 0.8972469570591401 98
1634577970401 0.9076281904260223 99
1634578014825 0.8854890084037882 100
1634578057314 0.9031002933736906 101
