1634573948074 0.7779690997159698 1
1634573989558 0.8116533868674145 2
1634574031226 0.8287298320937793 3
1634574072535 0.8515783915050724 4
1634574155791 0.8673661179946899 6
1634574278671 0.8802199455589647 9
1634574319375 0.8807043474228672 10
1634574360743 0.8841507716515221 11
1634574646506 0.8902717565622201 18
1634574850313 0.8894836024613036 23
1634575127714 0.8882683811187126 30
1634575286837 0.8873923687763791 34
1634575326638 0.8934275992797684 35
1634575485230 0.9008017743545419 39
1634575607288 0.9043954501968261 42
1634576092254 0.8952313065847277 54
1634576793392 0.9017068882143623 71
1634577125788 0.8989072107519362 79
1634577586626 0.9004084509471619 90
1634578057724 0.9031002933736906 101
