1634573948070 0.6902891310082859 1
1634573989554 0.778335259111822 2
1634574031222 0.9131968664418704 3
1634574072531 0.7721290024651328 4
1634574155787 0.8316680917074655 6
1634574278667 0.8607251038554715 9
1634574319371 0.8509227578548241 10
1634574360739 0.8695087696119232 11
1634574646501 0.8337553915124769 18
1634574850309 0.834774032387794 23
1634575127710 0.8680726467888645 30
1634575286833 0.8492608823757762 34
1634575326634 0.8543373010817975 35
1634575485227 0.8590696890958301 39
1634575607284 0.8821930811445324 42
1634576092250 0.8610723989271409 54
1634576793388 0.8901915153803862 71
1634577125784 0.8938482240056582 79
1634577586623 0.8902449330484015 90
1634578057721 0.886930766784197 101
