1634573948070 0.7723275056209034 1
1634573989554 0.7685141295660057 2
1634574031223 0.6922564399384157 3
1634574072532 0.8615989510613108 4
1634574155788 0.8493180694442863 6
1634574278668 0.8405227592393192 9
1634574319371 0.8470146212461779 10
1634574360740 0.8437006941902996 11
1634574646502 0.8929212749869444 18
1634574850309 0.8861172095663992 23
1634575127711 0.8609189132715138 30
1634575286834 0.882342560556664 34
1634575326635 0.8908540972884063 35
1634575485227 0.8899827526384844 39
1634575607285 0.880027244101087 42
1634576092251 0.890108199974959 54
1634576793389 0.8735949457186866 71
1634577125784 0.8706301983017112 79
1634577586623 0.8780266706399353 90
1634578057721 0.886414634596035 101
