1634573947987 0.7723275056209034 1
1634573989405 0.7685141295660057 2
1634574031070 0.6922564399384157 3
1634574072391 0.8615989510613108 4
1634574114723 0.8392418561172394 5
1634574155633 0.8493180694442863 6
1634574196412 0.8242427590690993 7
1634574238016 0.8834101924377583 8
1634574278509 0.8405227592393192 9
1634574319205 0.8470146212461779 10
1634574360605 0.8437006941902996 11
1634574401821 0.8595388888282538 12
1634574442434 0.8742115601451701 13
1634574482715 0.889349310253484 14
1634574523769 0.8232680821270101 15
1634574564457 0.8941970913350226 16
1634574605404 0.8251640395755271 17
1634574646339 0.8929212749869444 18
1634574688240 0.8355116128150509 19
1634574730656 0.8808387125972246 20
1634574770485 0.9022226020670936 21
1634574810343 0.8997879201628167 22
1634574850127 0.8861172095663992 23
1634574890213 0.8920493362825437 24
1634574929533 0.8736943358755146 25
1634574969024 0.8805074693711157 26
1634575008912 0.9134655309735632 27
1634575048400 0.8909197686275349 28
1634575087793 0.9252832861176514 29
1634575127531 0.8609189132715138 30
1634575167694 0.8768956632337981 31
1634575207297 0.8826504559758387 32
1634575246924 0.856011026991244 33
1634575286632 0.882342560556664 34
1634575326427 0.8908540972884063 35
1634575366271 0.9062567435234666 36
1634575405671 0.8682541868939029 37
1634575445525 0.8894137743972985 38
1634575485029 0.8899827526384844 39
1634575527249 0.8984530289622211 40
1634575567018 0.8866442662113889 41
1634575607036 0.880027244101087 42
1634575646992 0.9021910258706518 43
1634575686878 0.8924572031836223 44
1634575726507 0.8716077343255626 45
1634575766702 0.8717690385802216 46
1634575806937 0.8875309725420596 47
1634575846840 0.8543135395915601 48
1634575887315 0.8763294123884624 49
1634575928077 0.9098111155980613 50
1634575968721 0.8916165197975633 51
1634576009978 0.8924307141106697 52
1634576051183 0.8783966305229921 53
1634576092017 0.890108199974959 54
1634576132833 0.9002414713689427 55
1634576173529 0.8949073242107892 56
1634576215789 0.8949286222395919 57
1634576257128 0.8792557792677366 58
1634576298479 0.882748545286473 59
1634576342321 0.8718741096712318 60
1634576383373 0.8908215120685153 61
1634576424025 0.8866990248772249 62
1634576465999 0.8939735823652566 63
1634576507278 0.9066598292616453 64
1634576547294 0.8922289773234544 65
1634576586987 0.8662261966346256 66
1634576627217 0.8933510687537363 67
1634576668817 0.8682755983329475 68
1634576710695 0.9060234149678561 69
1634576751943 0.8770552007827466 70
1634576793103 0.8735949457186866 71
1634576835323 0.8951368035174453 72
1634576876465 0.8830299359109577 73
1634576917931 0.8826964871158586 74
1634576959745 0.8843253248364591 75
1634577000516 0.8700929918877026 76
1634577042853 0.8790097538145829 77
1634577083759 0.8960956185528107 78
1634577125494 0.8706301983017112 79
1634577169718 0.8786115111740088 80
1634577211563 0.8846551864644725 81
1634577253124 0.8969178000978032 82
1634577294236 0.8889614036152329 83
1634577335695 0.8576956945429353 84
1634577377881 0.8586408550016073 85
1634577419641 0.8735363927598057 86
1634577460764 0.8785737073327331 87
1634577502079 0.8379504948959006 88
1634577543477 0.8546692822698657 89
1634577586285 0.8780266706399353 90
1634577628951 0.8850973848033457 91
1634577672219 0.8538800831616362 92
1634577714617 0.872833909539504 93
1634577757377 0.8705534997137073 94
1634577799877 0.8634203886346586 95
1634577842893 0.8695653015970792 96
1634577885581 0.8788845582607994 97
1634577928098 0.8745931306549918 98
1634577970398 0.8869182828365482 99
1634578014822 0.8830623690664021 100
1634578057310 0.886414634596035 101
