1634573948073 0.8644643492629417 1
1634573989557 0.867821225547962 2
1634574031225 0.8384008225478224 3
1634574072534 0.9156532322888118 4
1634574155790 0.9118548709275354 6
1634574278670 0.909940156502729 9
1634574319374 0.9146787247014022 10
1634574360742 0.9135247759428665 11
1634574646505 0.9353909045836104 18
1634574850312 0.9327601834126577 23
1634575127713 0.9214055673338263 30
1634575286837 0.9305282966065822 34
1634575326637 0.9353095809026081 35
1634575485230 0.93487849476181 39
1634575607287 0.9298672764989178 42
1634576092254 0.9336755305271284 54
1634576793391 0.9279462717443215 71
1634577125787 0.9261651710289956 79
1634577586626 0.9285380291874199 90
1634578057724 0.9333061618080714 101
