1634573947990 0.8644643492629417 1
1634573989408 0.867821225547962 2
1634574031072 0.8384008225478224 3
1634574072394 0.9156532322888118 4
1634574114725 0.9032170540565886 5
1634574155636 0.9118548709275354 6
1634574196414 0.8987326030134486 7
1634574238019 0.9255025450220887 8
1634574278512 0.909940156502729 9
1634574319208 0.9146787247014022 10
1634574360608 0.9135247759428665 11
1634574401823 0.9192000505160522 12
1634574442436 0.9255475286518089 13
1634574482718 0.932654958987323 14
1634574523771 0.9026013695062747 15
1634574564460 0.931106532665504 16
1634574605407 0.9030413092038533 17
1634574646342 0.9353909045836104 18
1634574688243 0.9089877547426494 19
1634574730659 0.9298415984829791 20
1634574770488 0.9385407534405903 21
1634574810346 0.9369679581791257 22
1634574850129 0.9327601834126577 23
1634574890215 0.934377516210144 24
1634574929536 0.9214195443883096 25
1634574969027 0.9312130926225305 26
1634575008914 0.9419658184657146 27
1634575048403 0.9321486120411095 28
1634575087796 0.9457331651139745 29
1634575127533 0.9214055673338263 30
1634575167697 0.9278284988185365 31
1634575207300 0.9312792843042128 32
1634575246927 0.9221358638756927 33
1634575286634 0.9305282966065822 34
1634575326430 0.9353095809026081 35
1634575366274 0.9407388963337914 36
1634575405674 0.9228943124504286 37
1634575445527 0.9352017378741919 38
1634575485032 0.93487849476181 39
1634575527251 0.9374627662708345 40
1634575567020 0.9325724725306176 41
1634575607039 0.9298672764989178 42
1634575646995 0.9412634800112862 43
1634575686880 0.936731083938821 44
1634575726510 0.925331486758312 45
1634575766705 0.9252328386559882 46
1634575806940 0.9338869813571907 47
1634575846843 0.9190442411330401 48
1634575887317 0.9277091394267083 49
1634575928080 0.9428355190879628 50
1634575968724 0.9366854287858725 51
1634576009980 0.9361180453885379 52
1634576051186 0.9297266125734633 53
1634576092020 0.9336755305271284 54
1634576132835 0.9393842884543022 55
1634576173532 0.9359106549000455 56
1634576215792 0.9341441932562898 57
1634576257131 0.9308614296691445 58
1634576298481 0.9325925997290315 59
1634576342324 0.9260800896129112 60
1634576383376 0.9354398912662747 61
1634576424028 0.9332086051515113 62
1634576466002 0.9376317604239597 63
1634576507281 0.9406280197329693 64
1634576547296 0.9359081891195039 65
1634576586990 0.9261429781508937 66
1634576627220 0.9347225357461459 67
1634576668819 0.9250852746665343 68
1634576710697 0.9398715239226678 69
1634576751945 0.9300765528987821 70
1634576793106 0.9279462717443215 71
1634576835326 0.9361386478647039 72
1634576876467 0.9314926117807036 73
1634576917934 0.9292053191935463 74
1634576959748 0.9329932847523584 75
1634577000518 0.9248583184616774 76
1634577042856 0.9301351734269585 77
1634577083762 0.9369085501235874 78
1634577125497 0.9261651710289956 79
1634577169720 0.9311601764377835 80
1634577211565 0.9331144504495705 81
1634577253127 0.9365855660018195 82
1634577294238 0.934715057306353 83
1634577335697 0.920243822505496 84
1634577377884 0.9193814919189416 85
1634577419643 0.9266401922599861 86
1634577460767 0.9303537197514177 87
1634577502082 0.9098357788475397 88
1634577543480 0.9202716632776778 89
1634577586288 0.9285380291874199 90
1634577628954 0.930639330691863 91
1634577672222 0.9171641047361904 92
1634577714620 0.9268093050049921 93
1634577757380 0.9259820288541993 94
1634577799880 0.920556183098146 95
1634577842896 0.9254215000171712 96
1634577885584 0.9302470519166238 97
1634577928101 0.9285294665105641 98
1634577970400 0.9348169957583994 99
1634578014825 0.9280002312954997 100
1634578057313 0.9333061618080714 101
