1634573947988 0.9575303685916603 1
1634573989406 0.9680469775719509 2
1634574031070 0.9847902336635055 3
1634574072391 0.970277317042389 4
1634574114723 0.9682002622444453 5
1634574155634 0.9756458424990455 6
1634574196412 0.9741828607101934 7
1634574238017 0.9676074233570019 8
1634574278510 0.9803333829453623 9
1634574319206 0.982849480624712 10
1634574360606 0.984177271842478 11
1634574401821 0.9788798735166774 12
1634574442434 0.9779911175263468 13
1634574482716 0.9771833670910737 14
1634574523769 0.9829481290581283 15
1634574564458 0.9690132020168716 16
1634574605405 0.9820123515069776 17
1634574646340 0.978697067112014 18
1634574688241 0.9832918815547135 19
1634574730657 0.9787793259042243 20
1634574770486 0.9751494123852845 21
1634574810344 0.9730720759746955 22
1634574850127 0.980147732519678 23
1634574890213 0.9774161493545973 24
1634574929534 0.9703841989514707 25
1634574969025 0.9824317081955116 26
1634575008912 0.9716058072718111 27
1634575048401 0.9737377827152703 28
1634575087794 0.9666787470480385 29
1634575127531 0.98256543898954 30
1634575167694 0.9787433495813983 31
1634575207298 0.9804258944404344 32
1634575246925 0.9882248109158809 33
1634575286632 0.9791339042854649 34
1634575326428 0.9801871963005833 35
1634575366271 0.9754946878863564 36
1634575405672 0.9783655212278002 37
1634575445525 0.9813895366400038 38
1634575485030 0.9804127963509329 39
1634575527249 0.977227198688794 40
1634575567018 0.9792915595595333 41
1634575607037 0.980722177008751 42
1634575646993 0.9806963955007407 43
1634575686878 0.9808468477049722 44
1634575726508 0.9793044891350516 45
1634575766703 0.9794956381448316 46
1634575806938 0.9807542671172129 47
1634575846841 0.9846773680934292 48
1634575887315 0.9800960268608004 49
1634575928077 0.9766486538413803 50
1634575968722 0.9821436612681351 51
1634576009978 0.9808013865392243 52
1634576051184 0.9809415222987388 53
1634576092018 0.9778582199368103 54
1634576132833 0.978754502343289 55
1634576173529 0.9770530653468281 56
1634576215790 0.9742419314666249 57
1634576257129 0.9828391397912531 58
1634576298479 0.9823915030353487 59
1634576342322 0.9809934435053069 60
1634576383374 0.9802415453862332 61
1634576424026 0.980557261827548 62
1634576466000 0.9815777315159993 63
1634576507278 0.9750192102244402 64
1634576547294 0.9796812517346983 65
1634576586988 0.9860457867728643 66
1634576627217 0.9768818864620391 67
1634576668817 0.9825265230616038 68
1634576710695 0.9744030434998028 69
1634576751943 0.98348998966787 70
1634576793104 0.9832446056567617 71
1634576835324 0.9776964424394641 72
1634576876465 0.9805712060634899 73
1634576917932 0.9758970693027896 74
1634576959746 0.982235952064928 75
1634577000516 0.9803259516511632 76
1634577042854 0.9817364631839964 77
1634577083760 0.9782362608225551 78
1634577125495 0.982299721760613 79
1634577169718 0.9840288710741358 80
1634577211563 0.9821692289257755 81
1634577253125 0.9762589107177145 82
1634577294236 0.9809860937567801 83
1634577335695 0.9833395575198953 84
1634577377882 0.9813639637575471 85
1634577419641 0.9808957716816273 86
1634577460764 0.9827078256017605 87
1634577502079 0.982430490887163 88
1634577543478 0.9863998659833495 89
1634577586286 0.9799358886391087 90
1634577628952 0.9768747999357246 91
1634577672220 0.9814828149184112 92
1634577714618 0.9815009822879134 93
1634577757378 0.9818854174905888 94
1634577799878 0.978780201353519 95
1634577842894 0.9820605488995455 96
1634577885582 0.9815315936969958 97
1634577928099 0.982907535186112 98
1634577970398 0.9830889864593608 99
1634578014823 0.9740240174540628 100
1634578057311 0.9809197310387889 101
