1634573948071 0.9575303685916603 1
1634573989555 0.9680469775719509 2
1634574031223 0.9847902336635055 3
1634574072532 0.970277317042389 4
1634574155788 0.9756458424990455 6
1634574278668 0.9803333829453623 9
1634574319372 0.982849480624712 10
1634574360740 0.984177271842478 11
1634574646503 0.978697067112014 18
1634574850310 0.980147732519678 23
1634575127711 0.98256543898954 30
1634575286835 0.9791339042854649 34
1634575326635 0.9801871963005833 35
1634575485228 0.9804127963509329 39
1634575607285 0.980722177008751 42
1634576092252 0.9778582199368103 54
1634576793389 0.9832446056567617 71
1634577125785 0.982299721760613 79
1634577586624 0.9799358886391087 90
1634578057722 0.9809197310387889 101
