1634573944589 0.6752883133950172 0
1634573986647 0.6329083164016922 0
1634574028338 0.6080382133459116 0
1634574069572 0.5889209594045367 0
1634574111982 0.5677775899311165 0
1634574152933 0.5524757032270555 0
1634574193743 0.5348591494869877 0
1634574235311 0.5219353371626371 0
1634574275821 0.5065230344023023 0
1634574316446 0.4928520356679892 0
1634574357838 0.4762714776125821 0
1634574399171 0.4637732339369786 0
1634574439786 0.4521899327829287 0
1634574480028 0.44241923480838924 0
1634574521029 0.42910519280991 0
1634574561728 0.4202341700529123 0
1634574602639 0.4067602900715617 0
1634574643596 0.396793942172806 0
1634574685592 0.38840822894851884 0
1634574725541 0.37992793321609497 0
1634574767759 0.3666012639349157 0
1634574807672 0.35904123469606625 0
1634574847448 0.3474477964949298 0
1634574887530 0.33811863134433695 0
1634574926800 0.334062771750735 0
1634574966316 0.32250436521195747 0
1634575006232 0.31477894372754284 0
1634575045737 0.3098703789246547 0
1634575085102 0.3002652537513089 0
1634575124780 0.28924192217263306 0
1634575164977 0.2828111141533047 0
1634575204593 0.2806538099592382 0
1634575244210 0.2745933108902597 0
1634575283921 0.26659256916541557 0
1634575323722 0.25621302677439406 0
1634575363573 0.2501425530229296 0
1634575402976 0.24212976477362894 0
1634575442825 0.24075254275427235 0
1634575482338 0.22986245755251353 0
1634575522347 0.22252889074288407 0
1634575564258 0.21798408553971874 0
1634575604252 0.21338498611728868 0
1634575644261 0.20625073472400765 0
1634575684153 0.20259059394721862 0
1634575723732 0.20149796417394242 0
1634575763948 0.19402406664637775 0
1634575804211 0.1945106208130911 0
1634575844034 0.1853290462455192 0
1634575884505 0.1847728584687431 0
1634575925223 0.1751527330511576 0
1634575965766 0.1759340747610315 0
1634576007127 0.17064679626907622 0
1634576048356 0.17000112779341736 0
1634576089132 0.1657582036667056 0
1634576130066 0.16618062062309935 0
1634576170677 0.16368427417882078 0
1634576213045 0.15817452328545706 0
1634576254281 0.1592138623455902 0
1634576295551 0.15396152359324616 0
1634576337122 0.1499126690935779 0
1634576380424 0.15014219177620752 0
1634576421112 0.15048783804689134 0
1634576462978 0.1455628000103034 0
1634576504326 0.1432467685504393 0
1634576544499 0.14277718941886702 0
1634576584197 0.1426783608538764 0
1634576624293 0.13896261165281396 0
1634576665896 0.14193129916856814 0
1634576707758 0.13769490508870644 0
1634576748999 0.13314597976285142 0
1634576790215 0.13397188958796588 0
1634576832358 0.13404497097839008 0
1634576873596 0.13605282987867082 0
1634576915106 0.12981656474339498 0
1634576956701 0.13566890087994662 0
1634576997652 0.13145098235312994 0
1634577039878 0.13060793619264255 0
1634577080887 0.12784314571649996 0
1634577122482 0.12835353641928016 0
1634577164613 0.1268853706779418 0
1634577208540 0.12527519628986136 0
1634577250290 0.1204935336461315 0
1634577291317 0.12445378748627452 0
1634577332599 0.13371089783001255 0
1634577374821 0.12224146249619397 0
1634577416752 0.112155819432689 0
1634577457819 0.12449850838679771 0
1634577499117 0.11969526958736507 0
1634577540466 0.12749974207057582 0
1634577583225 0.11009344855299244 0
1634577625937 0.10513444119072579 0
1634577669206 0.11290072993218124 0
1634577711607 0.1194292153050373 0
1634577754306 0.10909438670262114 0
1634577796883 0.10995948977478139 0
1634577839875 0.11835747633080979 0
1634577882615 0.11516167745961771 0
1634577925043 0.10000905979956899 0
1634577967380 0.09548591159574397 0
1634578009424 0.10919053823529899 0
1634578054203 0.1147061489135414 0
