1634578503863 0.9385588889898255 1
1634578544643 0.9518932253815408 2
1634578585624 0.9578777934229651 3
1634578626171 0.9526247956031977 4
1634578666635 0.95711669921875 5
1634578707248 0.9632009107013081 6
1634578747819 0.9636449059774709 7
1634578788336 0.9588784861010174 8
1634578828981 0.9624562817950582 9
1634578869349 0.9649663880813953 10
1634578910246 0.9649306186409884 11
1634578951026 0.9620142737100291 12
1634578991348 0.9660122183866279 13
1634579031845 0.9650245843931686 14
1634579072418 0.9661073196765988 15
1634579112938 0.9663821198219477 16
1634579153210 0.9649098950763081 17
1634579193498 0.9665998591933139 18
1634579233784 0.9657731876816861 19
1634579276201 0.9638825172601744 20
1634579316728 0.9641947901526163 21
1634579357355 0.9642995435138081 22
1634579397702 0.9674276662427326 23
1634579438667 0.9663310206213663 24
1634579479096 0.9691247274709303 25
1634579519914 0.9648519826489825 26
1634579560641 0.9654376362645349 27
1634579601132 0.9636855014534884 28
1634579641336 0.9675204964571221 29
1634579681859 0.9668363349382267 30
1634579722529 0.965855230287064 31
1634579762782 0.9664300962936047 32
1634579803264 0.9671398074127907 33
1634579843607 0.9645260833030523 34
1634579883928 0.9672147529069768 35
1634579924515 0.9634061591569767 36
1634579965104 0.9656610533248546 37
1634580005848 0.9686560342478198 38
1634580046130 0.9666347769803779 39
1634580089016 0.9685160792151163 40
1634580129683 0.9688669603924419 41
1634580170475 0.9691573741824128 42
1634580211011 0.9675883448401162 43
1634580251488 0.9666901344476744 44
1634580291984 0.9650524050690407 45
1634580332500 0.9679891896802325 46
1634580373183 0.9643012468204942 47
1634580413673 0.9674410088117733 48
1634580454217 0.9676695357921512 49
1634580494764 0.9658929869186047 50
1634580535354 0.9670032589934593 51
1634580575871 0.968799679778343 52
1634580616495 0.9666356286337209 53
1634580657222 0.9690196902252907 54
1634580698144 0.9672292310138081 55
1634580738610 0.9652428915334302 56
1634580779198 0.9672275277071221 57
1634580819534 0.9699255654978197 58
1634580860624 0.9685328283975291 59
1634580903182 0.9680187136627907 60
1634580943844 0.9668757948764535 61
1634580984389 0.9689910178960756 62
1634581024916 0.9685385060864825 63
1634581065264 0.9684050803960755 64
1634581105994 0.968393441133721 65
1634581146633 0.970216547056686 66
1634581187383 0.9681112599927325 67
1634581228205 0.9679971384447674 68
1634581268849 0.9674912563590117 69
1634581309383 0.9692218159520349 70
1634581349921 0.9708643713662791 71
1634581390480 0.9694279160610465 72
1634581431535 0.969508539244186 73
1634581472295 0.9679761309956395 74
1634581512962 0.9682174327761628 75
1634581553713 0.9677416424418605 76
1634581594583 0.9702557231104652 77
1634581635521 0.9677674759265988 78
1634581676154 0.9689254405886628 79
1634581718768 0.9698707757994186 80
1634581759639 0.9690514852834302 81
1634581800234 0.9704782885174419 82
1634581841090 0.9689291310864826 83
1634581882107 0.9690333166787791 84
1634581922877 0.9679136764171512 85
1634581963462 0.965831667877907 86
1634582004523 0.9664562136627907 87
1634582045535 0.9673615211664244 88
1634582086262 0.967897211119186 89
1634582127275 0.9679295739462209 90
1634582167779 0.9619657294694768 91
1634582208495 0.9681850699491279 92
1634582249152 0.9644573832667152 93
1634582290199 0.9674256790515988 94
1634582330948 0.9669584052507267 95
1634582371648 0.9675869254178779 96
1634582412361 0.9667696220930233 97
1634582453155 0.9678165879360465 98
1634582494097 0.9684516374454942 99
1634582537288 0.9682287881540698 100
1634582578181 0.9689419058866279 101
1634582619304 0.9665481922238373 102
1634582660035 0.9672936727834303 103
1634582701206 0.9691426121911337 104
1634582742523 0.9671239098837209 105
1634582783523 0.9703584892805233 106
1634582824353 0.967615597747093 107
1634582865218 0.9692655341569767 108
1634582906232 0.9696780182594477 109
1634582947183 0.9685532680777617 110
1634582988029 0.9685254474018895 111
1634583029007 0.9690086187318314 112
1634583070016 0.9694469363190407 113
1634583111027 0.9703406045603198 114
1634583152131 0.9690441042877908 115
1634583192887 0.9683397869731105 116
1634583233902 0.9688022347383721 117
1634583274892 0.9689646166424418 118
1634583315933 0.9687136627906977 119
1634583358995 0.9685072787972384 120
1634583400195 0.9673223451126454 121
1634583441217 0.9678126135537791 122
1634583482310 0.9678736487100291 123
1634583523499 0.9640582417332849 124
1634583564728 0.9677152411882267 125
1634583606037 0.9682143100472383 126
1634583647215 0.9686577375545058 127
1634583688542 0.967310421965843 128
1634583729427 0.9685314089752907 129
1634583770360 0.970044796965843 130
1634583811267 0.9675761378088663 131
1634583852414 0.9678404342296512 132
1634583893750 0.9695298305777617 133
1634583934760 0.9696340161700582 134
1634583976483 0.9678674032521802 135
1634584017610 0.9690228129542151 136
1634584058508 0.96876220703125 137
1634584099469 0.9680383016896802 138
1634584140464 0.9687568132267442 139
1634584183950 0.9682540538699128 140
1634584225450 0.9694435297056686 141
1634584266579 0.9690898096838663 142
1634584307743 0.9688927938771802 143
1634584348974 0.9688121706940407 144
1634584390900 0.9686313363008721 145
1634584432519 0.9700042014898256 146
1634584473654 0.9691295535065407 147
1634584514879 0.9689492868822674 148
1634584556343 0.9673873546511628 149
1634584597423 0.9673691860465117 150
1634584638802 0.9686137354651163 151
1634584679815 0.964586550690407 152
1634584721124 0.9705708348473837 153
1634584762222 0.968825797147529 154
1634584803388 0.9674486736918605 155
1634584844615 0.9680246752361918 156
1634584885769 0.9674983534702035 157
1634584927022 0.9681498682776163 158
1634584968399 0.965808957122093 159
1634585011912 0.9671148255813954 160
1634585053211 0.9684615734011628 161
1634585094709 0.9682807390079942 162
1634585135882 0.9683213344840116 163
1634585177003 0.9682923782703489 164
1634585218431 0.9667315815770349 165
1634585259850 0.9675429233284883 166
1634585301256 0.9669856581577035 167
1634585342721 0.9685756949491279 168
1634585383817 0.96851806640625 169
1634585425312 0.9694367164789244 170
1634585466855 0.9699108035065407 171
1634585508572 0.9679738599200581 172
