1634578503940 0.9385588889898255 1
1634578544782 0.9518932253815408 2
1634578585793 0.9578777934229651 3
1634578666779 0.95711669921875 5
1634578707403 0.9632009107013081 6
1634578829122 0.9624562817950582 9
1634578869637 0.9649663880813953 10
1634578910590 0.9649306186409884 11
1634579397903 0.9674276662427326 23
1634579479286 0.9691247274709303 25
1634580089231 0.9685160792151163 40
1634580819772 0.9699255654978197 58
1634582701562 0.9691426121911337 104
1634583935154 0.9696340161700582 134
1634584349418 0.9688121706940407 144
