1634578503944 0.6631863374554685 1
1634578544786 0.7126431646387449 2
1634578585796 0.7359853424399976 3
1634578666782 0.7535872629269142 5
1634578707407 0.8004128742411688 6
1634578829125 0.8028035113067691 9
1634578869641 0.8081067287178594 10
1634578910594 0.8262879756169303 11
1634579397906 0.8353339629785205 23
1634579479290 0.8494183396457174 25
1634580089234 0.8615722712214203 40
1634580819776 0.8715519170778735 58
1634582701565 0.8733807340406339 104
1634583935157 0.8757902345066652 134
1634584349421 0.8778363075169102 144
