1634578503868 0.6631863374554685 1
1634578544647 0.7126431646387449 2
1634578585628 0.7359853424399976 3
1634578626175 0.7327074242578757 4
1634578666639 0.7535872629269142 5
1634578707252 0.8004128742411688 6
1634578747823 0.799668630139756 7
1634578788340 0.7680117755644521 8
1634578828985 0.8028035113067691 9
1634578869353 0.8081067287178594 10
1634578910250 0.8262879756169303 11
1634578951030 0.8070024780909164 12
1634578991352 0.8095084254541417 13
1634579031849 0.8080961052590219 14
1634579072422 0.8249341422262608 15
1634579112942 0.8191675287510404 16
1634579153214 0.8200187948837699 17
1634579193502 0.8195876482036005 18
1634579233788 0.8223520978612373 19
1634579276205 0.800754756853285 20
1634579316732 0.810079243186171 21
1634579357359 0.8070077492228208 22
1634579397706 0.8353339629785205 23
1634579438671 0.8268327670734874 24
1634579479100 0.8494183396457174 25
1634579519918 0.8258887105848068 26
1634579560646 0.8137509174134411 27
1634579601136 0.7921148357594416 28
1634579641340 0.8199476670913164 29
1634579681863 0.8355031376424487 30
1634579722533 0.8378705749613274 31
1634579762786 0.8361229006584447 32
1634579803268 0.8450952745864753 33
1634579843612 0.8012551618663367 34
1634579883932 0.8313764101792561 35
1634579924519 0.8157782369837412 36
1634579965108 0.8419077870178044 37
1634580005852 0.8349986072612153 38
1634580046134 0.8437165698173529 39
1634580089020 0.8615722712214203 40
1634580129687 0.852550449382816 41
1634580170479 0.8524292410390097 42
1634580211015 0.840033019431928 43
1634580251492 0.8164028123215551 44
1634580291988 0.8349110701617368 45
1634580332505 0.8504540654895535 46
1634580373187 0.8303453148783209 47
1634580413677 0.8472763688104396 48
1634580454221 0.846550795364341 49
1634580494768 0.8303836615488019 50
1634580535358 0.8219766455094599 51
1634580575875 0.8529494053859966 52
1634580616500 0.8317538621483547 53
1634580657226 0.8558522568228656 54
1634580698148 0.8538838368064484 55
1634580738614 0.7988382973870367 56
1634580779202 0.839468992404001 57
1634580819538 0.8715519170778735 58
1634580860628 0.8417023616661922 59
1634580903186 0.8417134419569245 60
1634580943848 0.8180215918739734 61
1634580984393 0.8495883229064175 62
1634581024920 0.8541318852185882 63
1634581065268 0.854287782501994 64
1634581105998 0.8474606017523194 65
1634581146637 0.8642177194746862 66
1634581187387 0.8356063885563432 67
1634581228210 0.8442720711874188 68
1634581268853 0.8445168808906008 69
1634581309387 0.8615403607805356 70
1634581349925 0.8683086999206459 71
1634581390484 0.8484429298692155 72
1634581431539 0.8586502638344929 73
1634581472299 0.8382904782245376 74
1634581512966 0.8528294425496818 75
1634581553717 0.8487071120222496 76
1634581594586 0.8599594572486713 77
1634581635525 0.8516991875052488 78
1634581676158 0.8530921104590321 79
1634581718772 0.8607605594857608 80
1634581759643 0.8552211961899322 81
1634581800238 0.8666351860436495 82
1634581841093 0.8616032777036039 83
1634581882111 0.8636173931989517 84
1634581922881 0.8574369082937173 85
1634581963466 0.8344781035028932 86
1634582004527 0.8537948301657036 87
1634582045539 0.8419693742483759 88
1634582086266 0.8393458297082204 89
1634582127279 0.8534965206995483 90
1634582167783 0.8081169713529993 91
1634582208500 0.8613320757925302 92
1634582249156 0.8212189069123649 93
1634582290203 0.8582953418340254 94
1634582330952 0.8473459846547907 95
1634582371652 0.8535079088929981 96
1634582412365 0.8459412199620223 97
1634582453159 0.8635441320257178 98
1634582494101 0.86993022089039 99
1634582537292 0.8623019980607068 100
1634582578185 0.8619104163966602 101
1634582619308 0.8488180953794537 102
1634582660039 0.8578163854289395 103
1634582701210 0.8733807340406339 104
1634582742527 0.8632250069920937 105
1634582783527 0.8716984451612099 106
1634582824357 0.860230193950353 107
1634582865222 0.8596834795681669 108
1634582906237 0.8669154505310229 109
1634582947187 0.85614998219999 110
1634582988034 0.8603789880222089 111
1634583029010 0.8498149133493115 112
1634583070020 0.8623367094009571 113
1634583111031 0.8688063042348927 114
1634583152135 0.8718863699185989 115
1634583192891 0.8609843121553827 116
1634583233906 0.8626187053241465 117
1634583274897 0.8639499121139552 118
1634583315938 0.859784060997615 119
1634583358999 0.8545229329637449 120
1634583400199 0.8537122597760307 121
1634583441221 0.8578521337613886 122
1634583482314 0.8638253507653662 123
1634583523503 0.8498401982086048 124
1634583564732 0.8620717984176165 125
1634583606041 0.8562527947783702 126
1634583647219 0.8692517901067396 127
1634583688546 0.8524733412901023 128
1634583729430 0.8602461834999899 129
1634583770364 0.8658910256459218 130
1634583811271 0.8514561003492462 131
1634583852418 0.8587042434179815 132
1634583893754 0.8597783286257512 133
1634583934765 0.8757902345066652 134
1634583976487 0.8571994977220642 135
1634584017614 0.861627227543125 136
1634584058512 0.8632506551289787 137
1634584099475 0.8582982172962512 138
1634584140468 0.8596805560730146 139
1634584183954 0.86137487084079 140
1634584225454 0.8571551838942612 141
1634584266583 0.8681222585994723 142
1634584307747 0.8642641781725657 143
1634584348978 0.8778363075169102 144
1634584390904 0.8688926084238431 145
1634584432523 0.857960029509347 146
1634584473658 0.8603635033465055 147
1634584514883 0.8640423118153745 148
1634584556346 0.8667766411093533 149
1634584597427 0.8574990050247803 150
1634584638806 0.8564299481319255 151
1634584679819 0.8331055443729012 152
1634584721129 0.8723424147625081 153
1634584762226 0.8571492276320111 154
1634584803392 0.855541476322283 155
1634584844619 0.8674364877302484 156
1634584885773 0.85563097646397 157
1634584927025 0.8647045701278829 158
1634584968403 0.8559228468299781 159
1634585011916 0.8580252731237674 160
1634585053215 0.8713382107308149 161
1634585094713 0.8672932913471237 162
1634585135886 0.8685331133428206 163
1634585177007 0.8654897672491725 164
1634585218435 0.8667040328253978 165
1634585259853 0.8593134210774716 166
1634585301261 0.8567638144216085 167
1634585342725 0.8692551510571654 168
1634585383821 0.8626329225310455 169
1634585425316 0.858318707654921 170
1634585466859 0.8686250569951979 171
1634585508576 0.8628049496773494 172
