1634578503866 0.749108446232031 1
1634578544646 0.784630311326444 2
1634578585627 0.8068713812477751 3
1634578626174 0.7986331439563433 4
1634578666638 0.8257500591245465 5
1634578707251 0.8553822174189187 6
1634578747822 0.8545531372023188 7
1634578788339 0.8313975986992675 8
1634578828984 0.8595891219731667 9
1634578869352 0.8602202393555884 10
1634578910249 0.8679787226960417 11
1634578951029 0.8502818923327258 12
1634578991351 0.8752307889200024 13
1634579031848 0.8646425908798439 14
1634579072421 0.8689406413757769 15
1634579112941 0.8672872752896087 16
1634579153213 0.8713752130208882 17
1634579193500 0.8722234245555367 18
1634579233787 0.8670340154323148 19
1634579276204 0.8644559228457387 20
1634579316731 0.8536397831727247 21
1634579357358 0.8648299289944207 22
1634579397705 0.8761258986821415 23
1634579438670 0.8712706373510192 24
1634579479099 0.8892484094498925 25
1634579519917 0.8708937704351952 26
1634579560645 0.8760641610509787 27
1634579601135 0.8500236852943434 28
1634579641339 0.8835320432032462 29
1634579681862 0.8699137158621869 30
1634579722532 0.87381814018622 31
1634579762785 0.8814613451100287 32
1634579803267 0.8804896617235497 33
1634579843611 0.8828343288724865 34
1634579883931 0.8762547356558168 35
1634579924518 0.8738067741102787 36
1634579965107 0.882704970453204 37
1634580005851 0.8808360434576715 38
1634580046133 0.8801982868565018 39
1634580089019 0.8884001964748993 40
1634580129686 0.893290446480956 41
1634580170478 0.8897070397126249 42
1634580211014 0.8806484651931864 43
1634580251491 0.8898800238417149 44
1634580291987 0.889205567447286 45
1634580332503 0.886398072206431 46
1634580373186 0.8700216464226478 47
1634580413676 0.8862730171575236 48
1634580454220 0.8826960255272107 49
1634580494767 0.8808755697106214 50
1634580535357 0.8903349421883188 51
1634580575874 0.889714908969333 52
1634580616499 0.8829650523328094 53
1634580657225 0.8923499241893132 54
1634580698147 0.8811422584435858 55
1634580738613 0.869846566691819 56
1634580779201 0.885131802892144 57
1634580819537 0.8902723968108771 58
1634580860627 0.8836667058496531 59
1634580903185 0.8875938266364225 60
1634580943847 0.8775362550908847 61
1634580984392 0.8815304031719785 62
1634581024919 0.8870624006161438 63
1634581065267 0.8906249909637369 64
1634581105997 0.8893605552119223 65
1634581146636 0.8924203537414087 66
1634581187386 0.8910988445898662 67
1634581228209 0.8852984454351785 68
1634581268852 0.8901083558537395 69
1634581309386 0.8894983632884018 70
1634581349924 0.8918089872230397 71
1634581390483 0.8944370765224683 72
1634581431538 0.8863441965706397 73
1634581472298 0.8883715529142338 74
1634581512965 0.8895833170825592 75
1634581553716 0.8856448176892573 76
1634581594585 0.8963468211776512 77
1634581635524 0.8928991041724538 78
1634581676156 0.8853543337497051 79
1634581718771 0.8977616425099415 80
1634581759642 0.8922069243920175 81
1634581800237 0.8945232908131869 82
1634581841092 0.8941056362565042 83
1634581882110 0.8917651753186527 84
1634581922880 0.8940971040161498 85
1634581963465 0.8823582929850108 86
1634582004526 0.8889424273866645 87
1634582045538 0.8789061387040447 88
1634582086265 0.8819861433888346 89
1634582127278 0.8943389275793966 90
1634582167782 0.8667266438624104 91
1634582208499 0.889271047184741 92
1634582249155 0.8702146172763188 93
1634582290202 0.8899153768939256 94
1634582330951 0.8823679726844332 95
1634582371651 0.8846369251897158 96
1634582412364 0.8801935870043254 97
1634582453158 0.8957025045411761 98
1634582494100 0.888502525337228 99
1634582537291 0.8994611773489845 100
1634582578184 0.8939012283347794 101
1634582619307 0.8897225154183721 102
1634582660038 0.8797475656490916 103
1634582701209 0.9019227439731443 104
1634582742526 0.8948112190891759 105
1634582783526 0.8995649523572314 106
1634582824356 0.8920486753811585 107
1634582865220 0.9011956087997726 108
1634582906235 0.8994195993034355 109
1634582947186 0.8921249802731848 110
1634582988032 0.8968117650761595 111
1634583029009 0.8984747703689576 112
1634583070019 0.8938267655732255 113
1634583111030 0.9056650539404245 114
1634583152134 0.8946439463205067 115
1634583192890 0.8928801390431143 116
1634583233905 0.888984647653049 117
1634583274896 0.8956145933221668 118
1634583315936 0.8961524387344701 119
1634583358998 0.894934873508835 120
1634583400198 0.8842687415043643 121
1634583441220 0.8894267115830696 122
1634583482313 0.8824366182553219 123
1634583523502 0.8799775392518042 124
1634583564731 0.8889509572296797 125
1634583606040 0.8916805744940394 126
1634583647218 0.8917391531946102 127
1634583688545 0.8880503524606805 128
1634583729429 0.8961291681476573 129
1634583770363 0.8977658273910988 130
1634583811270 0.8915184537569324 131
1634583852417 0.8807214915044184 132
1634583893753 0.8961460858481262 133
1634583934764 0.8948979716697106 134
1634583976486 0.8853428889406253 135
1634584017613 0.893588994470625 136
1634584058511 0.8908106676159715 137
1634584099474 0.8859599833436244 138
1634584140467 0.8874686271862849 139
1634584183953 0.8927608104678859 140
1634584225453 0.8978671737682183 141
1634584266582 0.8956219774301875 142
1634584307746 0.8908082386964001 143
1634584348976 0.8966061536537537 144
1634584390903 0.89134313236475 145
1634584432522 0.8982364913776543 146
1634584473657 0.8927456796913197 147
1634584514882 0.8962517796938746 148
1634584556345 0.8895764175434232 149
1634584597426 0.8845014595935089 150
1634584638805 0.8924352517956907 151
1634584679818 0.869726136335988 152
1634584721128 0.8951467649945603 153
1634584762224 0.89679101539729 154
1634584803391 0.8874562112718921 155
1634584844618 0.8813072972828455 156
1634584885772 0.8858065281852517 157
1634584927024 0.8964509411211075 158
1634584968402 0.8776704697369657 159
1634585011915 0.8844894037005641 160
1634585053213 0.894580180138394 161
1634585094712 0.8952451920389368 162
1634585135885 0.8915031600444205 163
1634585177006 0.893266836523327 164
1634585218434 0.889496770701329 165
1634585259852 0.8910378745213148 166
1634585301260 0.8830985646186966 167
1634585342724 0.8968710639861055 168
1634585383820 0.8895696325342296 169
1634585425315 0.8905026640092246 170
1634585466858 0.8961763448921413 171
1634585508575 0.8852197152072966 172
