1634578503943 0.749108446232031 1
1634578544785 0.784630311326444 2
1634578585795 0.8068713812477751 3
1634578666781 0.8257500591245465 5
1634578707406 0.8553822174189187 6
1634578829124 0.8595891219731667 9
1634578869640 0.8602202393555884 10
1634578910592 0.8679787226960417 11
1634579397905 0.8761258986821415 23
1634579479289 0.8892484094498925 25
1634580089233 0.8884001964748993 40
1634580819775 0.8902723968108771 58
1634582701564 0.9019227439731443 104
1634583935156 0.8948979716697106 134
1634584349420 0.8966061536537537 144
