1634578503945 4.529703668598852 1
1634578544787 4.314120646494275 2
1634578585797 3.9157639514131164 3
1634578666784 4.032132584034081 5
1634578707408 3.7988845975608805 6
1634578829127 3.69588484058165 9
1634578869642 3.7876420883193025 10
1634578910596 3.5970929400691802 11
1634579397907 3.6236650742839607 23
1634579479291 3.4432870862990432 25
1634580089235 3.4349659038127496 40
1634580819777 3.329050167014934 58
1634582701567 3.421735077493844 104
1634583935158 3.3800362352569313 134
1634584349422 3.360747744044106 144
