1634578503869 4.529703668598852 1
1634578544648 4.314120646494275 2
1634578585630 3.9157639514131164 3
1634578626176 4.360574173753929 4
1634578666641 4.032132584034081 5
1634578707253 3.7988845975608805 6
1634578747825 3.795878857916603 7
1634578788342 4.051075073692774 8
1634578828986 3.69588484058165 9
1634578869355 3.7876420883193025 10
1634578910252 3.5970929400691802 11
1634578951031 3.8522396468507227 12
1634578991354 3.7001687983736296 13
1634579031851 3.7278605400830647 14
1634579072423 3.6125085227113263 15
1634579112944 3.6977311553623866 16
1634579153215 3.641098297071184 17
1634579193503 3.6635631031923377 18
1634579233790 3.7023215442603084 19
1634579276207 3.843675985756865 20
1634579316734 3.7787694142067467 21
1634579357360 3.7604418062934784 22
1634579397708 3.6236650742839607 23
1634579438672 3.6492277665627797 24
1634579479102 3.4432870862990432 25
1634579519920 3.6683764703112587 26
1634579560647 3.7544487583671837 27
1634579601138 3.9241891220363927 28
1634579641342 3.645018686849604 29
1634579681865 3.615123269524707 30
1634579722535 3.664477858946034 31
1634579762788 3.618723372828713 32
1634579803270 3.5496946647673973 33
1634579843613 3.8128525942263765 34
1634579883934 3.558007491238721 35
1634579924521 3.7329562409085195 36
1634579965110 3.5590428211513525 37
1634580005853 3.5808594945732706 38
1634580046136 3.5481895738617277 39
1634580089021 3.4349659038127496 40
1634580129689 3.4549051554305468 41
1634580170481 3.5185690642323806 42
1634580211017 3.545898327854426 43
1634580251494 3.6634916880254154 44
1634580291990 3.5886639459449334 45
1634580332506 3.4770131306546923 46
1634580373188 3.646716527801925 47
1634580413678 3.536379593577018 48
1634580454223 3.4970126788513736 49
1634580494770 3.6546589998896324 50
1634580535360 3.5985810263235027 51
1634580575876 3.500447294963984 52
1634580616501 3.610683995325972 53
1634580657228 3.4569278432403725 54
1634580698150 3.526178818912995 55
1634580738616 3.7814426621431774 56
1634580779204 3.6033918157619302 57
1634580819539 3.329050167014934 58
1634580860629 3.5325869895372577 59
1634580903187 3.602615476264233 60
1634580943850 3.6467908379139886 61
1634580984395 3.5370257229433064 62
1634581024922 3.472451707855146 63
1634581065270 3.4760571745037163 64
1634581105999 3.5186302532798153 65
1634581146638 3.4430772893683597 66
1634581187389 3.571626347612243 67
1634581228211 3.5027026793986944 68
1634581268855 3.5303714443523795 69
1634581309389 3.4493417136849605 70
1634581349926 3.3692497674592445 71
1634581390486 3.528535954672379 72
1634581431541 3.4477001807578693 73
1634581472300 3.56492662410121 74
1634581512968 3.493926496553273 75
1634581553718 3.5261947858278258 76
1634581594588 3.4244320502262804 77
1634581635526 3.4819613129275386 78
1634581676159 3.505761680067751 79
1634581718773 3.3932044772123136 80
1634581759644 3.4949543426700296 81
1634581800239 3.396373933354835 82
1634581841095 3.4522563204239676 83
1634581882113 3.453363027754877 84
1634581922883 3.47132725178996 85
1634581963468 3.5096410460913927 86
1634582004529 3.4720272417612703 87
1634582045541 3.5922725052532516 88
1634582086267 3.4570392672177324 89
1634582127280 3.4891898493513382 90
1634582167784 3.854704484160222 91
1634582208501 3.5185068528386 92
1634582249158 3.7762898654651 93
1634582290205 3.4820385390412305 94
1634582330954 3.449452121991301 95
1634582371654 3.54889657364195 96
1634582412366 3.4948764117027715 97
1634582453161 3.463620967161183 98
1634582494102 3.4462672226739857 99
1634582537294 3.442945810573361 100
1634582578186 3.4905071907563885 101
1634582619310 3.571284552307877 102
1634582660041 3.4585644213554967 103
1634582701211 3.421735077493844 104
1634582742529 3.5163244638010083 105
1634582783529 3.373528232374524 106
1634582824359 3.5346391245623456 107
1634582865223 3.430427751265263 108
1634582906238 3.4073835576080436 109
1634582947188 3.454672972974451 110
1634582988035 3.458592011935171 111
1634583029012 3.477453889123847 112
1634583070022 3.4260644029788065 113
1634583111033 3.3567134862149044 114
1634583152136 3.37610558692627 115
1634583192893 3.525457483167143 116
1634583233908 3.454007373158866 117
1634583274899 3.45106589801891 118
1634583315939 3.4374494548505043 119
1634583359001 3.4648036670149005 120
1634583400201 3.5083740055800834 121
1634583441223 3.5058624500285047 122
1634583482315 3.4950384196038202 123
1634583523505 3.657492627319243 124
1634583564733 3.4210988820490313 125
1634583606042 3.425948620786146 126
1634583647221 3.407156224709242 127
1634583688547 3.4826907299754777 128
1634583729432 3.451435937509043 129
1634583770365 3.415348303783152 130
1634583811273 3.4896446669929024 131
1634583852420 3.491323955652898 132
1634583893755 3.421866979881568 133
1634583934766 3.3800362352569313 134
1634583976488 3.5210972883409797 135
1634584017616 3.4223073796551913 136
1634584058514 3.4668307088043013 137
1634584099476 3.4867840935889833 138
1634584140469 3.473851360063217 139
1634584183955 3.464119016557471 140
1634584225456 3.4525029900695055 141
1634584266585 3.4412840893418464 142
1634584307748 3.391994900228414 143
1634584348979 3.360747744044106 144
1634584390905 3.424010281646497 145
1634584432525 3.3954116954263744 146
1634584473659 3.4531858797835535 147
1634584514885 3.4308363415251333 148
1634584556348 3.482619660235918 149
1634584597429 3.5049884510060405 150
1634584638808 3.4569931472004143 151
1634584679821 3.5681689675835746 152
1634584721130 3.3882353200331035 153
1634584762227 3.4086953032295804 154
1634584803393 3.5656470256797874 155
1634584844621 3.4392168761866944 156
1634584885775 3.4803669866981024 157
1634584927027 3.4607524463019765 158
1634584968404 3.46890957435582 159
1634585011917 3.5032344225875436 160
1634585053216 3.4375350335155086 161
1634585094715 3.471005857632028 162
1634585135887 3.4563743250784325 163
1634585177009 3.4665245385262433 164
1634585218436 3.452242281967143 165
1634585259855 3.4879982141762613 166
1634585301263 3.4733844997667074 167
1634585342727 3.4249970679946844 168
1634585383823 3.4472659262654393 169
1634585425317 3.4809054623078355 170
1634585466861 3.3961975548347105 171
1634585508577 3.4574052875539576 172
