1634578503943 0.5732576436555943 1
1634578544785 0.6260272631658191 2
1634578585795 0.6665758859955396 3
1634578666782 0.6714519384281986 5
1634578707406 0.7263307997561771 6
1634578829125 0.7323789137531178 9
1634578869640 0.7368409190422799 10
1634578910593 0.7587073953104964 11
1634579397905 0.767848985491561 23
1634579479289 0.7871252876387225 25
1634580089233 0.8012532880335654 40
1634580819775 0.811067458118116 58
1634582701565 0.8130771672226111 104
1634583935156 0.8156769988991258 134
1634584349420 0.8186755364225179 144
