1634578503867 0.5732576436555943 1
1634578544646 0.6260272631658191 2
1634578585628 0.6665758859955396 3
1634578626174 0.6428957731323754 4
1634578666639 0.6714519384281986 5
1634578707251 0.7263307997561771 6
1634578747823 0.7260593501462267 7
1634578788339 0.6931082087151413 8
1634578828984 0.7323789137531178 9
1634578869353 0.7368409190422799 10
1634578910250 0.7587073953104964 11
1634578951029 0.7346569060244995 12
1634578991351 0.743556805133105 13
1634579031849 0.7379294039284743 14
1634579072421 0.7635443024287367 15
1634579112941 0.7516559800071247 16
1634579153213 0.755133646117112 17
1634579193501 0.7529207548588388 18
1634579233788 0.7512595440482784 19
1634579276205 0.7290850024067286 20
1634579316732 0.7374345647178141 21
1634579357358 0.7383585322535994 22
1634579397706 0.767848985491561 23
1634579438670 0.7553036595497392 24
1634579479100 0.7871252876387225 25
1634579519918 0.7591386653056266 26
1634579560645 0.7449511412326033 27
1634579601135 0.7215348867108818 28
1634579641340 0.7553778374367178 29
1634579681863 0.7688389663361241 30
1634579722532 0.7710649216335617 31
1634579762786 0.7711415662582104 32
1634579803268 0.7797453059372523 33
1634579843611 0.7398337069077578 34
1634579883932 0.7666083449940978 35
1634579924519 0.7499185873593631 36
1634579965107 0.7760530683036908 37
1634580005851 0.7713538646225642 38
1634580046134 0.7792582502514576 39
1634580089019 0.8012532880335654 40
1634580129687 0.7919195115068094 41
1634580170478 0.7910930288902329 42
1634580211015 0.7762297478663414 43
1634580251491 0.7563747974847856 44
1634580291987 0.7732073149384614 45
1634580332504 0.7909208566560786 46
1634580373186 0.765079177902207 47
1634580413676 0.7879336060392115 48
1634580454221 0.7843924104456854 49
1634580494768 0.766451461122761 50
1634580535358 0.7616598039646842 51
1634580575874 0.7921975860605426 52
1634580616499 0.7688937996991693 53
1634580657226 0.7961442908076499 54
1634580698148 0.7931862011806442 55
1634580738614 0.7387003569643272 56
1634580779202 0.77805171423462 57
1634580819537 0.811067458118116 58
1634580860627 0.7793929659970038 59
1634580903185 0.7807030691849182 60
1634580943848 0.7576222312535159 61
1634580984392 0.7886570321522988 62
1634581024920 0.793991544643909 63
1634581065268 0.7932305868489903 64
1634581105997 0.785179269536985 65
1634581146636 0.8050766908609933 66
1634581187386 0.7748507496190769 67
1634581228209 0.7828427432318803 68
1634581268853 0.784687503392249 69
1634581309387 0.8015338374480461 70
1634581349924 0.8089154956557078 71
1634581390484 0.7898223483939736 72
1634581431539 0.7990094978468503 73
1634581472298 0.777320119327764 74
1634581512966 0.793667881008247 75
1634581553716 0.7865062509289281 76
1634581594586 0.8005092982428469 77
1634581635524 0.792760836011518 78
1634581676157 0.7934627461006171 79
1634581718771 0.8021665464909145 80
1634581759642 0.7967248973923603 81
1634581800237 0.8076629536465676 82
1634581841093 0.8007057649507109 83
1634581882111 0.804853813583513 84
1634581922880 0.7988209964496095 85
1634581963466 0.7749139468481135 86
1634582004526 0.794492700985181 87
1634582045539 0.7804493394041805 88
1634582086265 0.7814574581983857 89
1634582127278 0.7942703501838431 90
1634582167782 0.7462609565971186 91
1634582208499 0.800964416162085 92
1634582249156 0.7594268915138387 93
1634582290203 0.7975733562067854 94
1634582330951 0.7888217263194629 95
1634582371652 0.7935047517477235 96
1634582412364 0.7871699617059708 97
1634582453159 0.8016630195966067 98
1634582494100 0.8071607682051076 99
1634582537291 0.801892143531745 100
1634582578184 0.8034365125726238 101
1634582619307 0.7879610292482274 102
1634582660039 0.7983336476524409 103
1634582701209 0.8130771672226111 104
1634582742527 0.8037486858771203 105
1634582783526 0.8129019527549347 106
1634582824357 0.7990547111304591 107
1634582865221 0.8016699582955484 108
1634582906236 0.8095745417978589 109
1634582947186 0.7985269939952916 110
1634582988033 0.8015756362481019 111
1634583029010 0.7936858359519586 112
1634583070020 0.8048102944118798 113
1634583111031 0.812363657044898 114
1634583152134 0.8140760100643896 115
1634583192891 0.8012045487012435 116
1634583233906 0.8051307500495299 117
1634583274896 0.8043804094991988 118
1634583315937 0.8024686659350877 119
1634583358999 0.7963720601123634 120
1634583400199 0.7938345132880429 121
1634583441221 0.7978358525355058 122
1634583482313 0.8010599229185977 123
1634583523502 0.7854685700563222 124
1634583564731 0.8036649911008477 125
1634583606040 0.7987196054543744 126
1634583647219 0.8111556168950185 127
1634583688545 0.7916419095032974 128
1634583729430 0.8006195850987999 129
1634583770363 0.809059111571137 130
1634583811271 0.7911162626516307 131
1634583852418 0.7971550161846922 132
1634583893753 0.8009876749084207 133
1634583934764 0.8156769988991258 134
1634583976486 0.7930667156461909 135
1634584017614 0.8025380231088178 136
1634584058511 0.8044604025161133 137
1634584099474 0.7970069169789408 138
1634584140467 0.7990962918044012 139
1634584183953 0.8022983194254394 140
1634584225454 0.7991897466060975 141
1634584266583 0.8096675555941112 142
1634584307746 0.8045501052120648 143
1634584348977 0.8186755364225179 144
1634584390903 0.8071608434276014 145
1634584432523 0.8011681376507203 146
1634584473657 0.7996769352135437 147
1634584514883 0.8058034750169961 148
1634584556346 0.807141867622236 149
1634584597427 0.796796760133269 150
1634584638806 0.7977787450629797 151
1634584679818 0.775189721258292 152
1634584721128 0.8133362086827038 153
1634584762225 0.7992013697697182 154
1634584803391 0.7940794398705624 155
1634584844618 0.8057763859477058 156
1634584885773 0.7980537076008274 157
1634584927025 0.8048296121657161 158
1634584968402 0.7954756465216944 159
1634585011915 0.799224840933611 160
1634585053214 0.8115264856054708 161
1634585094713 0.8085205899055973 162
1634585135885 0.8096088919324622 163
1634585177006 0.805662495041955 164
1634585218434 0.806976142036122 165
1634585259853 0.8018730755764819 166
1634585301260 0.7978526019272133 167
1634585342724 0.8107598740768216 168
1634585383821 0.8046467931038981 169
1634585425315 0.7985518079205666 170
1634585466859 0.810898088416293 171
1634585508575 0.8032322891255326 172
