1634578503869 0.7710920641033954 1
1634578544648 0.8175070086886393 2
1634578585630 0.8292646048768265 3
1634578626176 0.8408173619043563 4
1634578666640 0.8544180752499032 5
1634578707253 0.8667791359580298 6
1634578747824 0.8558633611859744 7
1634578788341 0.8527693310244595 8
1634578828986 0.8698079266022097 9
1634578869354 0.8752256031257238 10
1634578910251 0.8759246746348417 11
1634578951031 0.8684279390477297 12
1634578991353 0.8777398416047429 13
1634579031850 0.8807892911224847 14
1634579072423 0.8702325787826847 15
1634579112943 0.8827009762358682 16
1634579153215 0.8831815196347614 17
1634579193503 0.8864839325781714 18
1634579233790 0.8862894972009215 19
1634579276206 0.8864855200514752 20
1634579316734 0.8777387552338635 21
1634579357360 0.8783757918132952 22
1634579397707 0.8891024474148344 23
1634579438672 0.884175150321184 24
1634579479101 0.8922579305064747 25
1634579519919 0.8882359477150418 26
1634579560647 0.8821256215875262 27
1634579601137 0.8740055158129992 28
1634579641342 0.888132935238813 29
1634579681864 0.8843519475321905 30
1634579722534 0.8878128970136006 31
1634579762787 0.8863222835229201 32
1634579803269 0.8895797637108666 33
1634579843613 0.8811726371754673 34
1634579883933 0.8874868546762928 35
1634579924520 0.8826028132616124 36
1634579965109 0.8918063145617549 37
1634580005853 0.8977188244638618 38
1634580046135 0.8896695373707607 39
1634580089021 0.891912247830686 40
1634580129688 0.8950600518706291 41
1634580170480 0.8999420162593162 42
1634580211016 0.8893781536855363 43
1634580251493 0.8917994340856171 44
1634580291989 0.8898418871851758 45
1634580332506 0.8972766786188529 46
1634580373188 0.8846910451332406 47
1634580413678 0.888553122416456 48
1634580454222 0.8992947882017052 49
1634580494769 0.8932413575744924 50
1634580535359 0.8931463342137544 51
1634580575876 0.9015042699777044 52
1634580616501 0.8999790905776394 53
1634580657227 0.8978124434072217 54
1634580698149 0.896165963460167 55
1634580738615 0.8765586917793112 56
1634580779203 0.8938057763743673 57
1634580819539 0.9032583270523474 58
1634580860629 0.9045141227323321 59
1634580903187 0.8989647479191114 60
1634580943849 0.8909361882283656 61
1634580984394 0.8940048969439457 62
1634581024922 0.9032425724439213 63
1634581065270 0.8970344933984689 64
1634581105999 0.9001853081805236 65
1634581146638 0.905437193215732 66
1634581187388 0.8959806857615333 67
1634581228211 0.896578510104755 68
1634581268854 0.893976433611496 69
1634581309388 0.9001124614191055 70
1634581349926 0.9045403388926608 71
1634581390486 0.8974584974801408 72
1634581431540 0.8998684513787887 73
1634581472300 0.8948580529153548 74
1634581512967 0.8944796168189681 75
1634581553718 0.8973912283823415 76
1634581594587 0.8934042227015027 77
1634581635526 0.892981552240282 78
1634581676159 0.8964688822044729 79
1634581718773 0.8983479693505382 80
1634581759644 0.9001429189798027 81
1634581800239 0.9002147533941723 82
1634581841094 0.9001147948928693 83
1634581882112 0.9034445775267916 84
1634581922882 0.8988729432125888 85
1634581963467 0.8880697960850636 86
1634582004528 0.8959934136523853 87
1634582045540 0.8951788613896394 88
1634582086267 0.8899124844598535 89
1634582127280 0.8978809745451344 90
1634582167784 0.8827513614711436 91
1634582208501 0.8991342023329838 92
1634582249157 0.8844429449178323 93
1634582290204 0.8935350596369388 94
1634582330953 0.8860651113918386 95
1634582371653 0.8947865768604194 96
1634582412366 0.8898227195052693 97
1634582453160 0.898962540335684 98
1634582494102 0.9017736607478521 99
1634582537293 0.8965590203165102 100
1634582578186 0.8979294554628032 101
1634582619309 0.8917552005923318 102
1634582660040 0.8927915689113277 103
1634582701211 0.9066803998858048 104
1634582742528 0.8944136829298153 105
1634582783528 0.902909787880614 106
1634582824358 0.8965237926270458 107
1634582865223 0.9011691438691406 108
1634582906238 0.9018384371269428 109
1634582947188 0.8973766805903759 110
1634582988035 0.8954408319944659 111
1634583029011 0.8910556769089957 112
1634583070021 0.8937686171343776 113
1634583111032 0.9006320180627754 114
1634583152136 0.8982092722920018 115
1634583192892 0.8935390120474644 116
1634583233907 0.8958863808342818 117
1634583274898 0.8987906414234251 118
1634583315939 0.8986140349365452 119
1634583359001 0.8931425187546422 120
1634583400200 0.8936329729422386 121
1634583441222 0.8985398549999828 122
1634583482315 0.9003279960458306 123
1634583523504 0.8870750332566224 124
1634583564733 0.8955624971044516 125
1634583606042 0.8965755595240332 126
1634583647220 0.9010890953951164 127
1634583688547 0.8984174725929105 128
1634583729431 0.9000832566718208 129
1634583770365 0.9040832860113784 130
1634583811272 0.8926627500503592 131
1634583852419 0.8949761812415119 132
1634583893755 0.902048478599053 133
1634583934766 0.9047474426665854 134
1634583976488 0.904357439356003 135
1634584017615 0.9015254290664072 136
1634584058513 0.9016162314890781 137
1634584099476 0.9006043808726834 138
1634584140469 0.9012556335381163 139
1634584183955 0.8987420691975848 140
1634584225455 0.897612532159973 141
1634584266584 0.9003786000827623 142
1634584307748 0.899443879369905 143
1634584348979 0.9039851107458938 144
1634584390905 0.9041744921664567 145
1634584432524 0.8987318062940153 146
1634584473659 0.9061332579043178 147
1634584514885 0.9009126804826698 148
1634584556348 0.903534054164889 149
1634584597428 0.895266785023616 150
1634584638807 0.8985802463589263 151
1634584679820 0.8816992554694976 152
1634584721130 0.9025147165461966 153
1634584762227 0.8963032067294441 154
1634584803393 0.8981388280355838 155
1634584844620 0.8991867648437265 156
1634584885774 0.8953188013143044 157
1634584927026 0.9033393137562888 158
1634584968404 0.895402928464849 159
1634585011917 0.8935603083996714 160
1634585053216 0.900558851051112 161
1634585094714 0.9035927305798634 162
1634585135887 0.9016460797922552 163
1634585177008 0.8997957990248228 164
1634585218436 0.8966324835132586 165
1634585259854 0.8997643838853442 166
1634585301262 0.8968036598726234 167
1634585342726 0.903886558577216 168
1634585383822 0.8978703412155942 169
1634585425317 0.9006981787906614 170
1634585466860 0.9042865063003392 171
1634585508577 0.9012713713290466 172
