1634578503941 0.7194307567939099 1
1634578544783 0.7393152834803999 2
1634578585793 0.9159625943311235 3
1634578666780 0.766537165502594 5
1634578707404 0.8133534589429169 6
1634578829123 0.8735442603140655 9
1634578869638 0.8056540961968953 10
1634578910591 0.8778742698944489 11
1634579397903 0.8222844598515983 23
1634579479287 0.8716387266766037 25
1634580089231 0.8656837181442912 40
1634580819773 0.8965238891349527 58
1634582701563 0.8955807466430512 104
1634583935154 0.8820834648922794 134
1634584349418 0.8872875929958175 144
