1634578503865 0.7194307567939099 1
1634578544644 0.7393152834803999 2
1634578585626 0.9159625943311235 3
1634578626172 0.7198384266802768 4
1634578666636 0.766537165502594 5
1634578707249 0.8133534589429169 6
1634578747820 0.7857057874310487 7
1634578788337 0.7515293894667976 8
1634578828982 0.8735442603140655 9
1634578869350 0.8056540961968953 10
1634578910248 0.8778742698944489 11
1634578951027 0.802372297545908 12
1634578991349 0.8243813686268088 13
1634579031846 0.8164333463676016 14
1634579072419 0.8852215392476338 15
1634579112939 0.8302886475366912 16
1634579153211 0.8529718399546533 17
1634579193499 0.8263379290651605 18
1634579233786 0.83313241278665 19
1634579276202 0.8082570360694025 20
1634579316730 0.7881505662699217 21
1634579357356 0.8006613680513344 22
1634579397704 0.8222844598515983 23
1634579438668 0.8164891434740287 24
1634579479097 0.8716387266766037 25
1634579519915 0.8240597842524345 26
1634579560642 0.8092012563430214 27
1634579601133 0.7725528485106442 28
1634579641337 0.8109710493602441 29
1634579681860 0.8374753788949362 30
1634579722530 0.831462533897906 31
1634579762783 0.8237070596543296 32
1634579803266 0.8565860395650368 33
1634579843609 0.8043451945900131 34
1634579883930 0.8348526683195168 35
1634579924516 0.7977877924543433 36
1634579965105 0.8510526166767939 37
1634580005849 0.8475464456507441 38
1634580046131 0.835674203183735 39
1634580089017 0.8656837181442912 40
1634580129684 0.8641689534321499 41
1634580170476 0.8686507859981091 42
1634580211012 0.8324173722061075 43
1634580251489 0.8164724209912608 44
1634580291985 0.8520527130289145 45
1634580332502 0.875820878695543 46
1634580373184 0.8332703944067628 47
1634580413674 0.8738242199396682 48
1634580454218 0.8760494040491102 49
1634580494765 0.8113681361558027 50
1634580535355 0.8373430705376576 51
1634580575872 0.8609712142971218 52
1634580616497 0.8469444255515036 53
1634580657224 0.8746912377445523 54
1634580698145 0.8516155405627152 55
1634580738611 0.8060503573813431 56
1634580779199 0.8531731579444243 57
1634580819535 0.8965238891349527 58
1634580860625 0.8669071736399316 59
1634580903183 0.8447747588772815 60
1634580943846 0.8188861851386382 61
1634580984390 0.8641229657351409 62
1634581024917 0.8656861485180901 63
1634581065266 0.8722487257744658 64
1634581105995 0.8576369731447281 65
1634581146634 0.8778984644205481 66
1634581187384 0.8329938755047565 67
1634581228207 0.8685135835267169 68
1634581268851 0.8378882914579587 69
1634581309384 0.8682985923372936 70
1634581349922 0.8932671167734669 71
1634581390482 0.8595575500078714 72
1634581431537 0.879974037426604 73
1634581472296 0.8554360910545722 74
1634581512963 0.861496632621374 75
1634581553714 0.8743306739914695 76
1634581594584 0.8669022844057305 77
1634581635522 0.8555501771275867 78
1634581676155 0.8635901803536113 79
1634581718769 0.8681397461043865 80
1634581759640 0.8670155078887054 81
1634581800235 0.8835178580506833 82
1634581841091 0.8783682663573209 83
1634581882108 0.8699091099686743 84
1634581922878 0.8768312556420237 85
1634581963463 0.8748801383020157 86
1634582004524 0.8855837678402265 87
1634582045536 0.85902609180134 88
1634582086263 0.9137425496922282 89
1634582127276 0.8775614930563339 90
1634582167780 0.8080161502962112 91
1634582208497 0.8730113908460198 92
1634582249153 0.8206093915140065 93
1634582290200 0.8665807847227825 94
1634582330949 0.8774070470878853 95
1634582371650 0.8837785329919559 96
1634582412362 0.8786775065743412 97
1634582453156 0.8816269248898978 98
1634582494098 0.8792597200380158 99
1634582537289 0.8541679268981426 100
1634582578182 0.8730277086473032 101
1634582619305 0.8655706370904486 102
1634582660037 0.8918633438599629 103
1634582701207 0.8955807466430512 104
1634582742524 0.8645048440876514 105
1634582783524 0.8908367015009323 106
1634582824355 0.8677696414888441 107
1634582865219 0.8747168615223597 108
1634582906234 0.8832338542462204 109
1634582947184 0.8838957999372646 110
1634582988030 0.8642700543906281 111
1634583029008 0.8842717425212234 112
1634583070018 0.8809708013922876 113
1634583111028 0.8942598435992423 114
1634583152132 0.8800895159349192 115
1634583192888 0.8628313172653644 116
1634583233904 0.8884594447353316 117
1634583274893 0.8847179324882114 118
1634583315935 0.8659474560894312 119
1634583358997 0.8768237496922545 120
1634583400196 0.8897974879508831 121
1634583441218 0.8723667547580329 122
1634583482311 0.8752461749320791 123
1634583523500 0.8581835687529741 124
1634583564729 0.8757552763154605 125
1634583606038 0.8885972374617155 126
1634583647217 0.8820975117411175 127
1634583688543 0.8989906812848656 128
1634583729428 0.8941767257266315 129
1634583770361 0.8972109207596162 130
1634583811268 0.8761525729713199 131
1634583852415 0.8696756455027719 132
1634583893751 0.897718294982941 133
1634583934761 0.8820834648922794 134
1634583976484 0.8839639772038369 135
1634584017612 0.8875682496634604 136
1634584058509 0.8673143752984657 137
1634584099472 0.8755055126444224 138
1634584140465 0.8771398291987195 139
1634584183951 0.8890928803061557 140
1634584225452 0.8776014232346067 141
1634584266580 0.8828200397689754 142
1634584307744 0.9035182084036085 143
1634584348975 0.8872875929958175 144
1634584390901 0.9071059210566681 145
1634584432520 0.8948462433072001 146
1634584473655 0.8878375644871515 147
1634584514881 0.8754227285908268 148
1634584556344 0.8888727691683865 149
1634584597425 0.8726779010350864 150
1634584638803 0.8743773474240932 151
1634584679816 0.8905539595924898 152
1634584721126 0.8923540697909531 153
1634584762223 0.895976955919431 154
1634584803389 0.8646238904783338 155
1634584844616 0.8765833541844437 156
1634584885770 0.8964318356518954 157
1634584927023 0.8983264199630032 158
1634584968400 0.8789557313749201 159
1634585011913 0.864554064649681 160
1634585053212 0.8849289868852521 161
1634585094710 0.8798077079020087 162
1634585135883 0.8702913126265353 163
1634585177004 0.8654903236087043 164
1634585218432 0.8641381642215419 165
1634585259851 0.8745869842139278 166
1634585301258 0.8814576911449139 167
1634585342722 0.8912931618256755 168
1634585383818 0.879641235864597 169
1634585425313 0.8728837920599974 170
1634585466856 0.8866313220400585 171
1634585508573 0.902489065238703 172
