1634578503945 0.7710920641033954 1
1634578544787 0.8175070086886393 2
1634578585797 0.8292646048768265 3
1634578666783 0.8544180752499032 5
1634578707408 0.8667791359580298 6
1634578829126 0.8698079266022097 9
1634578869642 0.8752256031257238 10
1634578910595 0.8759246746348417 11
1634579397907 0.8891024474148344 23
1634579479291 0.8922579305064747 25
1634580089235 0.891912247830686 40
1634580819777 0.9032583270523474 58
1634582701566 0.9066803998858048 104
1634583935158 0.9047474426665854 134
1634584349422 0.9039851107458938 144
