1634578503865 0.7374230994623077 1
1634578544644 0.8151208779476882 2
1634578585626 0.6921070758436059 3
1634578626172 0.8849932925872614 4
1634578666637 0.8634128151932265 5
1634578707250 0.8619030166198253 6
1634578747821 0.8784657480749685 7
1634578788338 0.8887756456925158 8
1634578828983 0.8149100468459133 9
1634578869351 0.8872664606967336 10
1634578910248 0.8303694736915032 11
1634578951028 0.8774734581317917 12
1634578991350 0.8716075196190431 13
1634579031847 0.8846983120219241 14
1634579072420 0.8232510368617355 15
1634579112940 0.8789647509023746 16
1634579153212 0.860472957318386 17
1634579193499 0.8903967526105291 18
1634579233786 0.8781515790942239 19
1634579276203 0.8847513765969534 20
1634579316730 0.9140654379351189 21
1634579357357 0.8916509473692232 22
1634579397704 0.9044294554171387 23
1634579438669 0.8975839365917392 24
1634579479098 0.8736705216192243 25
1634579519916 0.8926198949592168 26
1634579560643 0.8913995984241458 27
1634579601134 0.9064339300662024 28
1634579641338 0.9025193181358151 29
1634579681861 0.8869960360015959 30
1634579722531 0.8954771836142253 31
1634579762784 0.8982056792297068 32
1634579803266 0.8783317672790492 33
1634579843610 0.8812667295382581 34
1634579883930 0.8848325824409642 35
1634579924517 0.9102222975592136 36
1634579965106 0.8797361240722874 37
1634580005850 0.8882103408598155 38
1634580046132 0.8972364102075064 39
1634580089018 0.886110678696479 40
1634580129685 0.8826680550065538 41
1634580170477 0.881767148044176 42
1634580211013 0.8996628259890808 43
1634580251490 0.8952409203316285 44
1634580291986 0.8703429212650734 45
1634580332502 0.8741135549977096 46
1634580373185 0.8856129377541196 47
1634580413675 0.867911292340544 48
1634580454219 0.8723292933922686 49
1634580494766 0.9194006316187783 50
1634580535356 0.8810346771199863 51
1634580575873 0.8943102216512131 52
1634580616497 0.8843150238302431 53
1634580657224 0.8775109160972993 54
1634580698146 0.8997895946066646 55
1634580738612 0.880183500844868 56
1634580779200 0.8803315704398545 57
1634580819536 0.8766600760186976 58
1634580860626 0.8809255964498458 59
1634580903184 0.9007148681321793 60
1634580943846 0.8960371544406245 61
1634580984391 0.8788362585102101 62
1634581024918 0.8907885698733403 63
1634581065266 0.8781006448699739 64
1634581105996 0.8879489196149312 65
1634581146635 0.8911412558716029 66
1634581187385 0.9006769821908026 67
1634581228208 0.8715573619799415 68
1634581268851 0.902572154093991 69
1634581309385 0.8926896210460122 70
1634581349922 0.8776451483639016 71
1634581390482 0.8874614563473341 72
1634581431537 0.8778023075007607 73
1634581472297 0.8785549347802231 74
1634581512964 0.8808915478132491 75
1634581553715 0.8685290875292512 76
1634581594584 0.8851215183523723 77
1634581635523 0.8875083446376477 78
1634581676155 0.8854162112806437 79
1634581718770 0.8872799873937695 80
1634581759641 0.8886405637109981 81
1634581800236 0.8818867993357657 82
1634581841091 0.8796728715895302 83
1634581882109 0.898039884232395 84
1634581922879 0.8767289269311349 85
1634581963464 0.8550768459391501 86
1634582004525 0.8694420610816781 87
1634582045537 0.8770282087403568 88
1634582086263 0.8239774209477457 89
1634582127276 0.8748908518438787 90
1634582167780 0.8890715996165298 91
1634582208497 0.8837023685086365 92
1634582249154 0.8936910395760901 93
1634582290201 0.8830565693537494 94
1634582330950 0.8553607698029836 95
1634582371650 0.8648669884683016 96
1634582412363 0.8660518334361895 97
1634582453157 0.8753057919772874 98
1634582494099 0.8922461015597827 99
1634582537290 0.9031301585352312 100
1634582578183 0.8870244627510724 101
1634582619306 0.8722413617146606 102
1634582660037 0.856574614587627 103
1634582701208 0.8789072199679258 104
1634582742525 0.8921219727963127 105
1634582783525 0.880842551883787 106
1634582824355 0.8857498917299789 107
1634582865219 0.8854413770022768 108
1634582906234 0.8827815595983165 109
1634582947184 0.8707352947319241 110
1634582988031 0.8915920331942806 111
1634583029008 0.8622129869289762 112
1634583070018 0.8739950795882592 113
1634583111029 0.8718842914483198 114
1634583152133 0.8888076666874661 115
1634583192889 0.8882114922637038 116
1634583233904 0.8743739434513194 117
1634583274894 0.8784190606770664 118
1634583315935 0.8965078199370836 119
1634583358997 0.8717958810859372 120
1634583400197 0.8621795615107699 121
1634583441219 0.8871479386352945 122
1634583482312 0.8885787586398973 123
1634583523501 0.8812385511816313 124
1634583564730 0.8833457328151121 125
1634583606038 0.8690952574608629 126
1634583647217 0.8917031094667373 127
1634583688544 0.8537617747182182 128
1634583729428 0.8682720011425208 129
1634583770362 0.874256243929752 130
1634583811269 0.8706394140286794 131
1634583852416 0.8892158971904132 132
1634583893751 0.8648840817200946 133
1634583934762 0.8962215004004875 134
1634583976484 0.8771049362342687 135
1634584017612 0.8764147874267724 136
1634584058510 0.9002150157052756 137
1634584099472 0.8832186251191985 138
1634584140466 0.8840553437634818 139
1634584183952 0.8722124700342023 140
1634584225452 0.8787200008012677 141
1634584266581 0.8854220899462791 142
1634584307745 0.8634076952158999 143
1634584348975 0.8933419764892583 144
1634584390902 0.8677290331414003 145
1634584432521 0.8666904877283109 146
1634584473656 0.8805326366614824 147
1634584514881 0.8883066538776441 148
1634584556344 0.8824136546488944 149
1634584597425 0.8817014580062619 150
1634584638804 0.884694717411655 151
1634584679817 0.8353760902539941 152
1634584721126 0.884703647403123 153
1634584762223 0.863837802497848 154
1634584803390 0.8905335367084325 155
1634584844617 0.89107207911432 156
1634584885771 0.8606765002453668 157
1634584927023 0.8710197974204545 158
1634584968401 0.8777106480735556 159
1634585011914 0.8916436423924938 160
1634585053212 0.8813954982426992 161
1634585094711 0.8892029000552296 162
1634585135884 0.9020787956414703 163
1634585177005 0.8986734262442191 164
1634585218433 0.8989736583822768 165
1634585259851 0.8862296399480809 166
1634585301259 0.877417673945963 167
1634585342723 0.8825968546836003 168
1634585383819 0.8827886984925633 169
1634585425314 0.8854519432340703 170
1634585466857 0.8884003691510697 171
1634585508573 0.8627946804871534 172
