1634578503942 0.7374230994623077 1
1634578544784 0.8151208779476882 2
1634578585794 0.6921070758436059 3
1634578666780 0.8634128151932265 5
1634578707405 0.8619030166198253 6
1634578829123 0.8149100468459133 9
1634578869638 0.8872664606967336 10
1634578910591 0.8303694736915032 11
1634579397904 0.9044294554171387 23
1634579479288 0.8736705216192243 25
1634580089232 0.886110678696479 40
1634580819774 0.8766600760186976 58
1634582701563 0.8789072199679258 104
1634583935155 0.8962215004004875 134
1634584349419 0.8933419764892583 144
