1634578503868 0.8494863743283568 1
1634578544647 0.8909139303767446 2
1634578585629 0.8369959535659897 3
1634578626175 0.92337834571013 4
1634578666640 0.913444568023569 5
1634578707252 0.9179618159957786 6
1634578747824 0.9234121815451439 7
1634578788340 0.9267942685190446 8
1634578828985 0.8971340699612909 9
1634578869354 0.9314122244665929 10
1634578910251 0.904735380261371 11
1634578951030 0.9253892953590246 12
1634578991352 0.9242200050372874 13
1634579031850 0.9294799722128553 14
1634579072422 0.9017356303816102 15
1634579112943 0.9293868969415178 16
1634579153214 0.9197073350688033 17
1634579193502 0.9338353142506023 18
1634579233789 0.9297520230016283 19
1634579276206 0.9329107036922395 20
1634579316733 0.9419421310940009 21
1634579357359 0.9348112443608412 22
1634579397707 0.9413472208849771 23
1634579438671 0.9381439714758222 24
1634579479101 0.9266000344714195 25
1634579519919 0.93639710464573 26
1634579560646 0.9354471016317458 27
1634579601136 0.9398546489319827 28
1634579641341 0.9393608504181691 29
1634579681864 0.9342851477221583 30
1634579722533 0.936242230228827 31
1634579762787 0.9369478661262989 32
1634579803269 0.9296352387394315 33
1634579843612 0.929806563417451 34
1634579883933 0.9337710091144903 35
1634579924520 0.9414161902727841 36
1634579965109 0.9298256037001021 37
1634580005852 0.9361521673894453 38
1634580046135 0.9358326876567805 39
1634580089020 0.9320715030992567 40
1634580129688 0.932020375049174 41
1634580170479 0.9302254677869235 42
1634580211016 0.9379229527651097 43
1634580251493 0.9362140983211391 44
1634580291988 0.9258354260052574 45
1634580332505 0.9279316437363042 46
1634580373187 0.929936662087063 47
1634580413677 0.9228290388746773 48
1634580454222 0.9275643674207908 49
1634580494769 0.945038383953621 50
1634580535359 0.9296524541708109 51
1634580575875 0.9386551035916557 52
1634580616500 0.9338894605331756 53
1634580657227 0.9294969775190409 54
1634580698149 0.9392335803848363 55
1634580738615 0.9268812034321656 56
1634580779203 0.9298376536679241 57
1634580819538 0.9289898768883788 58
1634580860628 0.9323990032701741 59
1634580903186 0.9388553712913946 60
1634580943849 0.9362001405629401 61
1634580984394 0.9293517806486625 62
1634581024921 0.9360248323274349 63
1634581065269 0.9304023003398444 64
1634581105998 0.9345884936896448 65
1634581146637 0.9368173701403087 66
1634581187387 0.9376688732196895 67
1634581228210 0.9274137514316422 68
1634581268854 0.9388326018775426 69
1634581309388 0.9359469943689516 70
1634581349925 0.9304048115114777 71
1634581390485 0.9318965392057388 72
1634581431540 0.9301529327816407 73
1634581472299 0.9297578903973297 74
1634581512967 0.9318079330395409 75
1634581553717 0.9249469887669438 76
1634581594587 0.9316195434421499 77
1634581635525 0.9316406943026362 78
1634581676158 0.9326668496977877 79
1634581718772 0.9350004581486939 80
1634581759643 0.934643971848963 81
1634581800238 0.9303190368525732 82
1634581841094 0.9305562522270381 83
1634581882112 0.937222368953886 84
1634581922881 0.929453570057979 85
1634581963467 0.9161930437112961 86
1634582004527 0.9244760423228405 87
1634582045540 0.9288095546266542 88
1634582086266 0.9055788272812296 89
1634582127279 0.9272013631958745 90
1634582167783 0.9326441619342108 91
1634582208500 0.931876865093165 92
1634582249157 0.9340454679033506 93
1634582290204 0.9309703789861281 94
1634582330952 0.9177112970552644 95
1634582371653 0.9239716598614498 96
1634582412365 0.9221008761052729 97
1634582453160 0.9297084838314206 98
1634582494101 0.9344290449847807 99
1634582537292 0.9369996159722765 100
1634582578185 0.9324258146493452 101
1634582619308 0.9235022784818543 102
1634582660040 0.9197784815600949 103
1634582701210 0.9303165834105424 104
1634582742528 0.9339690819480135 105
1634582783528 0.9322054830980134 106
1634582824358 0.9342545404659169 107
1634582865222 0.9328703104038302 108
1634582906237 0.9323352343964885 109
1634582947187 0.9265229351233938 110
1634582988034 0.9335766395238834 111
1634583029011 0.9205628974425553 112
1634583070021 0.9271031813979304 113
1634583111032 0.9275395305203046 114
1634583152135 0.9334189419589585 115
1634583192892 0.9339028181705106 116
1634583233907 0.9266753576688445 117
1634583274898 0.929410737755465 118
1634583315938 0.9354760951749569 119
1634583359000 0.925003246714121 120
1634583400200 0.9207541801923892 121
1634583441222 0.9325312084495241 122
1634583482314 0.9339156391587571 123
1634583523503 0.9282292152145365 124
1634583564732 0.9292572212273097 125
1634583606041 0.9240199644794074 126
1634583647220 0.9341754975794818 127
1634583688546 0.919328528176464 128
1634583729431 0.9261428375542481 129
1634583770364 0.9297103185794887 130
1634583811272 0.9232511601777292 131
1634583852419 0.9318987098480775 132
1634583893754 0.9244780793094529 133
1634583934765 0.9373000359350167 134
1634583976487 0.9296497043174895 135
1634584017615 0.9291450617215026 136
1634584058513 0.9385521476043058 137
1634584099475 0.9317256586626183 138
1634584140468 0.9317682385279437 139
1634584183954 0.9268484013890881 140
1634584225455 0.929816762589471 141
1634584266584 0.9321744828986192 142
1634584307747 0.9228433053023705 143
1634584348978 0.9354569092959677 144
1634584390904 0.9257653997848387 145
1634584432524 0.9243293901424496 146
1634584473658 0.9310864138951749 147
1634584514884 0.9342674402154504 148
1634584556347 0.9317874278684709 149
1634584597428 0.9284384334403453 150
1634584638807 0.9310662192259733 151
1634584679820 0.9084642829964897 152
1634584721129 0.9316872877991825 153
1634584762226 0.9222848448595358 154
1634584803392 0.9336985027585533 155
1634584844619 0.9337319168516264 156
1634584885774 0.9211831478783953 157
1634584927026 0.9267698068229757 158
1634584968403 0.927043661045488 159
1634585011916 0.9329157232682885 160
1634585053215 0.932651772816125 161
1634585094714 0.9351992841479401 162
1634585135886 0.9387566023580385 163
1634585177008 0.9384007160532142 164
1634585218435 0.936011944389083 165
1634585259854 0.9333124701300014 166
1634585301262 0.9289174237344153 167
1634585342726 0.9313143311514167 168
1634585383822 0.931070612017147 169
1634585425316 0.934621251907908 170
1634585466860 0.9345536927369887 171
1634585508576 0.9234265612196935 172
