1634578503944 0.8494863743283568 1
1634578544786 0.8909139303767446 2
1634578585796 0.8369959535659897 3
1634578666783 0.913444568023569 5
1634578707407 0.9179618159957786 6
1634578829126 0.8971340699612909 9
1634578869641 0.9314122244665929 10
1634578910594 0.904735380261371 11
1634579397906 0.9413472208849771 23
1634579479290 0.9266000344714195 25
1634580089234 0.9320715030992567 40
1634580819776 0.9289898768883788 58
1634582701566 0.9303165834105424 104
1634583935157 0.9373000359350167 134
1634584349421 0.9354569092959677 144
