1634578503942 0.9624647279819254 1
1634578544784 0.9675676233115004 2
1634578585794 0.9828604317764509 3
1634578666781 0.9647341646959565 5
1634578707405 0.9750938713552445 6
1634578829124 0.9805980118257402 9
1634578869639 0.9756987995374016 10
1634578910592 0.980192463647216 11
1634579397904 0.9788292145227994 23
1634579479288 0.9803776373065878 25
1634580089232 0.9789920189982515 40
1634580819774 0.9821879025463566 58
1634582701564 0.9824979856327347 104
1634583935155 0.9791525177391622 134
1634584349419 0.9783982588322263 144
