1634578503866 0.9624647279819254 1
1634578544645 0.9675676233115004 2
1634578585627 0.9828604317764509 3
1634578626173 0.9625829111088042 4
1634578666638 0.9647341646959565 5
1634578707250 0.9750938713552445 6
1634578747822 0.9691879296588796 7
1634578788338 0.9648941171330866 8
1634578828983 0.9805980118257402 9
1634578869352 0.9756987995374016 10
1634578910249 0.980192463647216 11
1634578951028 0.9736421573144515 12
1634578991350 0.9772195269213397 13
1634579031848 0.9751926322677819 14
1634579072420 0.9814511948378317 15
1634579112940 0.9798792786007705 16
1634579153212 0.9798448150868448 17
1634579193500 0.9780954918429537 18
1634579233787 0.9815997355063645 19
1634579276204 0.9804654988155057 20
1634579316731 0.9708029794537933 21
1634579357357 0.9775294440108283 22
1634579397705 0.9788292145227994 23
1634579438669 0.9790653287560392 24
1634579479099 0.9803776373065878 25
1634579519916 0.980535046638445 26
1634579560644 0.9798014421488942 27
1634579601134 0.9737930195910045 28
1634579641339 0.976663176032792 29
1634579681862 0.982150722649532 30
1634579722531 0.9773997213865361 31
1634579762785 0.9758869332592388 32
1634579803267 0.9815366901780487 33
1634579843610 0.9783071400897272 34
1634579883931 0.982933685007833 35
1634579924518 0.9716828115653722 36
1634579965106 0.9808676259730273 37
1634580005850 0.9844148027458794 38
1634580046132 0.9753790604378031 39
1634580089018 0.9789920189982515 40
1634580129686 0.9819035866015579 41
1634580170477 0.9794286475694147 42
1634580211014 0.9772375858790576 43
1634580251490 0.9773354656231691 44
1634580291986 0.981151308516135 45
1634580332503 0.9820476968729498 46
1634580373185 0.9749695572276778 47
1634580413675 0.9784402471315894 48
1634580454220 0.983349875472828 49
1634580494767 0.9709767970253044 50
1634580535357 0.9787574358423607 51
1634580575873 0.9832364092195698 52
1634580616498 0.9829607993865833 53
1634580657225 0.9822328597101735 54
1634580698147 0.9790778375500282 55
1634580738612 0.9737535771846383 56
1634580779200 0.979611066736645 57
1634580819536 0.9821879025463566 58
1634580860626 0.9841519899621779 59
1634580903184 0.9772675954166854 60
1634580943847 0.9766898213564122 61
1634580984391 0.9805035117901263 62
1634581024919 0.9815889524497924 63
1634581065267 0.9831744986448627 64
1634581105996 0.9818710953454224 65
1634581146635 0.9829715476948211 66
1634581187385 0.975518803392485 67
1634581228208 0.9836264368119579 68
1634581268852 0.9756870183712074 69
1634581309386 0.9795020736184917 70
1634581349923 0.9838569865815978 71
1634581390483 0.9772383520938114 72
1634581431538 0.982833970299537 73
1634581472297 0.9815129808637599 74
1634581512965 0.9828137597776339 75
1634581553715 0.9817653109310559 76
1634581594585 0.9790474788809491 77
1634581635523 0.9763328271515028 78
1634581676156 0.9799370328427054 79
1634581718770 0.982992878890147 80
1634581759641 0.9803622722901126 81
1634581800236 0.9792109233676037 82
1634581841092 0.9815374196433392 83
1634581882110 0.977042466025481 84
1634581922879 0.9822466089166422 85
1634581963464 0.9781521829796098 86
1634582004525 0.979904252461729 87
1634582045538 0.9804024091720698 88
1634582086264 0.9877716705622112 89
1634582127277 0.9800858342078768 90
1634582167781 0.9746113980249924 91
1634582208498 0.9805888482576117 92
1634582249155 0.973452582074324 93
1634582290202 0.9793965866032269 94
1634582330950 0.9807012324030538 95
1634582371651 0.9834549861911801 96
1634582412363 0.9784575079654021 97
1634582453158 0.9845133811065311 98
1634582494099 0.9778257254913357 99
1634582537290 0.9720791809179178 100
1634582578183 0.9782789915105587 101
1634582619306 0.9759117135564116 102
1634582660038 0.9837519070038512 103
1634582701208 0.9824979856327347 104
1634582742526 0.9766723619262578 105
1634582783525 0.9841413571880685 106
1634582824356 0.9830889665578978 107
1634582865220 0.9808638991608642 108
1634582906235 0.9824079957893633 109
1634582947185 0.9827220103386656 110
1634582988032 0.9765655698142178 111
1634583029009 0.9796255478727228 112
1634583070019 0.9809292578774556 113
1634583111030 0.9840998729615411 114
1634583152133 0.9791979788986928 115
1634583192890 0.9801247501017697 116
1634583233905 0.9798943958917342 117
1634583274895 0.9811503000912665 118
1634583315936 0.9752155152631364 119
1634583358998 0.9786586603094409 120
1634583400198 0.9797540923069441 121
1634583441220 0.9784885249504613 122
1634583482312 0.9798854574329733 123
1634583523501 0.9755935257654147 124
1634583564730 0.9763042392122464 125
1634583606039 0.9797150628122773 126
1634583647218 0.97770724394905 127
1634583688544 0.9853401627220588 128
1634583729429 0.9842719339792488 129
1634583770362 0.9853322846143392 130
1634583811270 0.976746673215186 131
1634583852417 0.9756106642707824 132
1634583893752 0.9845461203914283 133
1634583934763 0.9791525177391622 134
1634583976485 0.9816852943660399 135
1634584017613 0.9821297757668166 136
1634584058510 0.9776693382339293 137
1634584099473 0.9807026115801707 138
1634584140466 0.9800577258791334 139
1634584183952 0.9820880893130446 140
1634584225453 0.9812735561130564 141
1634584266582 0.979523466151513 142
1634584307745 0.9829475065594623 143
1634584348976 0.9783982588322263 144
1634584390902 0.9843417811287554 145
1634584432522 0.9827365913789207 146
1634584473656 0.9823329823524038 147
1634584514882 0.9809823153191253 148
1634584556345 0.9816508156633631 149
1634584597426 0.9761299517960331 150
1634584638805 0.9784557024475478 151
1634584679817 0.9822723333464916 152
1634584721127 0.9798607297971309 153
1634584762224 0.9817897661923791 154
1634584803390 0.9772994114244524 155
1634584844617 0.9772909707514299 156
1634584885771 0.9826237380028298 157
1634584927024 0.9831026159224873 158
1634584968401 0.9773875346839401 159
1634585011914 0.9751483422269168 160
1634585053213 0.9842935131548632 161
1634585094712 0.9814955283686275 162
1634585135884 0.9764171797030398 163
1634585177005 0.9785634497437534 164
1634585218433 0.9741950051916624 165
1634585259852 0.9808039219272203 166
1634585301259 0.9807633486946035 167
1634585342723 0.9803675757301176 168
1634585383819 0.9798872777834478 169
1634585425314 0.9841417616299496 170
1634585466858 0.9811900752389819 171
1634585508574 0.9844716823031249 172
