1634578500662 0.6752825410335095 0
1634578541935 0.6321571709273698 0
1634578582791 0.607378225047867 0
1634578623473 0.5883676580020359 0
1634578663885 0.5685469659117909 0
1634578704486 0.5528621913550736 0
1634578745066 0.5362273760430225 0
1634578785579 0.524230475549574 0
1634578826188 0.5104225057286101 0
1634578866608 0.49590622604667367 0
1634578907454 0.4816992368016924 0
1634578948288 0.4688963576570734 0
1634578988597 0.45646668486780934 0
1634579029099 0.4472627217893477 0
1634579069604 0.43351652792521883 0
1634579110192 0.42598357835373324 0
1634579150446 0.41233775367984526 0
1634579190726 0.40235275339770626 0
1634579231049 0.39302216837932535 0
1634579271300 0.38542847393395063 0
1634579313962 0.3732257740838187 0
1634579354570 0.3628466191229882 0
1634579394923 0.35245305919027947 0
1634579435884 0.34410832764266375 0
1634579476275 0.33840388098320406 0
1634579517132 0.3276796836357612 0
1634579557865 0.32107377458702435 0
1634579598386 0.3127731785371706 0
1634579638562 0.30613253139830254 0
1634579679054 0.2959548534898015 0
1634579719732 0.2887593474868056 0
1634579759995 0.28500916121842024 0
1634579800452 0.27743550864132965 0
1634579840844 0.2721609744158658 0
1634579881144 0.2605247484012084 0
1634579921745 0.2554299622387081 0
1634579962333 0.2498094890411798 0
1634580003080 0.2467458743553657 0
1634580043327 0.2336801863335944 0
1634580084037 0.22840412948038671 0
1634580126838 0.22287467857459922 0
1634580167651 0.21797990818302354 0
1634580208193 0.21098465733713917 0
1634580248677 0.20796854184432464 0
1634580289159 0.2061218460658928 0
1634580329652 0.19940551776777615 0
1634580370346 0.19706512484457586 0
1634580410800 0.19003283667874027 0
1634580451374 0.18806451684855796 0
1634580491946 0.18031181027362872 0
1634580532536 0.1796723037184059 0
1634580573050 0.17530153353105893 0
1634580613668 0.17238845850353118 0
1634580654371 0.1715028304364774 0
1634580695299 0.16566998830863408 0
1634580735771 0.16480171399844157 0
1634580776362 0.16613375018169355 0
1634580816666 0.16229118929280864 0
1634580857795 0.1588378840839708 0
1634580898321 0.15472284665742478 0
1634580941012 0.15277650410478766 0
1634580981507 0.15251284620011007 0
1634581022044 0.14852293435629313 0
1634581062373 0.14708145601408823 0
1634581103136 0.14669127655880793 0
1634581143752 0.14312667012601704 0
1634581184497 0.14073612376466973 0
1634581225345 0.14135475795377384 0
1634581265968 0.14078133282336322 0
1634581306512 0.1372401113440464 0
1634581347013 0.13506721008520622 0
1634581387576 0.13691389928390454 0
1634581428630 0.1366037108100854 0
1634581469427 0.13722088594328274 0
1634581510098 0.1314627051159933 0
1634581550851 0.1325606745365378 0
1634581591688 0.12943922887955392 0
1634581632648 0.13008925105844224 0
1634581673263 0.1297980807237811 0
1634581713803 0.13182400292777396 0
1634581756717 0.12577431194193953 0
1634581797301 0.12332131752333084 0
1634581838178 0.12608814911989422 0
1634581879180 0.12689347690963126 0
1634581919953 0.12337632428903084 0
1634581960524 0.12471495752597785 0
1634582001561 0.12420713398363684 0
1634582042648 0.12500197474252095 0
1634582083273 0.12249920672023451 0
1634582124346 0.11421968778232475 0
1634582164910 0.1124166970129137 0
1634582205531 0.12946791240534225 0
1634582246263 0.11813601212842124 0
1634582287250 0.12296253346003495 0
1634582328024 0.10772982665470668 0
1634582368691 0.10874285819855603 0
1634582409412 0.10186963475176267 0
1634582450246 0.12003132313876957 0
1634582491151 0.10534005142845117 0
1634582532151 0.11732722784985196 0
1634582575212 0.10074918465567874 0
1634582616352 0.10468336049612466 0
1634582657063 0.10784419258306553 0
1634582698240 0.11345227454583366 0
1634582739550 0.10535220792154212 0
1634582780556 0.09121541451517638 0
1634582821369 0.09503091286335673 0
1634582862254 0.0915509316731583 0
1634582903253 0.0874316491089858 0
1634582944206 0.08363065496087074 0
1634582985029 0.09386556392366235 0
1634583026005 0.08913681365839847 0
1634583067038 0.09659697308942869 0
1634583108041 0.08167752096211756 0
1634583149153 0.07992910496987306 0
1634583189918 0.08950678268810372 0
1634583230908 0.08533453476893438 0
1634583271902 0.08802741238629663 0
1634583312959 0.08170349315389411 0
1634583353990 0.10035238623038514 0
1634583397171 0.09763168088801495 0
1634583438213 0.08113010513124527 0
1634583479318 0.0913682080224737 0
1634583520463 0.09195850968554423 0
1634583561707 0.09712075800090642 0
1634583603011 0.08033317390393901 0
1634583644161 0.08437556115450798 0
1634583685522 0.09287474106078024 0
1634583726408 0.07807134861102352 0
1634583767339 0.08382098618652914 0
1634583808258 0.10140451508296 0
1634583849387 0.08950601677809443 0
1634583890703 0.08140057596293362 0
1634583931747 0.07783835831207114 0
1634583973460 0.0909089209003882 0
1634584014591 0.08593671817284126 0
1634584055497 0.07829856495191524 0
1634584096464 0.07846898556529701 0
1634584137455 0.081099895639466 0
1634584178804 0.083183310490537 0
1634584222389 0.07787524381434763 0
1634584263535 0.07080366017369481 0
1634584304640 0.07014616515922856 0
1634584345905 0.08040096823658262 0
1634584387809 0.07198535399390506 0
1634584429440 0.09405543843840623 0
1634584470605 0.08464986197166628 0
1634584511828 0.07022788007925083 0
1634584553271 0.07351838144195544 0
1634584594373 0.06804975359277292 0
1634584635697 0.08158679451648292 0
1634584676734 0.07988111965067975 0
1634584718055 0.09038315606968743 0
1634584759140 0.0804145121342176 0
1634584800340 0.08182523578598902 0
1634584841568 0.0753218862530473 0
1634584882658 0.07087806355837104 0
1634584923940 0.06955859200520949 0
1634584965300 0.0692701322304738 0
1634585006700 0.07908157539832128 0
1634585050101 0.0726880452462605 0
1634585091600 0.06581687917570014 0
1634585132766 0.07101195382994491 0
1634585173880 0.0668147388216737 0
1634585215322 0.07154157898062236 0
1634585256738 0.07047985832799565 0
1634585298141 0.06921181106915722 0
1634585339607 0.07057173864601494 0
1634585380717 0.06965739454154844 0
1634585422223 0.06524297382150378 0
1634585463745 0.06785972750225625 0
1634585505387 0.07183120041698604 0
