1633508262125 0.8926169655539773 1
1633508282818 0.9450246637517755 2
1633508303077 0.9420628403172349 3
1633508323805 0.9445158062559186 4
1633508344512 0.9564419370709043 5
1633508364880 0.9548372210878314 6
1633508385082 0.9585848721590909 7
1633508405458 0.9536576704545454 8
1633508425764 0.9606101296164773 9
1633508446334 0.9529437440814394 10
1633508466467 0.9579851555101799 11
1633508486866 0.9619175304066051 12
1633508507417 0.9608621308297822 13
1633508527508 0.9635805072206439 14
1633508548228 0.9359699596058239 15
1633508568584 0.956865252870502 16
1633508589633 0.9638406002160275 17
1633508609920 0.9616701530687737 18
1633508630371 0.9572511152787642 19
1633508653438 0.9537739609227036 20
1633508673052 0.9618081757516572 21
1633508692894 0.9580952037464489 22
1633508712557 0.9618384621360085 23
1633508732070 0.9632998379794034 24
1633508751765 0.9620869954427084 25
1633508771605 0.9610413060043798 26
1633508791141 0.9637277776544745 27
1633508810650 0.9623961015181108 28
1633508830450 0.9620111638849432 29
1633508850288 0.9637698549212832 30
1633508869986 0.9624046556877367 31
1633508889848 0.9651080044833097 32
1633508909804 0.9665742353959517 33
1633508929717 0.9587978016246449 34
1633508949358 0.9596310239849668 35
1633508968854 0.9603246053059896 36
1633508988629 0.9594976251775568 37
1633509008394 0.9630076090494791 38
1633509028210 0.9637626879142992 39
1633509050529 0.9652871796579072 40
1633509070090 0.9637576016512784 41
1633509089658 0.9633715080492424 42
1633509109408 0.9667568784771543 43
1633509128989 0.9635361180160985 44
1633509148574 0.9479703036221591 45
1633509168204 0.9641605723987926 46
1633509187734 0.9642872665867661 47
1633509207644 0.9648227113665957 48
1633509227322 0.9651563239820076 49
1633509247208 0.9644648234049479 50
1633509266716 0.9631648208155776 51
1633509286337 0.9639242923620975 52
1633509306082 0.9657306093158144 53
1633509325974 0.9655102816495028 54
1633509345744 0.9645649303089489 55
1633509365400 0.9637603759765625 56
1633509385217 0.9652594364050663 57
1633509405093 0.9646329012784091 58
1633509424943 0.9574226610588304 59
1633509447289 0.9626390861742424 60
1633509466752 0.9632905902284564 61
1633509486312 0.9676354148171165 62
1633509505843 0.9647746230616714 63
1633509525558 0.9642271562056108 64
1633509545030 0.9657104954575048 65
1633509564861 0.9615390661991003 66
1633509584325 0.9615161780155066 67
1633509603910 0.9672793764056582 68
1633509623917 0.9636695168235085 69
1633509643426 0.9605035492868135 70
1633509663309 0.9634965838808002 71
1633509683039 0.9642280809807054 72
1633509702882 0.9642911968809186 73
1633509722584 0.9579285130356298 74
1633509742380 0.963815400094697 75
1633509762044 0.9661314993193655 76
1633509781999 0.96502685546875 77
1633509801780 0.9662415475556345 78
1633509821714 0.9644504893909801 79
1633509844430 0.9650522867838541 80
1633509864282 0.9647882634943182 81
1633509883965 0.9639004794034091 82
1633509903776 0.9666373512961648 83
1633509923853 0.9653398918383049 84
1633509943411 0.9642690022786459 85
1633509963045 0.9660565925366951 86
1633509982676 0.9657574277935606 87
1633510002309 0.9642942023999763 88
1633510021922 0.9644326874704072 89
1633510041364 0.9643869111032197 90
1633510060918 0.9658260923443418 91
1633510080557 0.9630954626834753 92
1633510100125 0.9635379675662878 93
1633510119561 0.9674946178089489 94
1633510139265 0.9646056204131155 95
1633510158933 0.9669261123194839 96
1633510178758 0.9631692134972775 97
1633510198507 0.9655454231031013 98
1633510218022 0.965495947635535 99
1633510240401 0.9630841341885653 100
1633510259853 0.9605287494081439 101
1633510279646 0.9668285485469934 102
1633510299477 0.9612803603663589 103
1633510319010 0.9595956513375947 104
1633510338519 0.9638456864790483 105
1633510358324 0.9620502356326941 106
1633510377877 0.966260967832623 107
1633510397416 0.9638019908558239 108
1633510416944 0.9647554339784564 109
1633510436537 0.9654390739672112 110
1633510456009 0.9661109230735085 111
1633510475856 0.9639820908055161 112
1633510495345 0.9633728952118845 113
1633510515009 0.9670100356593276 114
1633510534496 0.9654450850053267 115
1633510554112 0.9640826600970644 116
1633510573565 0.967470342462713 117
1633510593313 0.9665936556729403 118
1633510612824 0.9621355461351799 119
1633510635158 0.9662075620709043 120
1633510654739 0.9655488910097064 121
1633510674411 0.9652125040690104 122
1633510694184 0.9646562518495502 123
1633510714007 0.9647172870058002 124
1633510733690 0.963471152565696 125
1633510753327 0.9641078602183949 126
1633510773045 0.9657629764441288 127
1633510792892 0.9621658325195312 128
1633510812805 0.9648825905539773 129
1633510832329 0.965223370176373 130
1633510851893 0.9661557746656013 131
1633510871700 0.9635694099195076 132
1633510891549 0.9664949359315814 133
1633510911292 0.9674899939334753 134
1633510932350 0.9673940485174005 135
1633510952464 0.9674481478604403 136
1633510972578 0.964873573996804 137
1633510992468 0.9665696115204783 138
1633511012732 0.9665580518317946 139
1633511035257 0.9664690422289299 140
1633511054962 0.9667677445845171 141
1633511074583 0.9672974095200048 142
1633511094226 0.9672705910422585 143
1633511113780 0.9619283965139678 144
1633511133490 0.9666204741506865 145
1633511153082 0.965772686582623 146
1633511172858 0.9643700339577415 147
1633511192369 0.9659088597153173 148
1633511212041 0.9670132723721591 149
1633511232396 0.966287323922822 150
