1633508262209 0.8926169655539773 1
1633508282968 0.9450246637517755 2
1633508303228 0.9420628403172349 3
1633508323959 0.9445158062559186 4
1633508344661 0.9564419370709043 5
1633508385232 0.9585848721590909 7
1633508405608 0.9536576704545454 8
1633508425915 0.9606101296164773 9
1633508487009 0.9619175304066051 12
1633508527652 0.9635805072206439 14
1633508889995 0.9651080044833097 32
1633508909952 0.9665742353959517 33
1633509306234 0.9657306093158144 53
1633509545180 0.9657104954575048 65
1633509604052 0.9672793764056582 68
1633509762195 0.9661314993193655 76
