1633508262213 0.5418793510930046 1
1633508282974 0.7191517109808877 2
1633508303237 0.737791036503256 3
1633508323963 0.7516302741187646 4
1633508344670 0.8098442907297341 5
1633508385235 0.8173867503122693 7
1633508405617 0.8185951598144708 8
1633508425921 0.8294167959653027 9
1633508487012 0.8314831495424019 12
1633508527656 0.8541940378490465 14
1633508890003 0.860071508626397 32
1633508909955 0.8615790807724598 33
1633509306238 0.861839102104228 53
1633509545186 0.863279207356736 65
1633509604055 0.8653375132977523 68
1633509762203 0.8673933314479428 76
