1633508262129 0.5418793510930046 1
1633508282822 0.7191517109808877 2
1633508303081 0.737791036503256 3
1633508323809 0.7516302741187646 4
1633508344516 0.8098442907297341 5
1633508364884 0.8027799501256971 6
1633508385086 0.8173867503122693 7
1633508405462 0.8185951598144708 8
1633508425768 0.8294167959653027 9
1633508446337 0.7831302137127757 10
1633508466471 0.8243689712382408 11
1633508486870 0.8314831495424019 12
1633508507421 0.8249636846514274 13
1633508527512 0.8541940378490465 14
1633508548231 0.7436447186790418 15
1633508568588 0.8231926523068287 16
1633508589637 0.8448822582093324 17
1633508609924 0.8391334226607537 18
1633508630375 0.834029942734721 19
1633508653442 0.815593489156093 20
1633508673056 0.8367444031839346 21
1633508692897 0.8273364004004533 22
1633508712561 0.8363916982920984 23
1633508732073 0.8491116848467009 24
1633508751769 0.8295201881742548 25
1633508771609 0.8404564348315551 26
1633508791145 0.8468475272379494 27
1633508810654 0.8445287178732203 28
1633508830454 0.8483865804624474 29
1633508850292 0.842258637043044 30
1633508869990 0.8495740284268496 31
1633508889851 0.860071508626397 32
1633508909808 0.8615790807724598 33
1633508929721 0.8546159895239991 34
1633508949362 0.8558660339168745 35
1633508968857 0.8516942635890452 36
1633508988633 0.8445821703987592 37
1633509008398 0.8508301947802235 38
1633509028214 0.858228850712383 39
1633509050533 0.8570617768949296 40
1633509070093 0.8525519824530982 41
1633509089662 0.8500683878836907 42
1633509109412 0.8578494322242916 43
1633509128993 0.8527769868697178 44
1633509148578 0.8079841252476778 45
1633509168208 0.8422358675494177 46
1633509187737 0.8605526235475889 47
1633509207648 0.8521316808765712 48
1633509227326 0.8544424306474302 49
1633509247212 0.858461333851297 50
1633509266720 0.8519857916973289 51
1633509286341 0.8542523496029653 52
1633509306085 0.861839102104228 53
1633509325978 0.8546603564913194 54
1633509345747 0.8600971835657952 55
1633509365404 0.8451773787682024 56
1633509385221 0.8529931602632393 57
1633509405096 0.8534676867076004 58
1633509424947 0.8355953566928026 59
1633509447293 0.8551092754175927 60
1633509466756 0.8555652334144285 61
1633509486316 0.8617124291463016 62
1633509505847 0.8493422566461536 63
1633509525562 0.8575746265872846 64
1633509545034 0.863279207356736 65
1633509564865 0.8467911411296473 66
1633509584329 0.8486844136912777 67
1633509603914 0.8653375132977523 68
1633509623921 0.8494603741216105 69
1633509643429 0.8505055052722349 70
1633509663313 0.8523872574810145 71
1633509683042 0.8597916099698698 72
1633509702886 0.8552417735367434 73
1633509722588 0.8487074529043108 74
1633509742384 0.8491944251457922 75
1633509762048 0.8673933314479428 76
1633509782003 0.8670146642588004 77
1633509801784 0.8557713012989744 78
1633509821718 0.8533319248249388 79
1633509844434 0.8548457389258459 80
1633509864286 0.8540221941274047 81
1633509883969 0.8539658344730026 82
1633509903780 0.8599055525806782 83
1633509923856 0.8585584444613336 84
1633509943414 0.8574980475103133 85
1633509963049 0.8583636004863028 86
1633509982679 0.8513308118897172 87
1633510002313 0.8556197147807322 88
1633510021925 0.8581135388058445 89
1633510041368 0.8609085667777476 90
1633510060922 0.8646569310603816 91
1633510080561 0.8538206149270042 92
1633510100129 0.850222640559254 93
1633510119565 0.8639582022996826 94
1633510139269 0.851468598052298 95
1633510158937 0.8609766703503575 96
1633510178762 0.852087951217921 97
1633510198511 0.8549527746014457 98
1633510218026 0.859227287714098 99
1633510240405 0.8418124875308168 100
1633510259857 0.844933394762067 101
1633510279649 0.8572396915944076 102
1633510299480 0.8495937004111583 103
1633510319014 0.8428105028305576 104
1633510338523 0.8578730174335356 105
1633510358327 0.8535242686567698 106
1633510377881 0.865146528782674 107
1633510397419 0.8490179377691575 108
1633510416948 0.8548521092364 109
1633510436541 0.8571562815607522 110
1633510456014 0.8562931703414219 111
1633510475860 0.8509602607730894 112
1633510495349 0.8505922996964494 113
1633510515013 0.8582319698715329 114
1633510534499 0.8571857970734195 115
1633510554116 0.8487854396534275 116
1633510573568 0.8603555247731548 117
1633510593317 0.8516618173294531 118
1633510612828 0.8385196388546329 119
1633510635162 0.8557990655234043 120
1633510654743 0.8588412497138354 121
1633510674415 0.8632744267334796 122
1633510694188 0.8559129030205413 123
1633510714011 0.8517801180019844 124
1633510733694 0.852557369394522 125
1633510753331 0.853258734040037 126
1633510773049 0.8526666435433028 127
1633510792896 0.8503203988392269 128
1633510812809 0.8564990301245154 129
1633510832332 0.8555759476203343 130
1633510851897 0.8622097643401169 131
1633510871704 0.8492026859942585 132
1633510891552 0.8564069282371346 133
1633510911296 0.8650867275381892 134
1633510932354 0.8594753780097245 135
1633510952468 0.8566434394481449 136
1633510972582 0.8562452899968858 137
1633510992472 0.8588701551800325 138
1633511012736 0.8614608063059646 139
1633511035261 0.8624475182044805 140
1633511054966 0.8633896608347787 141
1633511074587 0.8633160753276332 142
1633511094230 0.8654081660077936 143
1633511113784 0.8401159665624556 144
1633511133494 0.8546781081158809 145
1633511153086 0.859576567842852 146
1633511172861 0.8487672717843235 147
1633511192372 0.8526076980726321 148
1633511212045 0.8630108916739322 149
1633511232400 0.8606077727960333 150
