1633508262128 0.6192906869634338 1
1633508282821 0.7717725678819283 2
1633508303080 0.7491416678340753 3
1633508323808 0.7721026940363962 4
1633508344515 0.8286778788862396 5
1633508364883 0.8246455518800936 6
1633508385085 0.8267820003158586 7
1633508405461 0.8376322565543421 8
1633508425767 0.852007914921556 9
1633508446336 0.8044606086388046 10
1633508466470 0.8370515707957522 11
1633508486869 0.8541305505027007 12
1633508507420 0.8642476696348288 13
1633508527511 0.867335484585186 14
1633508548230 0.7852888229250682 15
1633508568587 0.8489174226914171 16
1633508589636 0.8678946154368239 17
1633508609923 0.8619891968188288 18
1633508630374 0.8436164938006373 19
1633508653441 0.8186946050844431 20
1633508673055 0.849617394002149 21
1633508692896 0.8400646527143065 22
1633508712560 0.8591727951327393 23
1633508732072 0.8655038023147837 24
1633508751768 0.8587973712862873 25
1633508771608 0.8566814625310059 26
1633508791144 0.8767362634934064 27
1633508810653 0.8575214673789622 28
1633508830453 0.8516123849508979 29
1633508850291 0.8754184259030064 30
1633508869989 0.8693315639716602 31
1633508889850 0.8800731716177086 32
1633508909807 0.8816158035811217 33
1633508929720 0.857865479978463 34
1633508949361 0.8623993624200567 35
1633508968856 0.861483852825701 36
1633508988632 0.8642236162219861 37
1633509008397 0.8706169434960426 38
1633509028213 0.8781876611940663 39
1633509050532 0.880405871985453 40
1633509070092 0.872378772742705 41
1633509089661 0.876633025005056 42
1633509109411 0.8812149809619182 43
1633509128992 0.8658966328215596 44
1633509148577 0.8204146502514883 45
1633509168207 0.8584952472318387 46
1633509187736 0.8671217275441353 47
1633509207647 0.87194869671091 48
1633509227325 0.8675876988112369 49
1633509247211 0.8750339464739091 50
1633509266719 0.8650932654157493 51
1633509286340 0.867394693443011 52
1633509306084 0.8784769226081707 53
1633509325977 0.8745361787353036 54
1633509345746 0.86998335808954 55
1633509365403 0.8614935443814882 56
1633509385220 0.8762264370019268 57
1633509405095 0.8733157724449865 58
1633509424946 0.8484506698726919 59
1633509447292 0.8749955376366065 60
1633509466755 0.8788685666202689 61
1633509486315 0.8851831956989247 62
1633509505846 0.8657388253072761 63
1633509525561 0.8775182225544307 64
1633509545033 0.8799448291203797 65
1633509564864 0.8598186971470264 66
1633509584328 0.851911350625465 67
1633509603913 0.8820428706973229 68
1633509623920 0.8725974271132495 69
1633509643428 0.8569979137094277 70
1633509663312 0.875604031031081 71
1633509683041 0.8763899035986317 72
1633509702885 0.8751311171073652 73
1633509722587 0.8519344774400687 74
1633509742383 0.8689431327073223 75
1633509762047 0.8841383764565903 76
1633509782002 0.8906298496666276 77
1633509801783 0.879080247248752 78
1633509821717 0.863140337753961 79
1633509844433 0.8747258723892376 80
1633509864285 0.8705091090719492 81
1633509883968 0.8772256042835511 82
1633509903779 0.8765060458737413 83
1633509923855 0.8717670359145848 84
1633509943413 0.8706903251643181 85
1633509963048 0.8715691943399382 86
1633509982678 0.8779348997612709 87
1633510002312 0.8721374698923292 88
1633510021924 0.8746794372383898 89
1633510041367 0.8708040675453079 90
1633510060921 0.881349149806721 91
1633510080560 0.8736769082973995 92
1633510100128 0.8666362050488148 93
1633510119564 0.8840502535159541 94
1633510139268 0.8645681149454103 95
1633510158936 0.8775978415926423 96
1633510178761 0.871903950083454 97
1633510198510 0.8714576544200064 98
1633510218025 0.8826303655895792 99
1633510240404 0.8749547114493529 100
1633510259856 0.8645830085937429 101
1633510279649 0.8737887203896664 102
1633510299479 0.8560791485059001 103
1633510319013 0.8492441707910962 104
1633510338522 0.8710710638555901 105
1633510358326 0.8733736702534388 106
1633510377880 0.8818481992224939 107
1633510397418 0.8687625409730914 108
1633510416947 0.8781360188264965 109
1633510436540 0.873703700123701 110
1633510456013 0.876206965000525 111
1633510475859 0.8707500342794403 112
1633510495348 0.8670130004627902 113
1633510515012 0.8781908528918011 114
1633510534498 0.8737337854339102 115
1633510554115 0.8651712589517563 116
1633510573568 0.8803637927911353 117
1633510593316 0.8748588318092437 118
1633510612827 0.8547072766703593 119
1633510635161 0.8791087676971935 120
1633510654742 0.8788143020327619 121
1633510674414 0.879939956207099 122
1633510694187 0.872436318136768 123
1633510714010 0.8715889579555188 124
1633510733693 0.8690160058693197 125
1633510753330 0.8630663056956696 126
1633510773048 0.8724961003698912 127
1633510792895 0.8667358505542699 128
1633510812808 0.8764176122204345 129
1633510832332 0.8754730626812723 130
1633510851896 0.8754745299453495 131
1633510871703 0.875740269931579 132
1633510891551 0.8797331869828932 133
1633510911295 0.8817872435138298 134
1633510932352 0.8794631774983227 135
1633510952467 0.879976140133503 136
1633510972581 0.8727751218501074 137
1633510992471 0.8720835421828023 138
1633511012735 0.8849247193181893 139
1633511035260 0.8757159415614725 140
1633511054965 0.880057414904948 141
1633511074586 0.8833931933585083 142
1633511094229 0.8821148873592953 143
1633511113783 0.8629985026166859 144
1633511133493 0.8779572783758465 145
1633511153085 0.8761707100792004 146
1633511172860 0.858523217437017 147
1633511192371 0.8690673061435324 148
1633511212044 0.8762879823150695 149
1633511232399 0.8772218224639105 150
