1633508262212 0.6192906869634338 1
1633508282972 0.7717725678819283 2
1633508303234 0.7491416678340753 3
1633508323962 0.7721026940363962 4
1633508344667 0.8286778788862396 5
1633508385234 0.8267820003158586 7
1633508405614 0.8376322565543421 8
1633508425919 0.852007914921556 9
1633508487011 0.8541305505027007 12
1633508527655 0.867335484585186 14
1633508890001 0.8800731716177086 32
1633508909954 0.8816158035811217 33
1633509306237 0.8784769226081707 53
1633509545184 0.8799448291203797 65
1633509604054 0.8820428706973229 68
1633509762200 0.8841383764565903 76
