1633508262214 5.378373952589186 1
1633508282977 4.40394172316765 2
1633508303241 4.603634689741754 3
1633508323965 4.420549321052078 4
1633508344674 3.8464255364292512 5
1633508385237 3.934966570709066 7
1633508405622 3.9959251086323446 8
1633508425924 3.8138011013065762 9
1633508487014 3.75117087614654 12
1633508527658 3.6867797201985004 14
1633508890007 3.6050522597331116 32
1633508909957 3.543992590509267 33
1633509306240 3.587073576468877 53
1633509545189 3.5417122731577537 65
1633509604057 3.5303395133446505 68
1633509762207 3.5523154769050844 76
