1633508262130 5.378373952589186 1
1633508282824 4.40394172316765 2
1633508303083 4.603634689741754 3
1633508323811 4.420549321052078 4
1633508344518 3.8464255364292512 5
1633508364885 4.090863373998469 6
1633508385087 3.934966570709066 7
1633508405463 3.9959251086323446 8
1633508425769 3.8138011013065762 9
1633508446339 4.088763073026669 10
1633508466472 3.9299483359038145 11
1633508486871 3.75117087614654 12
1633508507422 3.771731477992062 13
1633508527513 3.6867797201985004 14
1633508548233 4.279041875223416 15
1633508568589 3.883159539695027 16
1633508589639 3.653333999954101 17
1633508609925 3.7679848310757404 18
1633508630376 3.851211292570246 19
1633508653443 4.21621452416425 20
1633508673058 3.7690375711196515 21
1633508692899 3.930466854801888 22
1633508712562 3.7026649401717533 23
1633508732075 3.6552621206067455 24
1633508751770 3.724891338422096 25
1633508771610 3.7322228810979072 26
1633508791146 3.668707173462021 27
1633508810655 3.785629435106453 28
1633508830455 3.7902157388435285 29
1633508850293 3.650056563981695 30
1633508869991 3.681772927662391 31
1633508889853 3.6050522597331116 32
1633508909809 3.543992590509267 33
1633508929722 3.7466519053379654 34
1633508949363 3.6911769577717477 35
1633508968859 3.681084338851154 36
1633508988634 3.733723390152458 37
1633509008400 3.6685379721273463 38
1633509028215 3.612762124118182 39
1633509050535 3.6259717857683573 40
1633509070095 3.637681246153377 41
1633509089663 3.6727676083332823 42
1633509109413 3.5863757261543334 43
1633509128994 3.6715612423594486 44
1633509148579 4.092121262923372 45
1633509168209 3.73418520047073 46
1633509187739 3.6181508082640703 47
1633509207649 3.692873009283564 48
1633509227327 3.6145716289882737 49
1633509247213 3.6062797090731697 50
1633509266721 3.6670387239460855 51
1633509286343 3.6976891958144336 52
1633509306087 3.587073576468877 53
1633509325979 3.583615002347476 54
1633509345749 3.6183328474279177 55
1633509365405 3.691278874452397 56
1633509385222 3.595366747131208 57
1633509405098 3.646466200762009 58
1633509424948 3.834956444617561 59
1633509447295 3.6413154014990052 60
1633509466757 3.5827876482022756 61
1633509486318 3.5728966642224957 62
1633509505849 3.6042612711441073 63
1633509525563 3.5797390001665934 64
1633509545035 3.5417122731577537 65
1633509564866 3.6494298655586106 66
1633509584330 3.693049406095305 67
1633509603915 3.5303395133446505 68
1633509623922 3.6754536227440715 69
1633509643431 3.772173395158308 70
1633509663314 3.722119848949382 71
1633509683044 3.592354336128609 72
1633509702888 3.5627928161941367 73
1633509722589 3.752698015841986 74
1633509742386 3.6946027069895675 75
1633509762050 3.5523154769050844 76
1633509782004 3.5978418991163177 77
1633509801785 3.5487496378692396 78
1633509821719 3.636958943220965 79
1633509844435 3.6087354423355054 80
1633509864287 3.6506477204739554 81
1633509883970 3.6512461816960613 82
1633509903782 3.6057834995122966 83
1633509923858 3.608587836046509 84
1633509943416 3.6060004488126167 85
1633509963051 3.5976141903920453 86
1633509982681 3.633085966714614 87
1633510002314 3.618692171382397 88
1633510021926 3.5627628512563843 89
1633510041369 3.555197039714233 90
1633510060923 3.5627645091322226 91
1633510080563 3.619249655691491 92
1633510100130 3.552748947116145 93
1633510119566 3.5416617243256696 94
1633510139271 3.585377177543884 95
1633510158939 3.5420696294687715 96
1633510178764 3.6229332161360808 97
1633510198512 3.5969753902372115 98
1633510218027 3.5604584794251166 99
1633510240406 3.6674189674738034 100
1633510259858 3.658414439525432 101
1633510279651 3.572983215318656 102
1633510299482 3.617675936958697 103
1633510319015 3.702481520909816 104
1633510338524 3.5962367460676505 105
1633510358329 3.59942647090416 106
1633510377882 3.4934566947181014 107
1633510397421 3.6878482335003926 108
1633510416950 3.595901918167293 109
1633510436543 3.5849194461751788 110
1633510456015 3.558221304682341 111
1633510475861 3.6019002173381818 112
1633510495351 3.613586398326657 113
1633510515014 3.5345052704126316 114
1633510534501 3.588451359734848 115
1633510554117 3.6494769376700398 116
1633510573570 3.559261048182939 117
1633510593319 3.545455406941616 118
1633510612829 3.667359887663047 119
1633510635163 3.556617937542459 120
1633510654744 3.5860030621720638 121
1633510674417 3.5763094385520433 122
1633510694189 3.588237284010363 123
1633510714012 3.6505139180964727 124
1633510733695 3.5877634794378164 125
1633510753332 3.6484975503530026 126
1633510773050 3.579103022801497 127
1633510792897 3.7037610456690366 128
1633510812810 3.5818219778858893 129
1633510832334 3.5900209574444686 130
1633510851898 3.5610278017287924 131
1633510871705 3.701500138093477 132
1633510891554 3.5516717992541054 133
1633510911297 3.529474361694774 134
1633510932355 3.551760776482681 135
1633510952469 3.5639295884948083 136
1633510972583 3.606670553484139 137
1633510992473 3.5415243091508533 138
1633511012738 3.528484812293951 139
1633511035262 3.5291969886780064 140
1633511054967 3.4939327285277653 141
1633511074588 3.520056553530986 142
1633511094231 3.552740905530402 143
1633511113785 3.6931126422090044 144
1633511133496 3.567755224403273 145
1633511153087 3.5672068854118217 146
1633511172863 3.661632561529256 147
1633511192374 3.577687275776295 148
1633511212047 3.5378943535960112 149
1633511232401 3.593040932802389 150
