1633508262212 0.42895711228081884 1
1633508282973 0.6246741750412224 2
1633508303235 0.6388227060403767 3
1633508323963 0.6551772605625898 4
1633508344668 0.7279351179917039 5
1633508385235 0.7310491678452541 7
1633508405616 0.7392368371548361 8
1633508425920 0.7527060887922116 9
1633508487012 0.757951281738852 12
1633508527656 0.7826036827797528 14
1633508890002 0.7914020859908347 32
1633508909955 0.7932349515917304 33
1633509306237 0.792963140325649 53
1633509545185 0.7958720898046276 65
1633509604055 0.7983094666683994 68
1633509762202 0.7993061693953083 76
