1633508262128 0.42895711228081884 1
1633508282822 0.6246741750412224 2
1633508303081 0.6388227060403767 3
1633508323809 0.6551772605625898 4
1633508344516 0.7279351179917039 5
1633508364883 0.7180273661148437 6
1633508385085 0.7310491678452541 7
1633508405461 0.7392368371548361 8
1633508425767 0.7527060887922116 9
1633508446337 0.6878180506624166 10
1633508466470 0.7409617173067735 11
1633508486869 0.757951281738852 12
1633508507421 0.7530526926315869 13
1633508527511 0.7826036827797528 14
1633508548231 0.6604401605407769 15
1633508568587 0.7458777998338632 16
1633508589637 0.773913539949627 17
1633508609923 0.7651033655511094 18
1633508630374 0.7570479574360464 19
1633508653441 0.7270073837792805 20
1633508673056 0.7652051928600354 21
1633508692897 0.7503733786168741 22
1633508712560 0.7613727587198057 23
1633508732073 0.775480666303591 24
1633508751769 0.756080336965135 25
1633508771608 0.7658600122322019 26
1633508791145 0.7778860556119892 27
1633508810653 0.7702762746014233 28
1633508830453 0.7704477183915318 29
1633508850291 0.7709867700438608 30
1633508869989 0.7803337108738283 31
1633508889851 0.7914020859908347 32
1633508909807 0.7932349515917304 33
1633508929720 0.7830827447626846 34
1633508949361 0.7842890570228349 35
1633508968857 0.7805197018826266 36
1633508988632 0.7759864223641681 37
1633509008398 0.7831675044004861 38
1633509028213 0.7895498180689345 39
1633509050533 0.7884796882936816 40
1633509070093 0.785839922614277 41
1633509089661 0.7812733194435492 42
1633509109411 0.791897891502126 43
1633509128992 0.7842435944993883 44
1633509148577 0.7205168747223697 45
1633509168207 0.7688306468676006 46
1633509187737 0.7900205755368664 47
1633509207648 0.7828821699080831 48
1633509227325 0.7856731911748053 49
1633509247211 0.7878000120323336 50
1633509266719 0.7834426989440756 51
1633509286341 0.7807543179559667 52
1633509306085 0.792963140325649 53
1633509325977 0.7826086340360248 54
1633509345747 0.790316921247251 55
1633509365403 0.7777000320775731 56
1633509385220 0.7833389865008595 57
1633509405096 0.7850617640617555 58
1633509424946 0.7628538253378727 59
1633509447293 0.7850168492411412 60
1633509466755 0.7888835916773953 61
1633509486316 0.7955519541884244 62
1633509505847 0.7802526926326755 63
1633509525561 0.7883204561276326 64
1633509545033 0.7958720898046276 65
1633509564864 0.7722959405253956 66
1633509584328 0.7775741869894001 67
1633509603913 0.7983094666683994 68
1633509623920 0.7822765446906795 69
1633509643429 0.7763157345666793 70
1633509663312 0.7828168143958494 71
1633509683042 0.7915253815273587 72
1633509702886 0.7858141076679872 73
1633509722587 0.7781271082906719 74
1633509742384 0.7804487139237761 75
1633509762048 0.7993061693953083 76
1633509782002 0.8004630445571841 77
1633509801783 0.7897850380245767 78
1633509821717 0.7818062478796797 79
1633509844433 0.7881893445399379 80
1633509864285 0.7849764022620956 81
1633509883968 0.7873901295381636 82
1633509903780 0.7934247924176193 83
1633509923856 0.7918822147301718 84
1633509943414 0.7912999970214578 85
1633509963049 0.7926847352941403 86
1633509982679 0.7861118935968392 87
1633510002312 0.7905502845960506 88
1633510021925 0.7922565634588065 89
1633510041368 0.7951673125884935 90
1633510060921 0.7991707663268582 91
1633510080561 0.7871689142405731 92
1633510100128 0.7823053910981401 93
1633510119564 0.7974685198510888 94
1633510139269 0.7858754392854472 95
1633510158937 0.7935920348413715 96
1633510178762 0.7859384908587593 97
1633510198510 0.7881424311853416 98
1633510218025 0.7959660045830992 99
1633510240405 0.7768181394241821 100
1633510259857 0.7790929777295686 101
1633510279649 0.7923047887883998 102
1633510299480 0.7812201731383471 103
1633510319013 0.77346031193178 104
1633510338522 0.7895252019815134 105
1633510358327 0.7868369991080453 106
1633510377881 0.799995624387066 107
1633510397419 0.7801978736155482 108
1633510416948 0.7911077105460035 109
1633510436541 0.7933736144328656 110
1633510456013 0.7902976429167825 111
1633510475860 0.7836532533662369 112
1633510495349 0.7832698762743814 113
1633510515012 0.7917916921538318 114
1633510534499 0.792420065362436 115
1633510554115 0.7827663427599588 116
1633510573568 0.7951893710483224 117
1633510593317 0.7868183003019414 118
1633510612827 0.7710744114238948 119
1633510635161 0.7893893331576464 120
1633510654742 0.7930892260364591 121
1633510674415 0.796968015601737 122
1633510694187 0.7881587512109913 123
1633510714010 0.7845925610132559 124
1633510733693 0.7873570347900678 125
1633510753330 0.7867128224355254 126
1633510773048 0.784729815394091 127
1633510792895 0.7833101266160519 128
1633510812808 0.7893385086526445 129
1633510832332 0.789399741660135 130
1633510851897 0.7952496064346668 131
1633510871703 0.7811283420656032 132
1633510891552 0.7919088737961395 133
1633510911296 0.7992244191721171 134
1633510932353 0.7955565199607839 135
1633510952467 0.7909334870518846 136
1633510972581 0.7906672248696102 137
1633510992471 0.7935967047911975 138
1633511012736 0.7947657450198847 139
1633511035260 0.796700169327922 140
1633511054965 0.7972597251389599 141
1633511074586 0.7986291687394187 142
1633511094229 0.7987861492083236 143
1633511113783 0.7759678494641755 144
1633511133494 0.7889604482551038 145
1633511153085 0.7931475381774706 146
1633511172861 0.7806280690463884 147
1633511192372 0.786139548554865 148
1633511212045 0.7964785497365579 149
1633511232399 0.7947186069653347 150
