1633508262214 0.6820896674514244 1
1633508282976 0.7856960381290293 2
1633508303239 0.8037030689616722 3
1633508323965 0.8078015956507397 4
1633508344673 0.8446738323563473 5
1633508385237 0.8476951256880597 7
1633508405620 0.851966628176288 8
1633508425923 0.8667538302826976 9
1633508487013 0.8641790914073659 12
1633508527658 0.8815261193310289 14
1633508890006 0.8901900563188415 32
1633508909957 0.8911668662344959 33
1633509306239 0.8854065323060639 53
1633509545188 0.8853767412872449 65
1633509604057 0.8876664284822251 68
1633509762206 0.887785209512935 76
