1633508262126 0.6715729831354058 1
1633508282820 0.7562433239171037 2
1633508303078 0.7306343801809358 3
1633508323806 0.7198026658467715 4
1633508344513 0.8124490142453346 5
1633508364881 0.8336150686990038 6
1633508385083 0.8421030251741077 7
1633508405459 0.8140091733336724 8
1633508425765 0.8819254726932857 9
1633508446335 0.8854340108675207 10
1633508466468 0.8412280862936697 11
1633508486867 0.8613557053415681 12
1633508507418 0.8843376388850408 13
1633508527509 0.879267967736096 14
1633508548229 0.8839609980145376 15
1633508568585 0.867622124118921 16
1633508589635 0.8990612071398134 17
1633508609921 0.8574271679006238 18
1633508630372 0.8181915687730226 19
1633508653439 0.8068035339990807 20
1633508673054 0.8516887587896533 21
1633508692894 0.8120463188552932 22
1633508712558 0.8719918866995351 23
1633508732071 0.8915190071401122 24
1633508751766 0.9055144587584483 25
1633508771606 0.892651491451834 26
1633508791142 0.890638397471384 27
1633508810651 0.8672230384274637 28
1633508830451 0.8314952507070393 29
1633508850289 0.8946161999637734 30
1633508869987 0.8501985531037104 31
1633508889849 0.889252882694072 32
1633508909805 0.9009376059784867 33
1633508929718 0.8481200069383473 34
1633508949359 0.8584643273162128 35
1633508968855 0.8442706374595303 36
1633508988630 0.8317464231723236 37
1633509008396 0.8495067706708964 38
1633509028211 0.8636523995937019 39
1633509050531 0.8681743424918988 40
1633509070091 0.8800580049163214 41
1633509089659 0.8890080683333071 42
1633509109409 0.8916776156021545 43
1633509128990 0.849046570645836 44
1633509148575 0.8290597798042783 45
1633509168205 0.8585771733778833 46
1633509187735 0.8736865224614596 47
1633509207645 0.8554905554575785 48
1633509227323 0.8574422238800461 49
1633509247209 0.9044468761218648 50
1633509266717 0.857798172519558 51
1633509286339 0.8639818490015089 52
1633509306083 0.8699763671115665 53
1633509325975 0.9135590022584993 54
1633509345745 0.8646170147641891 55
1633509365401 0.8449809878605219 56
1633509385218 0.906311741985206 57
1633509405094 0.8622044810859644 58
1633509424944 0.8146660847086719 59
1633509447290 0.8824676960531032 60
1633509466753 0.8675517397435661 61
1633509486313 0.8746517571498116 62
1633509505845 0.8706690898770939 63
1633509525559 0.8688055556208177 64
1633509545031 0.8700135385664804 65
1633509564862 0.8945584183814351 66
1633509584326 0.848968629300308 67
1633509603911 0.883718473652887 68
1633509623918 0.8580503725299252 69
1633509643427 0.8259427740099347 70
1633509663310 0.869767428649587 71
1633509683040 0.8797380269502024 72
1633509702884 0.8949519314730063 73
1633509722585 0.8335452732996226 74
1633509742381 0.8575348032854877 75
1633509762045 0.8673284656878768 76
1633509782000 0.8796515863508078 77
1633509801781 0.8831354794412822 78
1633509821715 0.873561154716658 79
1633509844431 0.8617808253689184 80
1633509864283 0.8610765517177663 81
1633509883966 0.8621685146682727 82
1633509903778 0.8591123595617715 83
1633509923854 0.880985772324701 84
1633509943412 0.8532462738864629 85
1633509963046 0.8635399848989015 86
1633509982676 0.8695784016684961 87
1633510002310 0.8592190945344121 88
1633510021922 0.8699236729309968 89
1633510041366 0.8774948963413786 90
1633510060919 0.8791189767193227 91
1633510080558 0.8559138962436085 92
1633510100126 0.8775565159421024 93
1633510119562 0.8793526421181436 94
1633510139266 0.8670587526354082 95
1633510158935 0.8928027466913396 96
1633510178760 0.8612100117299317 97
1633510198508 0.8705256102333722 98
1633510218023 0.8716540703989477 99
1633510240402 0.8913130067064454 100
1633510259854 0.8475447595948394 101
1633510279647 0.8666381148335186 102
1633510299478 0.8603533007027777 103
1633510319011 0.8497567070917632 104
1633510338520 0.8513030753445106 105
1633510358325 0.8470647869041845 106
1633510377878 0.8704000046147153 107
1633510397417 0.846060574630804 108
1633510416946 0.891175526955796 109
1633510436539 0.8697703385299196 110
1633510456011 0.8690258753788367 111
1633510475857 0.8516147292786567 112
1633510495347 0.844686802057813 113
1633510515010 0.8841171952087682 114
1633510534497 0.8749821493198766 115
1633510554113 0.8526162796515946 116
1633510573566 0.8837744217017016 117
1633510593314 0.8903636820131535 118
1633510612826 0.8610126012227114 119
1633510635159 0.8668831044934024 120
1633510654740 0.8666887709509589 121
1633510674413 0.874090067960937 122
1633510694185 0.877001864763999 123
1633510714008 0.8457252460392404 124
1633510733691 0.8688897810879225 125
1633510753328 0.857918000699814 126
1633510773046 0.8826741164376884 127
1633510792893 0.8585769829591949 128
1633510812806 0.8719446467339713 129
1633510832330 0.870563359228202 130
1633510851895 0.8707917677053543 131
1633510871701 0.8673236368683331 132
1633510891550 0.8696322492523934 133
1633510911294 0.8917719981872058 134
1633510932351 0.8663816584524805 135
1633510952465 0.8836560118057972 136
1633510972579 0.870586673775979 137
1633510992469 0.8888713384197638 138
1633511012733 0.8936472070245544 139
1633511035258 0.8620966832835292 140
1633511054963 0.8713633509205009 141
1633511074584 0.877942782875226 142
1633511094227 0.8662141132744662 143
1633511113781 0.8470226364843199 144
1633511133491 0.8812309356214728 145
1633511153083 0.8641954331606488 146
1633511172859 0.8429921492505195 147
1633511192370 0.8503373077000442 148
1633511212043 0.8763372113539831 149
1633511232397 0.8637094954113779 150
