1633508262210 0.6715729831354058 1
1633508282969 0.7562433239171037 2
1633508303230 0.7306343801809358 3
1633508323960 0.7198026658467715 4
1633508344663 0.8124490142453346 5
1633508385232 0.8421030251741077 7
1633508405610 0.8140091733336724 8
1633508425916 0.8819254726932857 9
1633508487009 0.8613557053415681 12
1633508527653 0.879267967736096 14
1633508889996 0.889252882694072 32
1633508909952 0.9009376059784867 33
1633509306235 0.8699763671115665 53
1633509545181 0.8700135385664804 65
1633509604053 0.883718473652887 68
1633509762196 0.8673284656878768 76
