1633508262130 0.6820896674514244 1
1633508282823 0.7856960381290293 2
1633508303082 0.8037030689616722 3
1633508323811 0.8078015956507397 4
1633508344517 0.8446738323563473 5
1633508364885 0.8418389579191119 6
1633508385087 0.8476951256880597 7
1633508405463 0.851966628176288 8
1633508425769 0.8667538302826976 9
1633508446338 0.8369564521223074 10
1633508466472 0.8585572706160649 11
1633508486871 0.8641790914073659 12
1633508507422 0.8649506434234836 13
1633508527513 0.8815261193310289 14
1633508548232 0.8237128867886978 15
1633508568589 0.8633485784512843 16
1633508589638 0.8770351494637499 17
1633508609925 0.8728854002001708 18
1633508630376 0.8631594715290942 19
1633508653443 0.8539342858282292 20
1633508673057 0.8687901802739119 21
1633508692898 0.8633485354169923 22
1633508712562 0.8628136546221776 23
1633508732074 0.8778664769178496 24
1633508751770 0.8717624972714741 25
1633508771610 0.8759644306160342 26
1633508791146 0.8802298760056738 27
1633508810655 0.8720446028911341 28
1633508830455 0.8762918983988502 29
1633508850293 0.8804151587414387 30
1633508869991 0.875523965034619 31
1633508889852 0.8901900563188415 32
1633508909809 0.8911668662344959 33
1633508929722 0.8790087150217311 34
1633508949363 0.8822890734776945 35
1633508968858 0.8771860385465446 36
1633508988634 0.8719871503029459 37
1633509008399 0.8764173787996893 38
1633509028215 0.8834576132977421 39
1633509050534 0.8811338771673793 40
1633509070094 0.8827729848991437 41
1633509089663 0.8847299102734735 42
1633509109413 0.8880260388267281 43
1633509128994 0.877724828884922 44
1633509148579 0.8456646351535191 45
1633509168209 0.8738071661146921 46
1633509187738 0.8860603526158419 47
1633509207649 0.8811763778629816 48
1633509227327 0.8828370914966778 49
1633509247213 0.8895245037343126 50
1633509266721 0.8795189024937726 51
1633509286342 0.8800485411624566 52
1633509306086 0.8854065323060639 53
1633509325979 0.8880074562749511 54
1633509345748 0.8844271585862796 55
1633509365405 0.8748260409283796 56
1633509385222 0.8835602321166142 57
1633509405097 0.8809679833423434 58
1633509424948 0.8674277870668622 59
1633509447294 0.8792717718775249 60
1633509466757 0.8807081384761584 61
1633509486317 0.885145173889481 62
1633509505848 0.8768749869422852 63
1633509525563 0.8843683010807427 64
1633509545035 0.8853767412872449 65
1633509564866 0.8790518336067117 66
1633509584330 0.8757840807082881 67
1633509603915 0.8876664284822251 68
1633509623922 0.881253056402651 69
1633509643430 0.8795173768324008 70
1633509663313 0.8835269479436455 71
1633509683043 0.8873178560168742 72
1633509702887 0.885678606585165 73
1633509722589 0.8819186844490399 74
1633509742385 0.8779966814600061 75
1633509762049 0.887785209512935 76
1633509782004 0.8908612200099579 77
1633509801785 0.8878827273449111 78
1633509821719 0.8791100051085462 79
1633509844435 0.8813950138851672 80
1633509864287 0.8828177783445947 81
1633509883970 0.8800763574626485 82
1633509903781 0.8850239131157931 83
1633509923857 0.8849376016160594 84
1633509943415 0.8850569767826589 85
1633509963050 0.8835381069343796 86
1633509982680 0.8795578873749975 87
1633510002314 0.8838416042944459 88
1633510021926 0.8840453040765607 89
1633510041369 0.8886611403077893 90
1633510060923 0.8902097435243768 91
1633510080562 0.8790151547261013 92
1633510100130 0.8801279508038226 93
1633510119566 0.888982741164087 94
1633510139270 0.8822267133848315 95
1633510158938 0.8897910942894652 96
1633510178763 0.8842820843427945 97
1633510198512 0.8812184588067805 98
1633510218026 0.88563831861036 99
1633510240406 0.8785197114473003 100
1633510259858 0.8754611950203148 101
1633510279650 0.8852742013706059 102
1633510299481 0.8771879209042779 103
1633510319015 0.8751873307099637 104
1633510338524 0.8875950012928718 105
1633510358328 0.8787500064738318 106
1633510377882 0.8879297668451146 107
1633510397420 0.8788474113142045 108
1633510416949 0.8926109146239006 109
1633510436542 0.8848128539882878 110
1633510456015 0.8881297446895443 111
1633510475861 0.8781336755664316 112
1633510495350 0.8755397222386784 113
1633510515014 0.8869914504433781 114
1633510534500 0.8836012422645958 115
1633510554117 0.8805175955146572 116
1633510573569 0.8875572871255735 117
1633510593318 0.8844085500207028 118
1633510612829 0.8690704605888414 119
1633510635163 0.8839738940125371 120
1633510654744 0.8864818027089014 121
1633510674416 0.8902147309984476 122
1633510694189 0.8830282708914984 123
1633510714012 0.8775330441209216 124
1633510733694 0.8801478224308898 125
1633510753332 0.8848074618765677 126
1633510773050 0.8839944603791855 127
1633510792897 0.8794748474793492 128
1633510812810 0.8808962771469837 129
1633510832333 0.8840050846288856 130
1633510851898 0.8901177110302947 131
1633510871705 0.8741227319299811 132
1633510891553 0.8802472766117818 133
1633510911297 0.8944809478213533 134
1633510932354 0.8830874086350915 135
1633510952469 0.8862158613473727 136
1633510972583 0.8809244042903766 137
1633510992473 0.8880756900799874 138
1633511012737 0.8937154005594488 139
1633511035262 0.8863240062328811 140
1633511054967 0.8848756374857372 141
1633511074588 0.8882000998434731 142
1633511094231 0.8848473145364799 143
1633511113785 0.867596931343405 144
1633511133495 0.8843275456795477 145
1633511153087 0.8840136257816236 146
1633511172862 0.8788740349476512 147
1633511192373 0.8780066740032317 148
1633511212046 0.8871525543815261 149
1633511232401 0.88430734709603 150
