1633508262211 0.5968798141143458 1
1633508282970 0.7828187103576083 2
1633508303231 0.8450454474655487 3
1633508323961 0.8733281355662565 4
1633508344664 0.8554660087837991 5
1633508385233 0.8305713290332557 7
1633508405611 0.872885961076199 8
1633508425917 0.8247880735749687 9
1633508487010 0.844539047134071 12
1633508527654 0.8644780825076549 14
1633508889998 0.869821450985592 32
1633508909953 0.859506194215356 33
1633509306236 0.8820176910106183 53
1633509545182 0.8837833798716787 65
1633509604053 0.8731596045976975 68
1633509762198 0.8926666598190194 76
