1633508262127 0.5968798141143458 1
1633508282820 0.7828187103576083 2
1633508303079 0.8450454474655487 3
1633508323807 0.8733281355662565 4
1633508344514 0.8554660087837991 5
1633508364882 0.82368063766757 6
1633508385084 0.8305713290332557 7
1633508405460 0.872885961076199 8
1633508425766 0.8247880735749687 9
1633508446336 0.7495896668605319 10
1633508466469 0.8529927666747 11
1633508486868 0.844539047134071 12
1633508507419 0.8149007567295755 13
1633508527510 0.8644780825076549 14
1633508548229 0.7059245533411429 15
1633508568586 0.8300944973996175 16
1633508589635 0.8295200549490539 17
1633508609922 0.8672934627728964 18
1633508630373 0.8940391089902303 19
1633508653440 0.877441441729287 20
1633508673054 0.866783847029054 21
1633508692895 0.897175800301992 22
1633508712559 0.826439228127207 23
1633508732071 0.8385775580886135 24
1633508751767 0.8072874167436705 25
1633508771607 0.8321158532124637 26
1633508791143 0.8452768147980971 27
1633508810652 0.8572967193897728 28
1633508830452 0.9045087073882032 29
1633508850290 0.8420980167099512 30
1633508869988 0.8856131514487261 31
1633508889849 0.869821450985592 32
1633508909806 0.859506194215356 33
1633508929719 0.893271024200223 34
1633508949360 0.8899622734364999 35
1633508968856 0.8951979936311132 36
1633508988631 0.8978209639839925 37
1633509008396 0.887370664185921 38
1633509028212 0.8872095015099948 39
1633509050531 0.875413891895524 40
1633509070092 0.8661381993004053 41
1633509089660 0.8574570186491732 42
1633509109410 0.8628366916088064 43
1633509128991 0.8909950907811909 44
1633509148576 0.830766812471212 45
1633509168206 0.8689954067091004 46
1633509187735 0.8807300852154047 47
1633509207646 0.8889051272515691 48
1633509227324 0.8910974236864415 49
1633509247210 0.8505487569418269 50
1633509266718 0.8827071215658149 51
1633509286339 0.8742824154772166 52
1633509306083 0.8820176910106183 53
1633509325976 0.8355300501030318 54
1633509345745 0.8864181330568339 55
1633509365402 0.8876774466261704 56
1633509385219 0.8360741411015071 57
1633509405094 0.8816476558896155 58
1633509424945 0.9064177087571829 59
1633509447291 0.853187204120676 60
1633509466754 0.8767497076195694 61
1633509486314 0.8776135507785521 62
1633509505845 0.8610711683738663 63
1633509525560 0.8797792732078424 64
1633509545032 0.8837833798716787 65
1633509564863 0.8394788173650362 66
1633509584327 0.8853454858931801 67
1633509603912 0.8731596045976975 68
1633509623919 0.8854183117126059 69
1633509643427 0.9188897110125706 70
1633509663311 0.8766233422349943 71
1633509683041 0.8754575048627692 72
1633509702884 0.8503297896142888 73
1633509722586 0.916612513052288 74
1633509742382 0.8792642439385021 75
1633509762046 0.8926666598190194 76
1633509782001 0.8852021613838857 77
1633509801782 0.8708926264259604 78
1633509821716 0.8644384917495448 79
1633509844432 0.8828850751796729 80
1633509864284 0.8870503608709632 81
1633509883967 0.8810253577250754 82
1633509903778 0.895041673133061 83
1633509923854 0.8682904613844992 84
1633509943412 0.9014661042567842 85
1633509963047 0.8855185011785448 86
1633509982677 0.8699785089186158 87
1633510002311 0.8908298278856095 88
1633510021923 0.8797105977319493 89
1633510041366 0.8827134100030948 90
1633510060920 0.8839190977249557 91
1633510080559 0.8857766743728798 92
1633510100127 0.8611485732175904 93
1633510119563 0.8777648814400851 94
1633510139267 0.8776829900200707 95
1633510158935 0.8658497863831679 96
1633510178760 0.8887472963125695 97
1633510198509 0.8706899683646606 98
1633510218024 0.8816637014258266 99
1633510240403 0.8415223385089732 100
1633510259855 0.886760254711331 101
1633510279648 0.8863878548971097 102
1633510299478 0.8742793459868544 103
1633510319012 0.8822265234122141 104
1633510338521 0.9079927801997166 105
1633510358325 0.8954420609872142 106
1633510377879 0.8890714993215181 107
1633510397417 0.8940175957379201 108
1633510416946 0.8726253963618109 109
1633510436539 0.882603410495159 110
1633510456012 0.8876447216007627 111
1633510475858 0.8877465716602861 112
1633510495347 0.8910118519260652 113
1633510515011 0.86917852823862 114
1633510534497 0.8754855632775436 115
1633510554114 0.8899972337402168 116
1633510573567 0.8728232874170657 117
1633510593315 0.8559336669745566 118
1633510612826 0.8541122059744294 119
1633510635160 0.8817925159218638 120
1633510654741 0.8891898553768756 121
1633510674413 0.8890133128468237 122
1633510694186 0.8676776055903075 123
1633510714009 0.8938561267644313 124
1633510733692 0.8724442703652957 125
1633510753329 0.8940070534128134 126
1633510773047 0.8628850198180926 127
1633510792894 0.8833121150235893 128
1633510812807 0.8716646918742342 129
1633510832330 0.8780179859746942 130
1633510851895 0.8914357030009409 131
1633510871702 0.8615660790061703 132
1633510891550 0.8725868038254811 133
1633510911294 0.8767083308869346 134
1633510932351 0.8826843577918084 135
1633510952466 0.8674393975672192 136
1633510972580 0.873081213524758 137
1633510992470 0.8671989390888911 138
1633511012734 0.8704580875281056 139
1633511035259 0.8943410345464937 140
1633511054964 0.8810450213018219 141
1633511074585 0.8794350783220222 142
1633511094228 0.8880553978633122 143
1633511113782 0.8690892552916335 144
1633511133492 0.8654404350463617 145
1633511153084 0.8861890221691204 146
1633511172859 0.8976810012611152 147
1633511192370 0.8893068635097017 148
1633511212043 0.8802976581377536 149
1633511232398 0.8884674263684175 150
