1633508262213 0.7792902918867305 1
1633508282975 0.8723045070221283 2
1633508303238 0.9059326824220282 3
1633508323964 0.9131202652907875 4
1633508344671 0.9119364208184297 5
1633508385236 0.9023332593411668 7
1633508405619 0.9168203994077712 8
1633508425922 0.9029910116963668 9
1633508487013 0.9097746583001026 12
1633508527657 0.9205988173261966 14
1633508890005 0.9239974400133798 32
1633508909956 0.9206270601676386 33
1633509306239 0.9303403167725325 53
1633509545187 0.9296764874314563 65
1633509604056 0.9267112747545855 68
1633509762204 0.9330597401620087 76
