1633508262129 0.7792902918867305 1
1633508282823 0.8723045070221283 2
1633508303082 0.9059326824220282 3
1633508323810 0.9131202652907875 4
1633508344517 0.9119364208184297 5
1633508364884 0.8989811057601192 6
1633508385086 0.9023332593411668 7
1633508405462 0.9168203994077712 8
1633508425768 0.9029910116963668 9
1633508446338 0.8678906765486524 10
1633508466471 0.9131436554395594 11
1633508486870 0.9097746583001026 12
1633508507421 0.8995517924635917 13
1633508527512 0.9205988173261966 14
1633508548232 0.8463720225774772 15
1633508568588 0.9046829466175239 16
1633508589638 0.9067972220437944 17
1633508609924 0.9204770211148785 18
1633508630375 0.9273877660123222 19
1633508653442 0.9240553759703976 20
1633508673057 0.9201225873628938 21
1633508692898 0.9323288722271815 22
1633508712561 0.9054529298658865 23
1633508732074 0.9116496234274876 24
1633508751769 0.8977022748939357 25
1633508771609 0.9065470797616894 26
1633508791145 0.9134660786852462 27
1633508810654 0.9157306205080386 28
1633508830454 0.9378048479624173 29
1633508850292 0.9103675595003408 30
1633508869990 0.9267523528517159 31
1633508889852 0.9239974400133798 32
1633508909808 0.9206270601676386 33
1633508929721 0.9298947039086322 34
1633508949362 0.929054410868821 35
1633508968858 0.9306210267599956 36
1633508988633 0.9308674990358201 37
1633509008399 0.9292049716827608 38
1633509028214 0.928624439618923 39
1633509050534 0.9256977232944377 40
1633509070094 0.9211843482154934 41
1633509089662 0.9176231236742243 42
1633509109412 0.9223123104941449 43
1633509128993 0.9305377761748443 44
1633509148578 0.9008941046944138 45
1633509168208 0.9232280520227778 46
1633509187738 0.9275190212182114 47
1633509207649 0.93201377607955 48
1633509227326 0.9329470836633097 49
1633509247212 0.9168107918685345 50
1633509266720 0.929419039613871 51
1633509286342 0.9270656693850753 52
1633509306086 0.9303403167725325 53
1633509325978 0.9118400196536128 54
1633509345748 0.9315201377204557 55
1633509365404 0.931069546417788 56
1633509385221 0.9105990301839011 57
1633509405097 0.9287742905751143 58
1633509424947 0.934456482700683 59
1633509447294 0.9172539424894948 60
1633509466756 0.9248622088151356 61
1633509486317 0.9285230060325459 62
1633509505848 0.9208375992925257 63
1633509525562 0.928928091332012 64
1633509545034 0.9296764874314563 65
1633509564865 0.9090952218924381 66
1633509584329 0.9281821851222859 67
1633509603914 0.9267112747545855 68
1633509623921 0.9303771087026749 69
1633509643430 0.9423848075075296 70
1633509663313 0.9267177178308275 71
1633509683043 0.9263081567714897 72
1633509702887 0.9183174228633364 73
1633509722588 0.9403193041093905 74
1633509742385 0.9280683195813529 75
1633509762049 0.9330597401620087 76
1633509782003 0.9287028906049832 77
1633509801784 0.9259741258144261 78
1633509821718 0.9216802596193906 79
1633509844434 0.9297060352587501 80
1633509864286 0.9305410213059665 81
1633509883969 0.9273063166128444 82
1633509903781 0.9350665157978452 83
1633509923857 0.924888252708865 84
1633509943415 0.9366699678318585 85
1633509963050 0.9321842518058121 86
1633509982680 0.9237123863788016 87
1633510002313 0.9332023640927223 88
1633510021926 0.9274211303976785 89
1633510041369 0.9285189735199934 90
1633510060922 0.9300307572658826 91
1633510080561 0.9290099641863425 92
1633510100129 0.9207848590238248 93
1633510119565 0.9301442584816725 94
1633510139270 0.9276055468403543 95
1633510158938 0.9237700556160565 96
1633510178763 0.9313378661707151 97
1633510198511 0.9263953530593247 98
1633510218026 0.9291908416481351 99
1633510240405 0.9108181059058152 100
1633510259857 0.9275090387653994 101
1633510279650 0.931380799557788 102
1633510299481 0.9237454303889178 103
1633510319014 0.925895293318138 104
1633510338523 0.9387593881977159 105
1633510358328 0.9316949196558785 106
1633510377881 0.9322171196233274 107
1633510397420 0.9331537429330404 108
1633510416949 0.9252217939933266 109
1633510436542 0.9289521193229288 110
1633510456014 0.9329048742623192 111
1633510475860 0.930841051402998 112
1633510495350 0.9309666698769418 113
1633510515013 0.9253588145637305 114
1633510534500 0.9246075735274785 115
1633510554116 0.9325329970814953 116
1633510573569 0.925786924795361 117
1633510593318 0.919553628968211 118
1633510612829 0.9175867510619143 119
1633510635162 0.9300829031240233 120
1633510654743 0.931311430814292 121
1633510674416 0.9314387669585026 122
1633510694188 0.9241821185155649 123
1633510714011 0.9328643876428396 124
1633510733694 0.924012832645245 125
1633510753331 0.9348926967070428 126
1633510773049 0.9222983008696958 127
1633510792896 0.9268355809742866 128
1633510812809 0.9244065930313142 129
1633510832333 0.9287666358211515 130
1633510851897 0.9342343269883241 131
1633510871704 0.9194237631878406 132
1633510891553 0.9258407597005825 133
1633510911296 0.9293076230980737 134
1633510932354 0.930694973247078 135
1633510952468 0.9251799868901218 136
1633510972582 0.9253877398950646 137
1633510992472 0.923788569773393 138
1633511012737 0.9265482706255569 139
1633511035261 0.9352117613491054 140
1633511054966 0.929575366770565 141
1633511074587 0.9297940945999197 142
1633511094230 0.9315969458609974 143
1633511113784 0.9218666272842417 144
1633511133494 0.9241721974032356 145
1633511153086 0.9321591458538958 146
1633511172862 0.9364001817131175 147
1633511192373 0.9325982824828225 148
1633511212046 0.9294661435084942 149
1633511232400 0.9323577168750871 150
