1633508262211 0.9616773691613439 1
1633508282971 0.961779102874337 2
1633508303233 0.96680527310704 3
1633508323961 0.9529045349064132 4
1633508344666 0.9683990075931881 5
1633508385234 0.9740780141136699 7
1633508405613 0.9607535269940798 8
1633508425918 0.9811710354192145 9
1633508487011 0.9749920615556671 12
1633508527654 0.9767023945814024 14
1633508889999 0.9781673972683053 32
1633508909954 0.9817372728918093 33
1633509306236 0.9786443480137681 53
1633509545183 0.9755604930116369 65
1633509604054 0.9802568333332337 68
1633509762199 0.9734570206976324 76
