1633508262127 0.9616773691613439 1
1633508282821 0.961779102874337 2
1633508303080 0.96680527310704 3
1633508323808 0.9529045349064132 4
1633508344515 0.9683990075931881 5
1633508364882 0.9742721482485805 6
1633508385085 0.9740780141136699 7
1633508405460 0.9607535269940798 8
1633508425766 0.9811710354192145 9
1633508446336 0.9861641146551026 10
1633508466469 0.9732734065950488 11
1633508486868 0.9749920615556671 12
1633508507420 0.984188511809565 13
1633508527510 0.9767023945814024 14
1633508548230 0.9868062829582532 15
1633508568586 0.9792490083650708 16
1633508589636 0.9840620914218137 17
1633508609922 0.97365497879712 18
1633508630373 0.9607348778405946 19
1633508653440 0.9706665273975502 20
1633508673055 0.9734498944888831 21
1633508692896 0.9674719621070519 22
1633508712559 0.9844488427772294 23
1633508732072 0.9846986683405793 24
1633508751768 0.9880979890754689 25
1633508771607 0.9809714640002918 26
1633508791144 0.9816458216661533 27
1633508810652 0.9741597999064171 28
1633508830452 0.9710840870668155 29
1633508850290 0.9786220202790885 30
1633508869988 0.9678939651473158 31
1633508889850 0.9781673972683053 32
1633508909806 0.9817372728918093 33
1633508929719 0.9665136398783901 34
1633508949360 0.9681387663491712 35
1633508968856 0.9660457575027143 36
1633508988631 0.9639238076135641 37
1633509008397 0.9710238786953375 38
1633509028213 0.9700354985090945 39
1633509050532 0.9759685639960166 40
1633509070092 0.9762296019965458 41
1633509089660 0.9777795326300979 42
1633509109410 0.9817723490642488 43
1633509128992 0.9700827991797897 44
1633509148576 0.9710144320481485 45
1633509168206 0.9774373680599283 46
1633509187736 0.9743071721445592 47
1633509207646 0.9751134662444833 48
1633509227324 0.9747990740158504 49
1633509247210 0.9830521900141588 50
1633509266718 0.9761126899006279 51
1633509286340 0.9798259777734281 52
1633509306084 0.9786443480137681 53
1633509325976 0.9881225107721116 54
1633509345746 0.9766149117346549 55
1633509365402 0.9744547365308036 56
1633509385219 0.985113723919887 57
1633509405095 0.975896361596233 58
1633509424945 0.962500186544589 59
1633509447292 0.9812931903378379 60
1633509466754 0.9729700812450971 61
1633509486314 0.9794222205945147 62
1633509505846 0.9805873399234636 63
1633509525560 0.97806441306405 64
1633509545032 0.9755604930116369 65
1633509564863 0.9787022622087553 66
1633509584327 0.9710170258737957 67
1633509603912 0.9802568333332337 68
1633509623919 0.9753158936723904 69
1633509643428 0.9658826086828274 70
1633509663311 0.9768103020123182 71
1633509683041 0.9771509756696315 72
1633509702885 0.9862846972037842 73
1633509722586 0.9640313054412292 74
1633509742383 0.9768727808912169 75
1633509762047 0.9734570206976324 76
1633509782001 0.9721903329054947 77
1633509801782 0.9810417822331668 78
1633509821716 0.9789184726718122 79
1633509844432 0.9765180502952968 80
1633509864284 0.9740213340484605 81
1633509883967 0.9735765178435282 82
1633509903779 0.97508396819932 83
1633509923855 0.9814731160169436 84
1633509943413 0.9718724487344991 85
1633509963048 0.9788412414891953 86
1633509982678 0.977430565178013 87
1633510002311 0.975564272633679 88
1633510021924 0.9751355693004267 89
1633510041367 0.9743161987933061 90
1633510060920 0.9761337510378922 91
1633510080560 0.9722370453166785 92
1633510100127 0.9804039367195879 93
1633510119563 0.9825042557378596 94
1633510139268 0.9775323594865117 95
1633510158936 0.9816669823510334 96
1633510178761 0.9739240317659397 97
1633510198509 0.9820937139252799 98
1633510218024 0.9767136701437651 99
1633510240404 0.980099603336816 100
1633510259856 0.9682482870768392 101
1633510279648 0.9763743424690434 102
1633510299479 0.9732060201619266 103
1633510319012 0.9695541526527707 104
1633510338521 0.9695307418765445 105
1633510358326 0.9679349915457914 106
1633510377880 0.9753614386481864 107
1633510397418 0.9722922546961049 108
1633510416947 0.9777968980383013 109
1633510436540 0.9752997471929522 110
1633510456012 0.9781496486877692 111
1633510475858 0.9739211822642445 112
1633510495348 0.9709077439275555 113
1633510515011 0.9815292227626337 114
1633510534498 0.9737294718554512 115
1633510554114 0.9750645969616507 116
1633510573567 0.9787491989467565 117
1633510593316 0.9831585092750025 118
1633510612826 0.9810408150264559 119
1633510635160 0.9783624396079252 120
1633510654741 0.9734282163513315 121
1633510674414 0.973863725279188 122
1633510694186 0.9806624136588379 123
1633510714009 0.9718697719356528 124
1633510733692 0.9755735471663102 125
1633510753329 0.975772253402639 126
1633510773047 0.9816961724950825 127
1633510792894 0.9703461029846618 128
1633510812808 0.9771398708700426 129
1633510832331 0.9794961914647285 130
1633510851896 0.9770286310550252 131
1633510871702 0.9772733544530062 132
1633510891551 0.9790850317556159 133
1633510911295 0.9818844459736464 134
1633510932352 0.9786945237054899 135
1633510952466 0.9829042218614328 136
1633510972580 0.977681467899164 137
1633510992470 0.9803751129111454 138
1633511012735 0.9826189665962325 139
1633511035259 0.9760758311873947 140
1633511054964 0.978098595422307 141
1633511074585 0.9801417233484089 142
1633511094228 0.9751370628711753 143
1633511113782 0.9746370753584991 144
1633511133493 0.9828880461897056 145
1633511153084 0.978120247004556 146
1633511172860 0.9751158891795892 147
1633511192371 0.9758907774302719 148
1633511212044 0.9786183153811722 149
1633511232398 0.9762450619111257 150
