1633508258956 0.5669694263201494 0
1633508280312 0.41952456877781796 0
1633508300583 0.3250881295937758 0
1633508321194 0.27834062599218806 0
1633508341993 0.23938180827177488 0
1633508362379 0.2131612404034688 0
1633508382570 0.19870019727028332 0
1633508402971 0.1861474002783115 0
1633508423252 0.1813887658027502 0
1633508443836 0.17732947766780854 0
1633508463976 0.16752304354539285 0
1633508484366 0.17523702658139742 0
1633508504908 0.15661241159989284 0
1633508524995 0.15962806412806876 0
1633508545700 0.15308329612016677 0
1633508566089 0.14935110486470737 0
1633508586984 0.14438841595099522 0
1633508607392 0.14644531584703005 0
1633508627866 0.14117440764720623 0
1633508648166 0.13776686971004193 0
1633508670551 0.15337761101814418 0
1633508690375 0.13557681957116494 0
1633508710045 0.13819670287462382 0
1633508729527 0.13273294247113743 0
1633508749267 0.13291942993035682 0
1633508769044 0.126237513927313 0
1633508788600 0.12654810662452992 0
1633508808156 0.13340706286522058 0
1633508827918 0.1323786294231048 0
1633508847775 0.13527282212789243 0
1633508867480 0.12459313686077411 0
1633508887284 0.12298415394929739 0
1633508907298 0.12039248077915266 0
1633508927160 0.12332460673955771 0
1633508946796 0.12382794137184437 0
1633508966375 0.1261798084928439 0
1633508986132 0.12203553473720184 0
1633509005886 0.12295312652221092 0
1633509025700 0.11871607108758046 0
1633509045294 0.1170126675413205 0
1633509067529 0.12034613432792517 0
1633509087142 0.11830388215871958 0
1633509106914 0.11318918065382884 0
1633509126488 0.11336100812141713 0
1633509146111 0.1177109365279858 0
1633509165640 0.1201540666130873 0
1633509185236 0.11377034439490391 0
1633509205147 0.11077807350800588 0
1633509224836 0.10570327433256002 0
1633509244693 0.10982620532696064 0
1633509264223 0.11038114531682088 0
1633509283824 0.106559095875575 0
1633509303596 0.10439172043250157 0
1633509323465 0.10351919818382997 0
1633509343221 0.10491266021361718 0
1633509362902 0.10341673802870971 0
1633509382700 0.10572063802526548 0
1633509402533 0.10025677039073064 0
1633509422370 0.10491346074984624 0
1633509441989 0.10749236305172627 0
1633509464258 0.10348884910345077 0
1633509483810 0.09920811693255718 0
1633509503336 0.10192737315709774 0
1633509523030 0.10878473445773125 0
1633509542522 0.09972479056853514 0
1633509562364 0.09999849406572489 0
1633509581811 0.10129364499678979 0
1633509601408 0.10059187859296799 0
1633509621382 0.09499155346017618 0
1633509640927 0.098363996640994 0
1633509660783 0.09451880632684781 0
1633509680527 0.09498390847673784 0
1633509700370 0.09219980056469257 0
1633509720036 0.0954036710353998 0
1633509739886 0.09343653928775053 0
1633509759462 0.09512929274485661 0
1633509779511 0.0956779583142354 0
1633509799191 0.09256821710329789 0
1633509819112 0.09460920892082728 0
1633509838974 0.1023623061294739 0
1633509861744 0.09689919885534506 0
1633509881368 0.0925221901673537 0
1633509901270 0.09208095383185606 0
1633509921336 0.09212705361155363 0
1633509940844 0.0869167762880142 0
1633509960537 0.08287189516883631 0
1633509980161 0.08987058028578758 0
1633509999789 0.09144020349933552 0
1633510019396 0.08958446137033976 0
1633510038846 0.08787657177219024 0
1633510058368 0.08731999987593064 0
1633510078026 0.08903067026000756 0
1633510097614 0.08724507855681272 0
1633510117034 0.08713900527128807 0
1633510136752 0.08686666505841109 0
1633510156401 0.09189047555510814 0
1633510176154 0.0877352474973752 0
1633510195980 0.08525193929672241 0
1633510215513 0.08192685280854885 0
1633510235115 0.08336481578074968 0
1633510257333 0.08399992441901794 0
1633510277114 0.08341353478340002 0
1633510296946 0.08279047854817831 0
1633510316495 0.08790748394452609 0
1633510335940 0.08786292930062001 0
1633510355786 0.08848562945540135 0
1633510375368 0.0816973094183665 0
1633510394914 0.08541382728860929 0
1633510414423 0.08335092331354435 0
1633510434022 0.08447990606610592 0
1633510453488 0.0800177480165775 0
1633510473261 0.07568208861809511 0
1633510492843 0.08179384894095934 0
1633510512496 0.07884352006591283 0
1633510531976 0.07622359950955097 0
1633510551612 0.08345558872589698 0
1633510571034 0.08343745922813049 0
1633510590777 0.07957557405416782 0
1633510610321 0.07740713105751917 0
1633510629842 0.07719186905484933 0
1633510652246 0.08147443074446459 0
1633510671892 0.07958467396406027 0
1633510691647 0.07703266487671778 0
1633510711488 0.08734702840447425 0
1633510731155 0.0791295400605752 0
1633510750805 0.08134587172132272 0
1633510770450 0.08127226657592333 0
1633510790383 0.08467453838540957 0
1633510810290 0.08408223155599374 0
1633510829808 0.07821789716298763 0
1633510849364 0.07575058180552263 0
1633510869124 0.07765307862025041 0
1633510889043 0.08133986168182814 0
1633510908784 0.07664400551181573 0
1633510929658 0.07523427227368722 0
1633510949870 0.07293813520899185 0
1633510969894 0.07656184400503452 0
1633510989936 0.07793961878006275 0
1633511010057 0.07627252735770666 0
1633511029888 0.07361040390454805 0
1633511052430 0.07427773573077642 0
1633511072053 0.07452034044724244 0
1633511091634 0.07548336512767352 0
1633511111268 0.07597845087830837 0
1633511130991 0.07632216857029842 0
1633511150556 0.07296576820887052 0
1633511170352 0.074913617510062 0
1633511189872 0.07290273687014213 0
1633511209544 0.07049391023241557 0
1633511229872 0.0740650448661584 0
