1633692083513 0.9019280635949337 1
1633692115185 0.9301998254024622 2
1633692146823 0.9408758914831913 3
1633692177656 0.9466920332475142 4
1633692208154 0.9458049427379261 5
1633692239094 0.9548164136482008 6
1633692270108 0.9581814390240293 7
1633692300995 0.9587772253787878 8
1633692331905 0.9525759147875237 9
1633692362316 0.9590909553296638 10
1633692391962 0.9591307206587358 11
1633692421883 0.9576427575313684 12
1633692453402 0.9545251094933712 13
1633692483348 0.9609726414535985 14
1633692513397 0.9588724772135416 15
1633692543850 0.9604175452030066 16
1633692575076 0.9553539391719934 17
1633692605343 0.9617482965642755 18
1633692636493 0.9602792913263495 19
1633692669217 0.9577833233457623 20
1633692698689 0.9626675230084043 21
1633692728359 0.962371826171875 22
1633692758201 0.9621020230379972 23
1633692787626 0.9604917584043561 24
1633692817284 0.9613254431522253 25
1633692847095 0.95836269494259 26
1633692876594 0.9588199962269176 27
1633692906464 0.9616292317708334 28
1633692935941 0.95836269494259 29
1633692965337 0.9610706676136364 30
1633692995297 0.9627292517459753 31
1633693024874 0.9551030939275568 32
1633693054298 0.9627241654829546 33
1633693084958 0.9623477820194128 34
1633693114594 0.9618208914092092 35
1633693144065 0.9576046105587122 36
1633693173442 0.9616054188121449 37
1633693204134 0.9639004794034091 38
1633693233668 0.9646900061405066 39
1633693267447 0.9637730916341146 40
1633693298410 0.9629655317826704 41
1633693328150 0.955158349239465 42
1633693357920 0.9621702252012311 43
1633693387475 0.9646070075757576 44
1633693418659 0.9606501261393229 45
1633693448400 0.9638019908558239 46
1633693478381 0.9595845540364584 47
1633693507874 0.9583539095791903 48
1633693537550 0.9616368611653646 49
1633693567256 0.9637432676373106 50
1633693597085 0.9530882401899858 51
1633693626846 0.9609939112807765 52
1633693656720 0.9617570819276752 53
1633693687852 0.9628060080788352 54
1633693717556 0.9604730317086885 55
1633693747516 0.9614068233605587 56
1633693777405 0.9581173983487216 57
1633693807130 0.9537039092092803 58
1633693836786 0.9603609027284564 59
1633693871135 0.9625681096857245 60
1633693901148 0.9628379128196023 61
1633693931109 0.9626894864169034 62
1633693961136 0.9586470632842092 63
1633693991291 0.9633673465613163 64
1633694021257 0.933541269013376 65
1633694050944 0.9640158450964725 66
1633694082674 0.959756562204072 67
1633694112634 0.9638230294892283 68
1633694142703 0.9647924249822443 69
1633694174114 0.9613769993637548 70
1633694204145 0.9483612522934423 71
1633694234162 0.9623940207741477 72
1633694263983 0.9562331690932765 73
1633694294035 0.960215713038589 74
1633694323986 0.9632415771484375 75
1633694353920 0.9633659593986742 76
1633694383588 0.9564285278320312 77
1633694413370 0.9554850260416666 78
1633694443375 0.9586655587861033 79
1633694476060 0.9643896854285038 80
1633694506277 0.9641910899769176 81
1633694536182 0.9657347708037405 82
1633694566423 0.9634198275479403 83
1633694597951 0.9612637144146543 84
1633694628237 0.9650696263168798 85
1633694658615 0.9633192582563921 86
1633694688868 0.9619646939364347 87
1633694719097 0.9656871448863636 88
1633694750922 0.963430693655303 89
1633694781190 0.9652340050899622 90
1633694813025 0.9652145848129735 91
1633694844510 0.964394540497751 92
1633694874646 0.9664089318477747 93
1633694904961 0.9640338782108191 94
1633694935165 0.9607349742542614 95
1633694965110 0.9641721320874763 96
1633694995425 0.9625086928858901 97
1633695025612 0.964895537405303 98
1633695055522 0.9575928196762548 99
1633695088284 0.9502843221028646 100
1633695118764 0.9633428400213068 101
1633695149123 0.9621168194395123 102
1633695179604 0.9579366048177084 103
1633695209994 0.9615913159919508 104
1633695240270 0.9642179084546638 105
1633695270479 0.9621901078657671 106
1633695300502 0.9616246078953599 107
1633695330702 0.9578307180693655 108
1633695360779 0.9633063114050663 109
1633695390990 0.9646726666074811 110
1633695421146 0.961931170839252 111
1633695451524 0.9628323641690341 112
1633695481998 0.9642881913618608 113
1633695511973 0.9623473196318655 114
1633695542195 0.9648816657788826 115
1633695572594 0.9600702921549479 116
1633695602628 0.9626173539595171 117
1633695633096 0.9640257864287405 118
1633695665089 0.955332206957268 119
1633695698191 0.9545884565873579 120
1633695729043 0.9617156982421875 121
1633695760149 0.9636568011659564 122
1633695791037 0.9651981700550426 123
1633695821617 0.9628180301550663 124
1633695852691 0.9632505937056108 125
1633695883827 0.9611737800366951 126
1633695914633 0.961904121167732 127
1633695945599 0.9644921042702415 128
1633695976450 0.9559138904918324 129
1633696007382 0.9570865053119082 130
1633696038274 0.9616643732244318 131
1633696069453 0.9560597737630209 132
1633696100336 0.960927558667732 133
1633696131157 0.9621091900449811 134
1633696162308 0.964333505341501 135
1633696193306 0.9644197406190814 136
1633696224421 0.9644638986298533 137
1633696255373 0.9643714211203835 138
1633696286156 0.9649269797585227 139
1633696324568 0.9579770637281013 140
