1633692083899 0.9019280635949337 1
1633692115965 0.9301998254024622 2
1633692147583 0.9408758914831913 3
1633692178414 0.9466920332475142 4
1633692208922 0.9458049427379261 5
1633692239885 0.9548164136482008 6
1633692270882 0.9581814390240293 7
1633692301747 0.9587772253787878 8
1633692422669 0.9576427575313684 12
1633692544647 0.9604175452030066 16
1633692606119 0.9617482965642755 18
1633693055135 0.9627241654829546 33
1633693174277 0.9616054188121449 37
1633693234499 0.9646900061405066 39
1633693268316 0.9637730916341146 40
1633693388345 0.9646070075757576 44
1633693657664 0.9617570819276752 53
1633693837678 0.9603609027284564 59
1633694051922 0.9640158450964725 66
1633694143675 0.9647924249822443 69
1633694567447 0.9634198275479403 83
1633694720148 0.9656871448863636 88
1633694782232 0.9652340050899622 90
1633694814031 0.9652145848129735 91
1633695634158 0.9640257864287405 118
