1633692083518 0.6285530057923044 1
1633692115189 0.686955392039865 2
1633692146827 0.7191738611681364 3
1633692177660 0.7483551175838754 4
1633692208158 0.750311909953529 5
1633692239098 0.7627863568774496 6
1633692270112 0.7843962638122596 7
1633692300999 0.7990494101658936 8
1633692331909 0.7736172239450574 9
1633692362320 0.7969662621024565 10
1633692391967 0.7971218084779214 11
1633692421887 0.8057693303511169 12
1633692453406 0.7825852590208392 13
1633692483352 0.8027972006491632 14
1633692513401 0.7972420439638663 15
1633692543854 0.814455185385695 16
1633692575080 0.8049172407438205 17
1633692605347 0.821851305295189 18
1633692636497 0.8099061173881958 19
1633692669222 0.7993028546123764 20
1633692698693 0.8032483470225628 21
1633692728363 0.8182420169998749 22
1633692758206 0.8077646979325563 23
1633692787630 0.8055108453141759 24
1633692817288 0.804197673727969 25
1633692847100 0.8041836179804941 26
1633692876598 0.7968200679611264 27
1633692906468 0.8134219214803486 28
1633692935945 0.7953779669209143 29
1633692965341 0.8131382501801266 30
1633692995301 0.8205202439549681 31
1633693024878 0.8055533825328265 32
1633693054302 0.8236148491710268 33
1633693084962 0.8201228732831096 34
1633693114598 0.8139916121175091 35
1633693144069 0.8034369712291627 36
1633693173446 0.8236954876733548 37
1633693204138 0.8158768346143286 38
1633693233672 0.8250545220256877 39
1633693267451 0.8330497111496005 40
1633693298414 0.8287490891963479 41
1633693328154 0.7992995666092921 42
1633693357924 0.8220814456465325 43
1633693387479 0.8337339636075353 44
1633693418663 0.8173264527561374 45
1633693448404 0.8212436709711215 46
1633693478385 0.8248832862918284 47
1633693507878 0.8120421253194575 48
1633693537554 0.8239865317132724 49
1633693567260 0.8275637528003906 50
1633693597089 0.7963899969501192 51
1633693626850 0.8183487576237802 52
1633693656724 0.8347995037924089 53
1633693687856 0.8294033981470053 54
1633693717561 0.8087361381711424 55
1633693747520 0.8312083450771047 56
1633693777409 0.8196147133753238 57
1633693807135 0.7893157145667496 58
1633693836790 0.8377766148769038 59
1633693871139 0.8276639910265914 60
1633693901152 0.8354925520622055 61
1633693931113 0.8246972660624874 62
1633693961140 0.8196965431700334 63
1633693991296 0.8318572132634435 64
1633694021261 0.7669867690676929 65
1633694050948 0.8413374446690073 66
1633694082678 0.8301661109180363 67
1633694112639 0.8354668982803627 68
1633694142707 0.8423096443161214 69
1633694174118 0.8212874262907628 70
1633694204149 0.763805109740329 71
1633694234166 0.8297923916051563 72
1633694263987 0.8169790052684514 73
1633694294039 0.8375432283742636 74
1633694323990 0.8388558189522133 75
1633694353924 0.8344151182972219 76
1633694383592 0.8263481075100808 77
1633694413374 0.8261835581975843 78
1633694443378 0.826298005992192 79
1633694476064 0.8353969107740175 80
1633694506281 0.8354088530375431 81
1633694536186 0.8378351290398105 82
1633694566427 0.8435652294259227 83
1633694597955 0.8312637622619222 84
1633694628241 0.8305405110166562 85
1633694658619 0.8411133335417919 86
1633694688872 0.8423389277576353 87
1633694719101 0.8463689372962746 88
1633694750926 0.8405116658979431 89
1633694781194 0.8474821230606607 90
1633694813029 0.8536904571170133 91
1633694844514 0.8527479123256482 92
1633694874650 0.8425184077367833 93
1633694904965 0.8421164554154357 94
1633694935170 0.8398578344819745 95
1633694965114 0.8496971856315318 96
1633694995429 0.8297158511810673 97
1633695025616 0.8433287177512894 98
1633695055526 0.816892346196056 99
1633695088288 0.8017574383305804 100
1633695118769 0.841951368235219 101
1633695149127 0.8375797548488549 102
1633695179608 0.8305739154541872 103
1633695209998 0.8408383621874206 104
1633695240274 0.8396077643790792 105
1633695270483 0.829874638466552 106
1633695300506 0.8393021774006657 107
1633695330706 0.8243722337491848 108
1633695360783 0.8452964525151071 109
1633695390994 0.8532269849581193 110
1633695421150 0.850080496934868 111
1633695451528 0.8419499350762719 112
1633695482002 0.8442826731159341 113
1633695511977 0.8313994843844751 114
1633695542199 0.8451187993310842 115
1633695572598 0.8441100336946004 116
1633695602632 0.8386281369668076 117
1633695633100 0.8537585836916135 118
1633695665093 0.8183473574324659 119
1633695698195 0.8236437515061412 120
1633695729047 0.8449367522746654 121
1633695760153 0.8447667457811499 122
1633695791042 0.8503338163379749 123
1633695821621 0.8363919946758512 124
1633695852695 0.8418306734866545 125
1633695883832 0.835312650382902 126
1633695914637 0.8400532259232097 127
1633695945603 0.8444711365593058 128
1633695976455 0.8306354078108664 129
1633696007387 0.8256708174621942 130
1633696038278 0.835401285197047 131
1633696069457 0.8094817771187247 132
1633696100340 0.8390570624443077 133
1633696131161 0.8372844259371433 134
1633696162312 0.8357351925325038 135
1633696193310 0.8516075664496332 136
1633696224425 0.8498375605948499 137
1633696255377 0.8316454685418305 138
1633696286160 0.8404356511274089 139
1633696324572 0.8336091321974304 140
