1633692083902 0.6285530057923044 1
1633692115968 0.686955392039865 2
1633692147587 0.7191738611681364 3
1633692178417 0.7483551175838754 4
1633692208925 0.750311909953529 5
1633692239889 0.7627863568774496 6
1633692270885 0.7843962638122596 7
1633692301750 0.7990494101658936 8
1633692422673 0.8057693303511169 12
1633692544650 0.814455185385695 16
1633692606123 0.821851305295189 18
1633693055138 0.8236148491710268 33
1633693174281 0.8236954876733548 37
1633693234503 0.8250545220256877 39
1633693268319 0.8330497111496005 40
1633693388349 0.8337339636075353 44
1633693657667 0.8347995037924089 53
1633693837681 0.8377766148769038 59
1633694051925 0.8413374446690073 66
1633694143678 0.8423096443161214 69
1633694567450 0.8435652294259227 83
1633694720151 0.8463689372962746 88
1633694782235 0.8474821230606607 90
1633694814034 0.8536904571170133 91
1633695634161 0.8537585836916135 118
