1633692083516 0.6357777529853195 1
1633692115188 0.70293109883149 2
1633692146826 0.7358988346836745 3
1633692177658 0.7687383309032806 4
1633692208157 0.7618551701066603 5
1633692239097 0.802293219982656 6
1633692270111 0.8316490507889017 7
1633692300998 0.8240197042335777 8
1633692331908 0.8009213612607653 9
1633692362319 0.8382433991834602 10
1633692391966 0.8093852209160433 11
1633692421886 0.834208247892921 12
1633692453405 0.7915804918831476 13
1633692483350 0.8477538438855163 14
1633692513400 0.8286295260096879 15
1633692543853 0.8269852651608597 16
1633692575079 0.8268410566395665 17
1633692605346 0.8508578219526663 18
1633692636496 0.8451194268398565 19
1633692669220 0.8115998216064132 20
1633692698692 0.8550708210240185 21
1633692728362 0.8471211470116352 22
1633692758205 0.8496011165505771 23
1633692787629 0.8306830592302441 24
1633692817287 0.8358589994652906 25
1633692847098 0.81032242422462 26
1633692876597 0.8249431291832837 27
1633692906467 0.8227715987387434 28
1633692935944 0.8107327539271096 29
1633692965340 0.8518591192363232 30
1633692995300 0.8461615015785608 31
1633693024877 0.81794651149487 32
1633693054301 0.8526836085535335 33
1633693084961 0.832740148256696 34
1633693114597 0.8394288499961813 35
1633693144068 0.8317935702137215 36
1633693173445 0.8428511966890142 37
1633693204137 0.8446724876007167 38
1633693233671 0.8575369835227621 39
1633693267450 0.8426249951858027 40
1633693298413 0.8480223238288211 41
1633693328153 0.8084869179496289 42
1633693357923 0.8379517438250371 43
1633693387478 0.849829213870229 44
1633693418662 0.8428679044047664 45
1633693448403 0.8403423609937057 46
1633693478384 0.8375737983886258 47
1633693507877 0.8277186142252386 48
1633693537553 0.8632239856043806 49
1633693567259 0.8534251200754028 50
1633693597088 0.8277439338379192 51
1633693626849 0.8406384125006926 52
1633693656723 0.8476425730815228 53
1633693687855 0.8486918492667029 54
1633693717560 0.8372797665771827 55
1633693747518 0.8472548382253113 56
1633693777408 0.8227311191296025 57
1633693807134 0.8076718939752787 58
1633693836789 0.8539499086003964 59
1633693871138 0.850207368214086 60
1633693901151 0.8549226114124894 61
1633693931111 0.8538042283941045 62
1633693961139 0.8259537686904153 63
1633693991294 0.8646074972501933 64
1633694021260 0.781793463451239 65
1633694050947 0.8642532505549336 66
1633694082677 0.8461924837156817 67
1633694112638 0.8582228060156255 68
1633694142706 0.8618982406955663 69
1633694174117 0.8307275116504267 70
1633694204148 0.8033647369380352 71
1633694234165 0.8523937407928454 72
1633694263986 0.8263695685473991 73
1633694294038 0.8471701620337379 74
1633694323988 0.8617040319197833 75
1633694353923 0.8571423783286638 76
1633694383591 0.8555133348339662 77
1633694413372 0.8486866123119153 78
1633694443377 0.8422497049495703 79
1633694476063 0.864881507624865 80
1633694506280 0.8548369658988813 81
1633694536185 0.8674057806529802 82
1633694566426 0.8631830254590838 83
1633694597954 0.8606024832829312 84
1633694628240 0.8632389563322724 85
1633694658618 0.8640230352335916 86
1633694688871 0.845541737368881 87
1633694719100 0.8694217877284689 88
1633694750925 0.8567377598341969 89
1633694781193 0.8638427818070055 90
1633694813028 0.8803682839019201 91
1633694844513 0.8625496124673222 92
1633694874649 0.872254351539258 93
1633694904964 0.865053479492899 94
1633694935169 0.8495113728093535 95
1633694965113 0.8627694500258631 96
1633694995428 0.8523151156101236 97
1633695025615 0.866298760647239 98
1633695055525 0.8391423322792171 99
1633695088287 0.8172353811554951 100
1633695118768 0.8516289701689572 101
1633695149126 0.860393211206606 102
1633695179607 0.843351975691944 103
1633695209997 0.863740574387078 104
1633695240273 0.8591335263413835 105
1633695270482 0.8524782278411274 106
1633695300505 0.8588208326890534 107
1633695330705 0.8243722337491848 108
1633695360782 0.8616149168493756 109
1633695390993 0.873069472980401 110
1633695421149 0.8598515371295217 111
1633695451527 0.8615301661245574 112
1633695482001 0.8605815664193305 113
1633695511976 0.8507343561143467 114
1633695542198 0.8647727248969234 115
1633695572597 0.8538124478749981 116
1633695602631 0.8581311168962681 117
1633695633099 0.8736134344751394 118
1633695665092 0.8573162792149641 119
1633695698194 0.8395442100294257 120
1633695729046 0.8679505937763101 121
1633695760152 0.86441248405513 122
1633695791041 0.8734946595845346 123
1633695821620 0.8525385582796322 124
1633695852694 0.8515068881244322 125
1633695883830 0.8580643568135646 126
1633695914636 0.856270469666901 127
1633695945602 0.8674722959208434 128
1633695976454 0.833793717346269 129
1633696007386 0.838373445423151 130
1633696038277 0.851528723135214 131
1633696069455 0.8283069347261368 132
1633696100339 0.8585700173848728 133
1633696131160 0.8534482179436519 134
1633696162310 0.8485926570330039 135
1633696193309 0.8680478669602438 136
1633696224424 0.8696012247947302 137
1633696255376 0.8712476337104891 138
1633696286159 0.8533654303755227 139
1633696324571 0.8529953910857427 140
