1633692083901 0.6357777529853195 1
1633692115967 0.70293109883149 2
1633692147586 0.7358988346836745 3
1633692178416 0.7687383309032806 4
1633692208924 0.7618551701066603 5
1633692239888 0.802293219982656 6
1633692270884 0.8316490507889017 7
1633692301749 0.8240197042335777 8
1633692422672 0.834208247892921 12
1633692544649 0.8269852651608597 16
1633692606121 0.8508578219526663 18
1633693055137 0.8526836085535335 33
1633693174280 0.8428511966890142 37
1633693234502 0.8575369835227621 39
1633693268318 0.8426249951858027 40
1633693388348 0.849829213870229 44
1633693657666 0.8476425730815228 53
1633693837680 0.8539499086003964 59
1633694051924 0.8642532505549336 66
1633694143677 0.8618982406955663 69
1633694567449 0.8631830254590838 83
1633694720150 0.8694217877284689 88
1633694782234 0.8638427818070055 90
1633694814033 0.8803682839019201 91
1633695634160 0.8736134344751394 118
