1633692083904 5.767153468691867 1
1633692115970 4.984894835151126 2
1633692147588 4.719717991054835 3
1633692178419 4.350143160247117 4
1633692208927 4.388624661485158 5
1633692239891 3.9930537531396695 6
1633692270886 3.898392423500114 7
1633692301752 3.8521776137855954 8
1633692422674 3.923327564883221 12
1633692544652 3.9022489180487203 16
1633692606124 3.78717179382711 18
1633693055140 3.7380661715514676 33
1633693174282 3.8308388387245222 37
1633693234504 3.7055059186954415 39
1633693268320 3.682704983499994 40
1633693388350 3.762220975416054 44
1633693657669 3.778327793603597 53
1633693837682 3.696457836920917 59
1633694051927 3.716402277595452 66
1633694143680 3.6610812577428553 69
1633694567452 3.687511211534646 83
1633694720153 3.5989484900178828 88
1633694782237 3.6052877320515435 90
1633694814035 3.5430467682120588 91
1633695634163 3.614640447554715 118
