1633692083519 5.767153468691867 1
1633692115191 4.984894835151126 2
1633692146829 4.719717991054835 3
1633692177661 4.350143160247117 4
1633692208159 4.388624661485158 5
1633692239100 3.9930537531396695 6
1633692270114 3.898392423500114 7
1633692301001 3.8521776137855954 8
1633692331911 4.136583975968257 9
1633692362322 3.892144001803343 10
1633692391969 3.958413090836249 11
1633692421889 3.923327564883221 12
1633692453407 4.139559939763614 13
1633692483353 3.8435201197705418 14
1633692513403 3.9713663976283544 15
1633692543856 3.9022489180487203 16
1633692575082 4.042276063204543 17
1633692605349 3.78717179382711 18
1633692636499 3.7913825309677214 19
1633692669223 4.069825249239262 20
1633692698694 3.832910154858692 21
1633692728365 3.787995543333947 22
1633692758207 3.8017184481661204 23
1633692787632 3.8906171097737157 24
1633692817290 3.767008245600538 25
1633692847101 3.9696499956522 26
1633692876600 3.906119949996908 27
1633692906470 3.9275236121390704 28
1633692935946 4.024019775242678 29
1633692965343 3.7867178200714244 30
1633692995302 3.704265525675905 31
1633693024879 3.999423381038439 32
1633693054303 3.7380661715514676 33
1633693084964 3.856297328316011 34
1633693114600 3.8467561010946136 35
1633693144071 4.046738668935051 36
1633693173448 3.8308388387245222 37
1633693204140 3.8460749030812704 38
1633693233674 3.7055059186954415 39
1633693267453 3.682704983499994 40
1633693298415 3.803614866645845 41
1633693328155 4.140176975522304 42
1633693357926 3.8508113587516415 43
1633693387480 3.762220975416054 44
1633693418665 3.803410802983469 45
1633693448406 3.736837253438694 46
1633693478387 3.8844463554443034 47
1633693507880 3.927866433812569 48
1633693537555 3.7463674007459056 49
1633693567262 3.800304791683293 50
1633693597091 3.9976622388231036 51
1633693626852 3.841212397316822 52
1633693656726 3.778327793603597 53
1633693687858 3.824231367710507 54
1633693717562 3.775421952210955 55
1633693747521 3.8175356024249365 56
1633693777411 3.8135737550913196 57
1633693807136 4.269474900327543 58
1633693836792 3.696457836920917 59
1633693871141 3.6928089038630914 60
1633693901154 3.659503170747648 61
1633693931114 3.693937591987293 62
1633693961142 3.9111892469656326 63
1633693991297 3.6597152086914675 64
1633694021262 4.316742152108032 65
1633694050950 3.716402277595452 66
1633694082680 3.753146336287216 67
1633694112640 3.7128866316156217 68
1633694142709 3.6610812577428553 69
1633694174120 3.868478112483132 70
1633694204151 4.129775809855695 71
1633694234167 3.7242147154231287 72
1633694263989 3.930124377919756 73
1633694294041 3.8288427486083956 74
1633694323991 3.781905302731361 75
1633694353925 3.6872255559763256 76
1633694383594 3.8384494534288502 77
1633694413375 3.8536606176315353 78
1633694443380 3.873970044724253 79
1633694476066 3.6355132257561054 80
1633694506283 3.779734003749776 81
1633694536187 3.6039260416968273 82
1633694566429 3.687511211534646 83
1633694597957 3.737383804575749 84
1633694628243 3.611760842156038 85
1633694658621 3.692395624408633 86
1633694688873 3.7833908425100082 87
1633694719103 3.5989484900178828 88
1633694750927 3.7044578920554487 89
1633694781196 3.6052877320515435 90
1633694813031 3.5430467682120588 91
1633694844515 3.6386684705974317 92
1633694874652 3.5656195875292216 93
1633694904967 3.685397203240802 94
1633694935171 3.705245276868056 95
1633694965116 3.6405200095037533 96
1633694995431 3.8025331865920444 97
1633695025618 3.60043510993371 98
1633695055528 3.8979760200631044 99
1633695088289 4.0523176747476155 100
1633695118770 3.70508888608312 101
1633695149129 3.6625199070197967 102
1633695179610 3.8163875885526277 103
1633695210000 3.6741480181508064 104
1633695240276 3.7467028660960873 105
1633695270485 3.7673391173888873 106
1633695300508 3.7187655531215484 107
1633695330708 3.9520489689940708 108
1633695360784 3.6642600872744158 109
1633695390996 3.633189129890398 110
1633695421152 3.7002074700773133 111
1633695451530 3.6604271614396287 112
1633695482003 3.709424254732058 113
1633695511979 3.7360053832668974 114
1633695542201 3.5964481449815113 115
1633695572599 3.8561026495492174 116
1633695602633 3.713204080256444 117
1633695633102 3.614640447554715 118
1633695665095 3.781772147544023 119
1633695698197 3.8869526513006583 120
1633695729049 3.7348452463216595 121
1633695760154 3.743227745595698 122
1633695791043 3.5615270873075335 123
1633695821623 3.7164102296910655 124
1633695852697 3.707239411264007 125
1633695883833 3.7059410326751827 126
1633695914638 3.7880419417350004 127
1633695945605 3.6919867636776544 128
1633695976456 3.9363850868571926 129
1633696007388 3.9473904911222606 130
1633696038280 3.773074891867929 131
1633696069458 3.865659494107551 132
1633696100342 3.786306638323073 133
1633696131163 3.7575704168050508 134
1633696162313 3.744390510409664 135
1633696193312 3.646265965588065 136
1633696224427 3.6065379990869446 137
1633696255379 3.6380360109120566 138
1633696286162 3.709493992859857 139
1633696324574 3.870183721436073 140
