1633692083517 0.5187840448288973 1
1633692115189 0.5829793480304029 2
1633692146826 0.615866426717579 3
1633692177659 0.6587386546887068 4
1633692208157 0.6586821157294088 5
1633692239097 0.6760959652534075 6
1633692270112 0.7071306646363249 7
1633692300999 0.7166806980110466 8
1633692331909 0.6840186823682615 9
1633692362320 0.7158887853650939 10
1633692391966 0.7104723645907048 11
1633692421887 0.7244507790849516 12
1633692453405 0.6977648253076381 13
1633692483351 0.7273177461063012 14
1633692513400 0.7146115298870536 15
1633692543853 0.7329352308088675 16
1633692575080 0.7240151966244126 17
1633692605346 0.7446178674985817 18
1633692636497 0.7322236384599498 19
1633692669221 0.7149980299444192 20
1633692698692 0.7291177725011138 21
1633692728362 0.7428783096727952 22
1633692758205 0.7334103575753211 23
1633692787630 0.7265969952842901 24
1633692817288 0.7281065245512515 25
1633692847099 0.7186939946794653 26
1633692876597 0.7134442197641082 27
1633692906468 0.7338179116281204 28
1633692935944 0.7101912875282662 29
1633692965341 0.7376431900954 30
1633692995300 0.7442365517863803 31
1633693024877 0.7263065023748674 32
1633693054301 0.7452905221417162 33
1633693084962 0.7410657977000125 34
1633693114598 0.7343038621179451 35
1633693144069 0.7196733615052333 36
1633693173446 0.7463497502536177 37
1633693204138 0.7360634603293895 38
1633693233672 0.7537835418148587 39
1633693267451 0.7565966526261886 40
1633693298413 0.7537005037726608 41
1633693328153 0.7205873544785109 42
1633693357923 0.7425502166337191 43
1633693387478 0.7572330670418465 44
1633693418663 0.7400726774335749 45
1633693448404 0.7457750695846345 46
1633693478384 0.7480703558097641 47
1633693507878 0.7370816958629433 48
1633693537553 0.7510634244206202 49
1633693567259 0.7527191776979509 50
1633693597089 0.7210615676243922 51
1633693626850 0.7399799475594606 52
1633693656723 0.7573967858595976 53
1633693687855 0.7513084993990055 54
1633693717560 0.7317194709017093 55
1633693747519 0.7560203995920993 56
1633693777408 0.7429817411823615 57
1633693807134 0.7027433831762528 58
1633693836789 0.7689558090468692 59
1633693871139 0.7541232498046413 60
1633693901151 0.7631248791294001 61
1633693931112 0.7516244897593595 62
1633693961140 0.7425219845788978 63
1633693991295 0.7609450214587605 64
1633694021260 0.6752825562133735 65
1633694050948 0.7700070695087319 66
1633694082678 0.7578715081053442 67
1633694112638 0.7645199679662809 68
1633694142707 0.7701410464362087 69
1633694174117 0.7441090696947577 70
1633694204149 0.6870278840920754 71
1633694234165 0.7579897372022442 72
1633694263987 0.7382303771631723 73
1633694294038 0.7625393651534231 74
1633694323989 0.7670504460363698 75
1633694353923 0.7614719366781078 76
1633694383591 0.756086834095396 77
1633694413373 0.7493050474870301 78
1633694443378 0.7527715493476065 79
1633694476064 0.7650432882057758 80
1633694506281 0.761095555884811 81
1633694536185 0.771055194778543 82
1633694566426 0.7700877315886846 83
1633694597955 0.7583554711704259 84
1633694628241 0.7623009127919477 85
1633694658619 0.7713952981047392 86
1633694688871 0.7657917185160202 87
1633694719100 0.7755722182846455 88
1633694750925 0.768890008428635 89
1633694781194 0.775591763757829 90
1633694813029 0.7882257313584135 91
1633694844513 0.7823154392247015 92
1633694874650 0.774828920243973 93
1633694904965 0.7726219113695442 94
1633694935169 0.764065506889312 95
1633694965114 0.7784950291298732 96
1633694995428 0.7600232949479754 97
1633695025616 0.7764746308806274 98
1633695055526 0.7446828715766859 99
1633695088287 0.7206528970693087 100
1633695118768 0.7665905882267747 101
1633695149127 0.7662151802419476 102
1633695179607 0.7561275243380144 103
1633695209998 0.7695387423937792 104
1633695240274 0.7691116109789826 105
1633695270483 0.7569239683697097 106
1633695300506 0.7677261658271346 107
1633695330706 0.7448610362389159 108
1633695360782 0.7750915809548694 109
1633695390993 0.7833508904351894 110
1633695421149 0.7783750179043651 111
1633695451528 0.7699889799616995 112
1633695482001 0.7704872418138736 113
1633695511977 0.7600029106530033 114
1633695542199 0.7745663915099542 115
1633695572597 0.7690477111870664 116
1633695602631 0.7646907053342725 117
1633695633099 0.7816740338974136 118
1633695665093 0.7463320617619889 119
1633695698195 0.7446589895561342 120
1633695729046 0.7744416086469794 121
1633695760152 0.7721643857440721 122
1633695791041 0.7812688964237733 123
1633695821621 0.7633960194583743 124
1633695852695 0.7714125330100636 125
1633695883831 0.7621370637899414 126
1633695914636 0.7651081501871728 127
1633695945602 0.7732068112771661 128
1633695976454 0.7553268651808439 129
1633696007386 0.7463470250513468 130
1633696038278 0.7643064755342841 131
1633696069456 0.7365942442773606 132
1633696100339 0.7676606910047393 133
1633696131161 0.7612869992708431 134
1633696162311 0.7656343813104329 135
1633696193310 0.7830787080569033 136
1633696224425 0.7787398715116166 137
1633696255377 0.764183641304666 138
1633696286160 0.7679040278594408 139
1633696324571 0.7536012940327848 140
