1633692083902 0.5187840448288973 1
1633692115968 0.5829793480304029 2
1633692147586 0.615866426717579 3
1633692178417 0.6587386546887068 4
1633692208925 0.6586821157294088 5
1633692239888 0.6760959652534075 6
1633692270884 0.7071306646363249 7
1633692301750 0.7166806980110466 8
1633692422672 0.7244507790849516 12
1633692544650 0.7329352308088675 16
1633692606122 0.7446178674985817 18
1633693055138 0.7452905221417162 33
1633693174280 0.7463497502536177 37
1633693234502 0.7537835418148587 39
1633693268318 0.7565966526261886 40
1633693388348 0.7572330670418465 44
1633693657667 0.7573967858595976 53
1633693837680 0.7689558090468692 59
1633694051924 0.7700070695087319 66
1633694143678 0.7701410464362087 69
1633694567450 0.7700877315886846 83
1633694720151 0.7755722182846455 88
1633694782235 0.775591763757829 90
1633694814033 0.7882257313584135 91
1633695634161 0.7816740338974136 118
