1633692083903 0.7342807337204966 1
1633692115969 0.7622750823530564 2
1633692147588 0.7858836051225383 3
1633692178419 0.7988930804769409 4
1633692208926 0.8035242068483088 5
1633692239890 0.8314366971259166 6
1633692270886 0.8372532197970766 7
1633692301751 0.852362458019305 8
1633692422674 0.8501528165986603 12
1633692544651 0.8553444325173201 16
1633692606124 0.8690505128185441 18
1633693055139 0.8616735121220727 33
1633693174282 0.865456163868985 37
1633693234504 0.8616066250702973 39
1633693268320 0.8646326021797375 40
1633693388350 0.8684304268296883 44
1633693657669 0.8632947988590305 53
1633693837682 0.871449364776729 59
1633694051926 0.8782969560289533 66
1633694143680 0.8775465248300374 69
1633694567451 0.8741626166921729 83
1633694720152 0.8751788747267935 88
1633694782236 0.8775610827949812 90
1633694814035 0.878961705940208 91
1633695634162 0.8862230884614711 118
