1633692083899 0.5527572516369692 1
1633692115966 0.635456733035021 2
1633692147584 0.6804741306130925 3
1633692178415 0.7428575679305117 4
1633692208922 0.716735596802353 5
1633692239886 0.8654224878559793 6
1633692270882 0.8342509004697457 7
1633692301748 0.8411950603745719 8
1633692422670 0.8397587613375666 12
1633692544648 0.8130561108881657 16
1633692606120 0.8616228136323669 18
1633693055136 0.8327310360164386 33
1633693174278 0.8197908101757565 37
1633693234500 0.8465096264915244 39
1633693268316 0.8415889120190441 40
1633693388346 0.8394275352054343 44
1633693657665 0.8376519815067213 53
1633693837678 0.8424273945878332 59
1633694051922 0.8639996347053125 66
1633694143676 0.8610867534717108 69
1633694567448 0.8619733955384944 83
1633694720149 0.8589124396634195 88
1633694782233 0.8589006793014867 90
1633694814031 0.8766552035824535 91
1633695634159 0.8906850387810604 118
