1633692083515 0.5527572516369692 1
1633692115186 0.635456733035021 2
1633692146824 0.6804741306130925 3
1633692177657 0.7428575679305117 4
1633692208155 0.716735596802353 5
1633692239095 0.8654224878559793 6
1633692270109 0.8342509004697457 7
1633692300997 0.8411950603745719 8
1633692331906 0.7594259235937625 9
1633692362317 0.8201300797155442 10
1633692391964 0.783107221973176 11
1633692421884 0.8397587613375666 12
1633692453403 0.7632829679317038 13
1633692483349 0.8553977307548062 14
1633692513398 0.7992579903734606 15
1633692543851 0.8130561108881657 16
1633692575078 0.7924809301326152 17
1633692605344 0.8616228136323669 18
1633692636495 0.8643817036734446 19
1633692669219 0.7937517301758764 20
1633692698690 0.8572942825084872 21
1633692728360 0.8329524753070795 22
1633692758203 0.8461320746715297 23
1633692787628 0.8061028661555437 24
1633692817285 0.844396333048458 25
1633692847097 0.7787393031539334 26
1633692876595 0.799403046924356 27
1633692906466 0.7936972083689559 28
1633692935942 0.7868589099617336 29
1633692965339 0.8651212849801773 30
1633692995298 0.8370759594312581 31
1633693024875 0.7846879773159995 32
1633693054299 0.8327310360164386 33
1633693084959 0.8090771301026297 34
1633693114595 0.8323203309185635 35
1633693144067 0.7967895467653962 36
1633693173443 0.8197908101757565 37
1633693204136 0.827335182001603 38
1633693233669 0.8465096264915244 39
1633693267448 0.8415889120190441 40
1633693298411 0.8258856618705055 41
1633693328151 0.7671970061834871 42
1633693357921 0.8215639135536497 43
1633693387476 0.8394275352054343 44
1633693418661 0.8392577086549255 45
1633693448401 0.8279517323449093 46
1633693478382 0.8024476834477745 47
1633693507875 0.8091970364945947 48
1633693537551 0.8397577888531941 49
1633693567257 0.8266784945363206 50
1633693597087 0.8031037975162931 51
1633693626848 0.8293328505014567 52
1633693656721 0.8376519815067213 53
1633693687853 0.83505415807058 54
1633693717558 0.846308712960826 55
1633693747517 0.8429907398851115 56
1633693777406 0.7971366169635268 57
1633693807132 0.767553093515036 58
1633693836787 0.8424273945878332 59
1633693871136 0.8350698131601354 60
1633693901149 0.8441983770385284 61
1633693931110 0.8721913617537106 62
1633693961137 0.811763252522243 63
1633693991293 0.8494206004742313 64
1633694021258 0.8205568424530999 65
1633694050945 0.8639996347053125 66
1633694082675 0.8491861030324217 67
1633694112636 0.8496442959877848 68
1633694142704 0.8610867534717108 69
1633694174115 0.819334636697939 70
1633694204146 0.7939234097215357 71
1633694234163 0.8626898777364771 72
1633694263984 0.8369762638291693 73
1633694294036 0.8211491590735168 74
1633694323987 0.8316641837822804 75
1633694353921 0.8655430484114583 76
1633694383589 0.8202405598243145 77
1633694413371 0.8456633486428157 78
1633694443376 0.840478322481535 79
1633694476061 0.8555856652606051 80
1633694506278 0.8428224383282642 81
1633694536183 0.8787153726009628 82
1633694566424 0.8619733955384944 83
1633694597953 0.860191117935935 84
1633694628238 0.9039847864829715 85
1633694658617 0.8523070296657341 86
1633694688869 0.8429871369138751 87
1633694719098 0.8589124396634195 88
1633694750923 0.8653209773446461 89
1633694781191 0.8589006793014867 90
1633694813026 0.8766552035824535 91
1633694844511 0.8727863383193969 92
1633694874647 0.8919043455519247 93
1633694904963 0.855877112590753 94
1633694935167 0.8845946546356368 95
1633694965112 0.8616925384502113 96
1633694995426 0.8559795321088424 97
1633695025613 0.8772290350495332 98
1633695055524 0.8089258672985778 99
1633695088285 0.8186343326185795 100
1633695118765 0.8825573268642479 101
1633695149125 0.87952802151364 102
1633695179605 0.8384271968007097 103
1633695209996 0.9000461859830453 104
1633695240271 0.8610147110924999 105
1633695270481 0.8587880512682065 106
1633695300504 0.8589766158612496 107
1633695330703 0.7947950561660306 108
1633695360780 0.8715084399190175 109
1633695390991 0.8716591948777868 110
1633695421147 0.8534080478589162 111
1633695451525 0.8907931926592726 112
1633695481999 0.8543732561200273 113
1633695511975 0.8278690149488094 114
1633695542197 0.8933109617544607 115
1633695572595 0.8459324837616958 116
1633695602629 0.8819174653873519 117
1633695633097 0.8906850387810604 118
1633695665090 0.873861209063687 119
1633695698193 0.8604587247116527 120
1633695729044 0.8601181996320801 121
1633695760150 0.8468072893288271 122
1633695791039 0.8867564352793994 123
1633695821619 0.8592410123296693 124
1633695852693 0.8433991891410705 125
1633695883828 0.8522085042482315 126
1633695914634 0.8458162339875783 127
1633695945600 0.8659703817376865 128
1633695976452 0.8353420698651733 129
1633696007384 0.8296189507269959 130
1633696038276 0.8548947102927482 131
1633696069454 0.819412190626605 132
1633696100337 0.8540456318732228 133
1633696131158 0.8799178894208135 134
1633696162309 0.8524812087923678 135
1633696193308 0.8687463472089524 136
1633696224422 0.8949508486166761 137
1633696255375 0.8920985923611339 138
1633696286158 0.8476738220272314 139
1633696324569 0.8545524727939059 140
