1633692083519 0.7342807337204966 1
1633692115190 0.7622750823530564 2
1633692146828 0.7858836051225383 3
1633692177661 0.7988930804769409 4
1633692208159 0.8035242068483088 5
1633692239099 0.8314366971259166 6
1633692270113 0.8372532197970766 7
1633692301000 0.852362458019305 8
1633692331910 0.8221435513588304 9
1633692362321 0.8380076748576868 10
1633692391968 0.8426769238657312 11
1633692421888 0.8501528165986603 12
1633692453407 0.8341481733592205 13
1633692483353 0.8553097145124215 14
1633692513402 0.8476459616757113 15
1633692543855 0.8553444325173201 16
1633692575081 0.8472978088370439 17
1633692605348 0.8690505128185441 18
1633692636498 0.8639297671389641 19
1633692669223 0.8519679620058536 20
1633692698694 0.8565717628199594 21
1633692728364 0.8585446699151508 22
1633692758207 0.8548939678186819 23
1633692787632 0.8491720004009029 24
1633692817289 0.8519419948924174 25
1633692847101 0.8489344509113331 26
1633692876599 0.8464142295480185 27
1633692906469 0.8536249302878649 28
1633692935946 0.8458749982806766 29
1633692965342 0.8647769800343694 30
1633692995302 0.8623832102366152 31
1633693024879 0.8493083512207521 32
1633693054303 0.8616735121220727 33
1633693084963 0.8602790114023081 34
1633693114599 0.8538557170329308 35
1633693144070 0.8501281775000902 36
1633693173447 0.865456163868985 37
1633693204139 0.8619618959033801 38
1633693233673 0.8616066250702973 39
1633693267452 0.8646326021797375 40
1633693298415 0.8669774383639737 41
1633693328155 0.8513255173535799 42
1633693357925 0.8617814461211462 43
1633693387480 0.8684304268296883 44
1633693418664 0.8624199520746878 45
1633693448405 0.8611282886937227 46
1633693478386 0.8588358676500134 47
1633693507879 0.8520633142491791 48
1633693537555 0.8631985750242335 49
1633693567261 0.8655914577306477 50
1633693597090 0.8415571678094308 51
1633693626851 0.8621636616304245 52
1633693656725 0.8632947988590305 53
1633693687857 0.8658873526189087 54
1633693717562 0.8523486699190221 55
1633693747521 0.8693338955843436 56
1633693777410 0.855406503709057 57
1633693807136 0.8394012733178331 58
1633693836791 0.871449364776729 59
1633693871140 0.858733831867256 60
1633693901153 0.8650846237526354 61
1633693931114 0.8671649835580605 62
1633693961141 0.8596727514516301 63
1633693991297 0.8690722730123981 64
1633694021262 0.8375437236446415 65
1633694050949 0.8782969560289533 66
1633694082679 0.8676449446381524 67
1633694112640 0.869819741093736 68
1633694142708 0.8775465248300374 69
1633694174119 0.8604815334448199 70
1633694204150 0.8161798211835183 71
1633694234167 0.8710904146582108 72
1633694263988 0.8646499303797701 73
1633694294040 0.8696212915152352 74
1633694323991 0.8689108407196461 75
1633694353925 0.8717938427432356 76
1633694383593 0.8630215382030015 77
1633694413375 0.8677211284551795 78
1633694443380 0.8673327873977029 79
1633694476065 0.869859350288447 80
1633694506282 0.8709889713504283 81
1633694536187 0.8764892750814692 82
1633694566428 0.8741626166921729 83
1633694597956 0.862670713561132 84
1633694628242 0.8762891640111737 85
1633694658620 0.8726603420176695 86
1633694688873 0.8754808658878259 87
1633694719102 0.8751788747267935 88
1633694750927 0.8709358817294561 89
1633694781195 0.8775610827949812 90
1633694813030 0.878961705940208 91
1633694844515 0.8776827327728483 92
1633694874651 0.877142628543466 93
1633694904966 0.8687062963476253 94
1633694935171 0.8771215352828587 95
1633694965116 0.8781927188106134 96
1633694995430 0.8689048082767459 97
1633695025617 0.876617170234067 98
1633695055527 0.8520594149401383 99
1633695088289 0.8548583380165812 100
1633695118770 0.8757879897734282 101
1633695149128 0.8728820378220872 102
1633695179609 0.8693430741742564 103
1633695209999 0.8821725221057664 104
1633695240275 0.8771552935187857 105
1633695270484 0.8705093194087243 106
1633695300507 0.8760445839010734 107
1633695330707 0.8657754203826794 108
1633695360784 0.8744601755700923 109
1633695390995 0.8837885316220216 110
1633695421151 0.8783457543057515 111
1633695451529 0.8814003487263724 112
1633695482003 0.8750064989491613 113
1633695511978 0.8679869834367426 114
1633695542200 0.880182091374557 115
1633695572599 0.874844034613363 116
1633695602633 0.8770099540848921 117
1633695633101 0.8862230884614711 118
1633695665094 0.8672821513350716 119
1633695698197 0.8676905754235633 120
1633695729048 0.877194792708194 121
1633695760154 0.8767964531955599 122
1633695791043 0.8809781498322444 123
1633695821622 0.8753592814201798 124
1633695852696 0.8747434711005799 125
1633695883833 0.8700012819387419 126
1633695914638 0.8739306826894708 127
1633695945604 0.8751166432581583 128
1633695976456 0.8680690983161061 129
1633696007388 0.8606454498029856 130
1633696038279 0.8710167445685782 131
1633696069458 0.8491232618974593 132
1633696100341 0.8701407903074257 133
1633696131162 0.8723567654701356 134
1633696162313 0.8712462797974875 135
1633696193311 0.8804666786223273 136
1633696224426 0.8840735017987793 137
1633696255379 0.868567123521474 138
1633696286161 0.8729366400545775 139
1633696324573 0.8649629643519819 140
