1633692083900 0.9015446259162794 1
1633692115966 0.8688375837793485 2
1633692147584 0.869448771126601 3
1633692178415 0.8317992296733505 4
1633692208923 0.8719667854151175 5
1633692239887 0.7616106758285613 6
1633692270883 0.8126962680763878 7
1633692301748 0.836063111256403 8
1633692422671 0.8338539527449809 12
1633692544648 0.8763024364406131 16
1633692606120 0.8500451353089978 18
1633693055136 0.8678912254608138 33
1633693174278 0.891389274885138 37
1633693234500 0.8547217507552359 39
1633693268317 0.8651180726109398 40
1633693388346 0.8769654171894758 44
1633693657665 0.8670613522971209 53
1633693837679 0.8818900158906064 59
1633694051923 0.8701706240815792 66
1633694143676 0.8708442417473563 69
1633694567448 0.863124783731385 83
1633694720149 0.8705984041383421 88
1633694782233 0.8767485816085355 90
1633694814032 0.8617169755916751 91
1633695634159 0.8577405914855118 118
