1633692083515 0.9015446259162794 1
1633692115187 0.8688375837793485 2
1633692146825 0.869448771126601 3
1633692177657 0.8317992296733505 4
1633692208156 0.8719667854151175 5
1633692239096 0.7616106758285613 6
1633692270110 0.8126962680763878 7
1633692300997 0.836063111256403 8
1633692331907 0.8613680009025256 9
1633692362318 0.8312420480063871 10
1633692391964 0.8816254085445413 11
1633692421885 0.8338539527449809 12
1633692453404 0.8865806799015814 13
1633692483349 0.8273263613015533 14
1633692513399 0.8712651993800113 15
1633692543852 0.8763024364406131 16
1633692575078 0.8816011534068781 17
1633692605345 0.8500451353089978 18
1633692636495 0.83042335330877 19
1633692669219 0.8868731023909696 20
1633692698691 0.8267678463208997 21
1633692728361 0.8611209189929583 22
1633692758204 0.836037085642823 23
1633692787628 0.8685408789630623 24
1633692817286 0.8313998440322141 25
1633692847097 0.9016873221644566 26
1633692876596 0.8693450321112999 27
1633692906466 0.8966191755187926 28
1633692935943 0.8804847905971774 29
1633692965339 0.8334068920229283 30
1633692995299 0.8625161189368479 31
1633693024876 0.8974987055560416 32
1633693054299 0.8678912254608138 33
1633693084960 0.892143301507013 34
1633693114596 0.8500206066388885 35
1633693144067 0.8792313906777378 36
1633693173444 0.891389274885138 37
1633693204136 0.8742815193146486 38
1633693233670 0.8547217507552359 39
1633693267449 0.8651180726109398 40
1633693298412 0.8888402081672255 41
1633693328152 0.9199515567631387 42
1633693357922 0.8825508478312877 43
1633693387477 0.8769654171894758 44
1633693418661 0.8591714288439998 45
1633693448402 0.8731235429619669 46
1633693478383 0.8992291700658052 47
1633693507876 0.8736053811962761 48
1633693537552 0.8631960765667693 49
1633693567258 0.8841583670628956 50
1633693597087 0.8587552478688922 51
1633693626848 0.869427669790174 52
1633693656722 0.8670613522971209 53
1633693687854 0.8740323828872277 54
1633693717558 0.8331877724743313 55
1633693747517 0.8723924074803867 56
1633693777407 0.8968447999378782 57
1633693807133 0.8896025690820054 58
1633693836788 0.8818900158906064 59
1633693871137 0.8606146834609005 60
1633693901150 0.8646652223430094 61
1633693931110 0.8331366655102439 62
1633693961138 0.8874676499582218 63
1633693991293 0.8666494368969139 64
1633694021259 0.8006579361034916 65
1633694050946 0.8701706240815792 66
1633694082676 0.8614218305369076 67
1633694112636 0.8693178420049026 68
1633694142705 0.8708442417473563 69
1633694174115 0.8812604371566206 70
1633694204147 0.811706371582974 71
1633694234164 0.8540240034424659 72
1633694263985 0.8630229367260106 73
1633694294037 0.9029020537075804 74
1633694323987 0.8878001489142586 75
1633694353922 0.8531940890062425 76
1633694383589 0.8882683413611668 77
1633694413371 0.8600107572721718 78
1633694443376 0.8745722676245009 79
1633694476062 0.8618887244574399 80
1633694506279 0.8793052611867357 81
1633694536184 0.8495573468259736 82
1633694566425 0.863124783731385 83
1633694597953 0.8391324411767744 84
1633694628239 0.8215318405712262 85
1633694658617 0.8732011763999429 86
1633694688869 0.8866052814229151 87
1633694719099 0.8705984041383421 88
1633694750924 0.8514697082591367 89
1633694781192 0.8767485816085355 90
1633694813027 0.8617169755916751 91
1633694844512 0.8646363536298695 92
1633694874648 0.8395801335747786 93
1633694904963 0.8619222771290261 94
1633694935167 0.8422106697531435 95
1633694965112 0.8748984383227396 96
1633694995427 0.8606063408091925 97
1633695025614 0.8551667206733765 98
1633695055524 0.8786477022979239 99
1633695088285 0.8576329219676803 100
1633695118766 0.8445988385842975 101
1633695149125 0.8413348098223987 102
1633695179606 0.8776351346308657 103
1633695209996 0.8382336445788946 104
1633695240272 0.8731813071223372 105
1633695270481 0.8575176415465671 106
1633695300504 0.8716376866230036 107
1633695330704 0.9215353766628478 108
1633695360781 0.855218691099967 109
1633695390992 0.8745673224722911 110
1633695421148 0.8837512660158776 111
1633695451526 0.8442522236091118 112
1633695482000 0.8746990634294384 113
1633695511975 0.8893442226830804 114
1633695542197 0.8415179695590378 115
1633695572596 0.884962666647194 116
1633695602630 0.8461392744149534 117
1633695633098 0.8577405914855118 118
1633695665091 0.8265686026713155 119
1633695698193 0.8421718233662595 120
1633695729045 0.8732555329387804 121
1633695760151 0.8865892611981725 122
1633695791040 0.8512028263651928 123
1633695821619 0.8689178067076281 124
1633695852693 0.8890672770556703 125
1633695883829 0.8653435843168868 126
1633695914635 0.8803486340296345 127
1633695945601 0.8639681393689879 128
1633695976453 0.8821935082056068 129
1633696007385 0.8713684663553464 130
1633696038276 0.8665210104240957 131
1633696069454 0.8600409385801132 132
1633696100338 0.86591453389384 133
1633696131159 0.8411583043138668 134
1633696162309 0.8699942872200143 135
1633696193308 0.8732277729396601 136
1633696224423 0.8471661649430615 137
1633696255375 0.8187866565335377 138
1633696286158 0.8769843768779896 139
1633696324570 0.8512318992634942 140
