1633692083903 0.8986388679280204 1
1633692115969 0.9012244121405687 2
1633692147587 0.9085457303506139 3
1633692178418 0.8957733212453819 4
1633692208926 0.9136107955836765 5
1633692239889 0.8709689079125149 6
1633692270885 0.8941859281702641 7
1633692301751 0.9053068596143028 8
1633692422673 0.9053981114138372 12
1633692544651 0.9259460016315183 16
1633692606123 0.9146429209176353 18
1633693055139 0.9222087781398252 33
1633693174281 0.9319522513319748 37
1633693234503 0.9172353256801179 39
1633693268319 0.9235402795787767 40
1633693388349 0.9277415417714325 44
1633693657668 0.9227343610780989 53
1633693837681 0.9263188012253819 59
1633694051926 0.9241590981978836 66
1633694143679 0.9261152928636855 69
1633694567451 0.9219324747816215 83
1633694720152 0.9254268370295285 88
1633694782236 0.9272857782996041 90
1633694814034 0.9200239979732967 91
1633695634162 0.9199034877632914 118
