1633692083518 0.8986388679280204 1
1633692115190 0.9012244121405687 2
1633692146828 0.9085457303506139 3
1633692177660 0.8957733212453819 4
1633692208158 0.9136107955836765 5
1633692239099 0.8709689079125149 6
1633692270113 0.8941859281702641 7
1633692301000 0.9053068596143028 8
1633692331910 0.9132462057844531 9
1633692362321 0.9037904391553794 10
1633692391967 0.9276945442019876 11
1633692421888 0.9053981114138372 12
1633692453406 0.9266552995084483 13
1633692483352 0.9021805240535875 14
1633692513401 0.9220401468831291 15
1633692543854 0.9259460016315183 16
1633692575081 0.9242405543070099 17
1633692605347 0.9146429209176353 18
1633692636498 0.9077977761970822 19
1633692669222 0.9298467222546923 20
1633692698693 0.904148840813555 21
1633692728363 0.9189539879474565 22
1633692758206 0.9086479397550539 23
1633692787631 0.9221498353957134 24
1633692817289 0.9063809537870509 25
1633692847100 0.9348619299350854 26
1633692876598 0.9197138904433931 27
1633692906469 0.9343760170435079 28
1633692935945 0.9292156250409657 29
1633692965342 0.9087648629380871 30
1633692995301 0.9212393026965383 31
1633693024878 0.9307742452423188 32
1633693054302 0.9222087781398252 33
1633693084963 0.9337277204006301 34
1633693114599 0.9157757759032945 35
1633693144070 0.9254803985057443 36
1633693173447 0.9319522513319748 37
1633693204139 0.9249995304286251 38
1633693233673 0.9172353256801179 39
1633693267452 0.9235402795787767 40
1633693298414 0.9313748720411044 41
1633693328154 0.9410682958252129 42
1633693357925 0.9280326393755735 43
1633693387479 0.9277415417714325 44
1633693418664 0.919595720905133 45
1633693448405 0.9255187084222093 46
1633693478385 0.9339396594726878 47
1633693507879 0.9241308650272962 48
1633693537554 0.9188545433344597 49
1633693567260 0.9295702354967434 50
1633693597090 0.9125106614886906 51
1633693626851 0.9247047928461529 52
1633693656724 0.9227343610780989 53
1633693687856 0.9267509137039939 54
1633693717561 0.905004956457591 55
1633693747520 0.9260758200957023 56
1633693777410 0.932732912710928 57
1633693807135 0.9284886417201891 58
1633693836790 0.9263188012253819 59
1633693871140 0.9199593110844738 60
1633693901153 0.9218761020971518 61
1633693931113 0.9094225455498562 62
1633693961141 0.9307622003843836 63
1633693991296 0.9223546011400953 64
1633694021261 0.8920784324875723 65
1633694050949 0.9241590981978836 66
1633694082679 0.9199476012640506 67
1633694112639 0.923449709103511 68
1633694142708 0.9261152928636855 69
1633694174118 0.927928887684634 70
1633694204150 0.8863155105938465 71
1633694234166 0.9174170661236803 72
1633694263988 0.9215517312007377 73
1633694294040 0.9354389683836164 74
1633694323990 0.9314029463982058 75
1633694353924 0.9179609845427289 76
1633694383592 0.9254794280174465 77
1633694413374 0.9193438167623764 78
1633694443379 0.9214600146900629 79
1633694476065 0.9203165379857916 80
1633694506282 0.9281570858294429 81
1633694536186 0.916091469064982 82
1633694566428 0.9219324747816215 83
1633694597956 0.9106087899721984 84
1633694628242 0.903400927498614 85
1633694658620 0.9247773099418484 86
1633694688872 0.9323862131461491 87
1633694719102 0.9254268370295285 88
1633694750926 0.9176066948767821 89
1633694781195 0.9272857782996041 90
1633694813030 0.9200239979732967 91
1633694844514 0.9203072272505077 92
1633694874651 0.9113607849458357 93
1633694904966 0.9195721811496443 94
1633694935170 0.912533595024594 95
1633694965115 0.9260450134290192 96
1633694995430 0.9191986491903762 97
1633695025617 0.9164326469042265 98
1633695055527 0.922914963395347 99
1633695088288 0.9182000554375699 100
1633695118769 0.9137145636272737 101
1633695149128 0.9112701369058984 102
1633695179609 0.9259779159897854 103
1633695209999 0.9098665626835728 104
1633695240275 0.9250115659063791 105
1633695270484 0.9189458739617445 106
1633695300507 0.9230565174820246 107
1633695330707 0.9431032679840669 108
1633695360783 0.9175277182632756 109
1633695390994 0.9271532799680067 110
1633695421151 0.9296643604206534 111
1633695451529 0.9144597205687982 112
1633695482002 0.9274999465534718 113
1633695511978 0.9309688893170135 114
1633695542200 0.9134949402418274 115
1633695572598 0.9279057460303557 116
1633695602632 0.9141966798422961 117
1633695633100 0.9199034877632914 118
1633695665094 0.9033416197704051 119
1633695698196 0.9114328444693027 120
1633695729048 0.9245905374081784 121
1633695760153 0.9312222119436802 122
1633695791042 0.918136350884865 123
1633695821622 0.9235216822910464 124
1633695852696 0.931341961116757 125
1633695883832 0.9214775535824363 126
1633695914637 0.9292609940710957 127
1633695945604 0.9205002752675444 128
1633695976455 0.9244453652204959 129
1633696007387 0.9206927613384235 130
1633696038279 0.9210159134107098 131
1633696069457 0.9137009984062522 132
1633696100341 0.9202097377841482 133
1633696131162 0.9107201971538571 134
1633696162312 0.9244615615101337 135
1633696193311 0.9251659305082078 136
1633696224426 0.9163592822750803 137
1633696255378 0.9015808385298332 138
1633696286161 0.92882255401174 139
1633696324573 0.9135367095058566 140
