1633692083901 0.8957417300309385 1
1633692115967 0.9336016442961231 2
1633692147585 0.947655266611235 3
1633692178416 0.959731602285173 4
1633692208924 0.9552432835417001 5
1633692239887 0.9803112726013463 6
1633692270883 0.9756604765926619 7
1633692301749 0.9745413123450468 8
1633692422671 0.9769200229031957 12
1633692544649 0.9755748472639059 16
1633692606121 0.9792243840161722 18
1633693055137 0.9765156145898926 33
1633693174279 0.9725177808551708 37
1633693234501 0.9797398732556065 39
1633693268317 0.9819450163191638 40
1633693388347 0.978511476266094 44
1633693657666 0.9783956651917973 53
1633693837679 0.9707368424732549 59
1633694051923 0.9781343767795595 66
1633694143677 0.9813674378449359 69
1633694567449 0.9807336286685826 83
1633694720150 0.9802495542965415 88
1633694782234 0.9778022997121247 90
1633694814032 0.9783208669477172 91
1633695634160 0.9820655716288389 118
