1633692083516 0.8957417300309385 1
1633692115188 0.9336016442961231 2
1633692146825 0.947655266611235 3
1633692177658 0.959731602285173 4
1633692208156 0.9552432835417001 5
1633692239096 0.9803112726013463 6
1633692270110 0.9756604765926619 7
1633692300998 0.9745413123450468 8
1633692331908 0.9651117051906857 9
1633692362319 0.9763271791686505 10
1633692391965 0.9737645825838035 11
1633692421886 0.9769200229031957 12
1633692453404 0.9667268652544222 13
1633692483350 0.9770230124620457 14
1633692513399 0.9728081289353496 15
1633692543852 0.9755748472639059 16
1633692575079 0.9668649774754801 17
1633692605345 0.9792243840161722 18
1633692636496 0.985147134355415 19
1633692669220 0.9728029826480854 20
1633692698691 0.9815135096440001 21
1633692728361 0.9767748168355168 22
1633692758204 0.981238906256889 23
1633692787629 0.9757458310067585 24
1633692817286 0.9813453117546781 25
1633692847098 0.9680271835342927 26
1633692876596 0.9700834846742244 27
1633692906467 0.9721239299431411 28
1633692935943 0.9779294476067544 29
1633692965340 0.9841009522875669 30
1633692995299 0.979948012766066 31
1633693024876 0.9640323451359573 32
1633693054300 0.9765156145898926 33
1633693084961 0.9752982734403978 34
1633693114597 0.9815223966483541 35
1633693144068 0.9717232752169576 36
1633693173445 0.9725177808551708 37
1633693204137 0.9757057185504925 38
1633693233671 0.9797398732556065 39
1633693267449 0.9819450163191638 40
1633693298412 0.9738985031374057 41
1633693328152 0.9621808956626892 42
1633693357922 0.9735080163234862 43
1633693387477 0.978511476266094 44
1633693418662 0.9799941476222205 45
1633693448402 0.977903837500501 46
1633693478383 0.968649658144704 47
1633693507876 0.9746322672323084 48
1633693537552 0.9745029625375542 49
1633693567258 0.9749629912693404 50
1633693597088 0.9662507197544561 51
1633693626849 0.9799604398688023 52
1633693656722 0.9783956651917973 53
1633693687854 0.9794525253105869 54
1633693717559 0.9768057422237686 55
1633693747518 0.9797435293598511 56
1633693777407 0.9686176357642897 57
1633693807133 0.9673635393916434 58
1633693836788 0.9707368424732549 59
1633693871138 0.9792897202734638 60
1633693901150 0.9790653224259417 61
1633693931111 0.9856863980387429 62
1633693961139 0.9740412791507622 63
1633693991294 0.9780452842844388 64
1633694021259 0.9834818462060115 65
1633694050947 0.9781343767795595 66
1633694082677 0.9784587033812234 67
1633694112637 0.9775747315573182 68
1633694142706 0.9813674378449359 69
1633694174116 0.9745819442537303 70
1633694204148 0.9609146382146744 71
1633694234164 0.9807910380101429 72
1633694263985 0.980063366592546 73
1633694294037 0.9679746705892152 74
1633694323988 0.9750085669438041 75
1633694353922 0.9827113711958578 76
1633694383590 0.9626992053900473 77
1633694413372 0.9786728888129581 78
1633694443377 0.9683371441490635 79
1633694476063 0.978741450672178 80
1633694506280 0.9769945901943701 81
1633694536184 0.9826200152069777 82
1633694566425 0.9807336286685826 83
1633694597954 0.9820726229288681 84
1633694628240 0.9852635299787578 85
1633694658618 0.9763463015413834 86
1633694688870 0.9781509126106772 87
1633694719099 0.9802495542965415 88
1633694750924 0.983728675031978 89
1633694781193 0.9778022997121247 90
1633694813028 0.9783208669477172 91
1633694844512 0.9759730140389509 92
1633694874649 0.9831363130112617 93
1633694904964 0.9772184350214561 94
1633694935168 0.9828385424645395 95
1633694965113 0.9771932062317633 96
1633694995427 0.9777797832843105 97
1633695025614 0.9776990465571489 98
1633695055525 0.9671881236879775 99
1633695088286 0.9787531712747014 100
1633695118767 0.9828219815779177 101
1633695149126 0.9811880412612206 102
1633695179606 0.9743014101628352 103
1633695209997 0.9814818364740316 104
1633695240272 0.9768385585817284 105
1633695270482 0.9803707195434906 106
1633695300505 0.9744765806099972 107
1633695330705 0.9646778459699838 108
1633695360781 0.979831527250658 109
1633695390992 0.9797251474128303 110
1633695421148 0.9755780424678517 111
1633695451527 0.9846387076411721 112
1633695482000 0.9802912607194132 113
1633695511976 0.9725912869223672 114
1633695542198 0.9854522194422808 115
1633695572596 0.970861801053849 116
1633695602630 0.9822475916808586 117
1633695633098 0.9820655716288389 118
1633695665092 0.9801175112644369 119
1633695698194 0.9806782579575148 120
1633695729045 0.9759198917646855 121
1633695760151 0.9758549077985124 122
1633695791040 0.9850488463747132 123
1633695821620 0.9781297713030184 124
1633695852694 0.9736107107551425 125
1633695883830 0.9775900151427148 126
1633695914635 0.9781561129721654 127
1633695945601 0.977024791038759 128
1633695976453 0.9666992669458868 129
1633696007385 0.9700188371582051 130
1633696038277 0.9755087694475749 131
1633696069455 0.9673561159144889 132
1633696100338 0.9744991687544803 133
1633696131160 0.9802695836028614 134
1633696162310 0.9789264196802671 135
1633696193309 0.9770907551960861 136
1633696224424 0.9855279506146091 137
1633696255376 0.9843679053640473 138
1633696286159 0.9806577560162337 139
1633696324570 0.9758329922321902 140
