1633692080200 0.5937169561019311 0
1633692111897 0.5345516177324149 0
1633692143682 0.5198624918094048 0
1633692174471 0.5078849278963529 0
1633692204955 0.49540214263475857 0
1633692235888 0.48905503795697136 0
1633692266902 0.48377338418593774 0
1633692297812 0.47256427957461433 0
1633692328684 0.4701825426175044 0
1633692359110 0.46285137579991265 0
1633692388775 0.4538834218795483 0
1633692418670 0.4503938995874845 0
1633692450224 0.44629409725849445 0
1633692480128 0.4392360325043018 0
1633692510189 0.4333806785253378 0
1633692540658 0.426648603952848 0
1633692571880 0.4215299537548652 0
1633692602146 0.41669183831948503 0
1633692633260 0.4143184258387639 0
1633692663348 0.40584062888072087 0
1633692695378 0.4001707090781285 0
1633692725070 0.3956198055010576 0
1633692754896 0.39049944281578064 0
1633692784352 0.38568948736557596 0
1633692814012 0.38109227327200085 0
1633692843861 0.3772071746679453 0
1633692873333 0.37063419360380906 0
1633692903206 0.3686936101088157 0
1633692932674 0.36160145218555745 0
1633692962052 0.35466849162028385 0
1633692992035 0.3532381493311662 0
1633693021634 0.34530959266882677 0
1633693051044 0.34484728162105266 0
1633693081703 0.34011617394594046 0
1633693111337 0.33633249585445113 0
1633693140795 0.33198772622988776 0
1633693170188 0.32488858447625085 0
1633693200874 0.3269340469286992 0
1633693230419 0.3202215288694088 0
1633693261322 0.31108332024170804 0
1633693295075 0.3061644483071107 0
1633693324835 0.30535573134055505 0
1633693354604 0.299055491731717 0
1633693384144 0.29562631226502933 0
1633693415315 0.2932402170621432 0
1633693445057 0.2924383064875236 0
1633693475051 0.2873103563602154 0
1633693504558 0.2849174481171828 0
1633693534200 0.28300070877258593 0
1633693563908 0.277187668130948 0
1633693593756 0.2701844818316973 0
1633693623555 0.2758539990736888 0
1633693653437 0.2694277245264787 0
1633693684529 0.2653999672486232 0
1633693714214 0.2580162541224406 0
1633693744164 0.2518826697881405 0
1633693774085 0.2468222677707672 0
1633693803851 0.24614840195729182 0
1633693833471 0.24709878861904144 0
1633693864815 0.2397829961318236 0
1633693897794 0.23905377640173986 0
1633693927752 0.23120959011408 0
1633693957780 0.22852266958126655 0
1633693987904 0.22278679792697614 0
1633694017903 0.22633278301128976 0
1633694047576 0.22477328937787275 0
1633694079325 0.21719570136987246 0
1633694109262 0.21125530004501342 0
1633694139342 0.20796984227804038 0
1633694170753 0.20874346723923318 0
1633694200737 0.2100743885223682 0
1633694230781 0.2143022461579396 0
1633694260632 0.20095004187180446 0
1633694290700 0.19959159642457963 0
1633694320601 0.1997409788461832 0
1633694350540 0.18855388256219718 0
1633694380226 0.1976254974420254 0
1633694410002 0.19580945510130662 0
1633694440018 0.18716637973602002 0
1633694470102 0.18609149238237968 0
1633694502869 0.1799232745399842 0
1633694532746 0.1716614944430498 0
1633694563008 0.17151601566718175 0
1633694594541 0.16999662415339398 0
1633694624803 0.1704207426080337 0
1633694655204 0.15978291424421165 0
1633694685469 0.16155937073322443 0
1633694715677 0.1597579409296696 0
1633694747480 0.1590045766188548 0
1633694777758 0.16025281800673558 0
1633694809578 0.15201912923501087 0
1633694841076 0.1461602319891636 0
1633694871211 0.14936971675891142 0
1633694901545 0.1486673076565449 0
1633694931756 0.15730443126880206 0
1633694961684 0.15078522838079012 0
1633694991993 0.14656194494320796 0
1633695022197 0.1459341816031016 0
1633695052106 0.14865129716121234 0
1633695082216 0.16566689083209404 0
1633695115299 0.15295932407562549 0
1633695145644 0.15915056937015973 0
1633695176143 0.15513799442694737 0
1633695206520 0.14844638865727644 0
1633695236815 0.1426736110678086 0
1633695266992 0.13991636691185144 0
1633695297043 0.14375361731419198 0
1633695327254 0.14033099183669456 0
1633695357326 0.13909542503265235 0
1633695387508 0.13582616792275357 0
1633695417686 0.13533932578105193 0
1633695448041 0.1309127471767939 0
1633695478540 0.1288639172911644 0
1633695508510 0.1254306177680309 0
1633695538706 0.13022836572848834 0
1633695569125 0.127796034514904 0
1633695599168 0.1309194314938325 0
1633695629616 0.12694684267044068 0
1633695661628 0.14024724536217176 0
1633695691848 0.1291956209219419 0
1633695725499 0.12391375165719253 0
1633695756598 0.1233131597821529 0
1633695787502 0.11852639500911419 0
1633695818089 0.12564054899490795 0
1633695849182 0.12630066000498258 0
1633695880295 0.12786000749239554 0
1633695911114 0.12339962285298567 0
1633695942064 0.1265087922032063 0
1633695972936 0.12120072509233769 0
1633696003893 0.13288212510255668 0
1633696034741 0.13016178367229608 0
1633696065894 0.13722445437541375 0
1633696096810 0.13288968870273002 0
1633696127641 0.12944386521211038 0
1633696158776 0.12473297405701417 0
1633696189787 0.12260972261428833 0
1633696220879 0.11830488500686792 0
1633696251842 0.11686436717326824 0
1633696282625 0.11245747690017406 0
1633696317604 0.1151044481075727 0
