1633685965886 0.8226669773910985 1
1633685999587 0.900003144235322 2
1633686034499 0.9135774554628314 3
1633686069766 0.9241554953835227 4
1633686103880 0.9319531989820076 5
1633686137766 0.9474043412642046 6
1633686171553 0.9296939734256628 7
1633686204293 0.9462250218246923 8
1633686238456 0.9422177401455966 9
1633686271234 0.9354257294625947 10
1633686303959 0.953012177438447 11
1633686338213 0.9526272398052793 12
1633686372940 0.9395345052083334 13
1633686405718 0.95258701208866 14
1633686439478 0.9537385882753314 15
1633686473502 0.9174048683860085 16
1633686506169 0.9508250843394886 17
1633686540067 0.9525810010505446 18
1633686572480 0.9570712465228457 19
1633686609820 0.9412282307942709 20
1633686642303 0.9541158965139678 21
1633686674509 0.9451557506214489 22
1633686706773 0.9543801509972775 23
1633686739084 0.9537663315281724 24
1633686771357 0.9487847992868135 25
1633686803476 0.9399913441051136 26
1633686835661 0.9574913256096117 27
1633686869356 0.9561330621892755 28
1633686901739 0.9549888842033617 29
1633686933871 0.9575273918383049 30
1633686967934 0.9574626575816761 31
1633687000242 0.9570252389618845 32
1633687032620 0.957457802512429 33
1633687065395 0.951346426299124 34
1633687097750 0.9496270382043087 35
1633687129955 0.9596425836736505 36
1633687162497 0.9553292014382102 37
1633687194842 0.9461998217033617 38
1633687227038 0.9526286269679214 39
1633687261786 0.9606281627308239 40
1633687295768 0.9607453779740767 41
1633687328337 0.9537968491062974 42
1633687360855 0.960305878610322 43
1633687393284 0.9581525398023201 44
1633687425452 0.9597142537434896 45
1633687457632 0.9550358165394176 46
1633687489972 0.9445911754261364 47
1633687522603 0.9591478289979877 48
1633687555033 0.9581016771721117 49
1633687587215 0.9622837413441051 50
1633687621149 0.9631819291548296 51
1633687653496 0.9553169481682054 52
1633687685931 0.9589247270063921 53
1633687718416 0.9592645818536932 54
1633687751194 0.9540439952503551 55
1633687783841 0.9632309422348485 56
1633687817698 0.9639115767045454 57
1633687851626 0.9534304069750237 58
1633687883964 0.9612172444661459 59
1633687918972 0.95063388708866 60
1633687951519 0.956533720999053 61
1633687984065 0.957105694395123 62
1633688016961 0.9604325727982954 63
1633688049352 0.9586135401870265 64
1633688081801 0.9613400083599668 65
1633688114394 0.962128379128196 66
1633688147121 0.9628235788056345 67
1633688179486 0.9594319661458334 68
1633688212000 0.9448001745975378 69
1633688244984 0.9617193973425663 70
1633688277792 0.9617180101799242 71
1633688310568 0.9621665261008523 72
1633688343519 0.963042519309304 73
1633688376383 0.959230596368963 74
1633688408880 0.9490737915039062 75
1633688441721 0.9530836163145123 76
1633688474738 0.9566285104462595 77
1633688507354 0.9420806422378077 78
1633688539959 0.9592014659534801 79
1633688575782 0.9386141227953362 80
1633688609057 0.9513098976828835 81
1633688642217 0.956154794404001 82
1633688674991 0.9625114672111742 83
1633688707965 0.9578748760801373 84
1633688741039 0.9613786177201704 85
1633688773978 0.963601083466501 86
1633688809050 0.9632519808682528 87
1633688842111 0.9627410426284327 88
1633688875214 0.9622173887310606 89
1633688908205 0.9573350386186079 90
1633688941174 0.9576566291577888 91
1633688974233 0.9628154870235559 92
1633689007001 0.9632011182380446 93
1633689039908 0.9600670554421165 94
1633689072789 0.9629777850526752 95
1633689105984 0.9482655380711411 96
1633689138875 0.9589607932350852 97
1633689171789 0.9601324832800663 98
1633689204929 0.962965069395123 99
1633689240461 0.959145517060251 100
1633689273576 0.9610829208836411 101
1633689307510 0.9622751871744791 102
1633689340760 0.9627909804835464 103
1633689374493 0.9629181370590673 104
1633689408249 0.9486812244762074 105
1633689441898 0.964101386792732 106
1633689478725 0.9613564231178977 107
1633689512526 0.9650828043619791 108
1633689545818 0.9635768081202651 109
1633689579224 0.9336275042909564 110
1633689612742 0.9634958902994791 111
1633689646334 0.9599276455965909 112
1633689680153 0.9642266938180635 113
1633689713790 0.9632522120620265 114
1633689747412 0.9618495594371449 115
1633689780796 0.9636531020655776 116
1633689814727 0.9660838734019886 117
1633689848441 0.9591147682883523 118
1633689882129 0.9646960171786222 119
1633689918262 0.9631285233931108 120
1633689952233 0.9625214085434423 121
1633689985884 0.9594493056788589 122
1633690019470 0.9648190122662168 123
1633690053504 0.9560528379498106 124
1633690086862 0.9628561771277225 125
1633690120404 0.9645399613813921 126
1633690153978 0.9556954123757102 127
1633690187905 0.9621766986268939 128
1633690221593 0.9637938990737452 129
1633690255455 0.964435692989465 130
1633690289275 0.9617600874467329 131
1633690323218 0.9645663174715909 132
1633690356984 0.9602848399769176 133
1633690390764 0.9620562466708097 134
1633690424544 0.9642833362926136 135
1633690458404 0.9303373856977983 136
1633690492222 0.9630230990323153 137
1633690526299 0.9638140129320549 138
1633690560001 0.961538603811553 139
1633690596662 0.9635340372721354 140
1633690630445 0.9623977198745265 141
1633690664324 0.9629176746715199 142
1633690697775 0.9585527362245502 143
1633690732075 0.9636801517370975 144
1633690765818 0.96324550744259 145
1633690799561 0.9633037682735559 146
1633690833451 0.9620890761866714 147
1633690867253 0.9633571740352747 148
1633690901063 0.9612787420099432 149
1633690935118 0.9598934289180872 150
1633690969116 0.9617300322561553 151
1633691002583 0.960226347952178 152
1633691036468 0.9580239960641572 153
1633691070401 0.9636736783114347 154
1633691105489 0.9636205037434896 155
1633691140798 0.9519724990382339 156
1633691175817 0.9657114202325995 157
1633691211484 0.9588368733723959 158
1633691246642 0.9646317453095408 159
1633691283918 0.9624860358960701 160
1633691319109 0.9620211052172112 161
1633691353166 0.9576545484138258 162
1633691387209 0.9625244140625 163
1633691421032 0.959919091426965 164
1633691454858 0.9636984160452178 165
1633691488839 0.9602998675722064 166
1633691522889 0.9636047825668798 167
1633691556956 0.9607553193063447 168
1633691590821 0.9646950924035275 169
1633691624722 0.957724600127249 170
1633691658486 0.9636766838304924 171
1633691692534 0.9629606767134233 172
1633691726754 0.9564447113961885 173
1633691760524 0.9630136200875947 174
1633691794509 0.9638729673443418 175
1633691828634 0.9621334653912168 176
1633691862539 0.961046161073627 177
1633691896530 0.9634145100911459 178
1633691930485 0.9635881366151752 179
1633691967565 0.9626522642193418 180
1633692001378 0.9629331646543561 181
