1633685966328 0.8226669773910985 1
1633686000547 0.900003144235322 2
1633686035481 0.9135774554628314 3
1633686070795 0.9241554953835227 4
1633686104814 0.9319531989820076 5
1633686138719 0.9474043412642046 6
1633686205329 0.9462250218246923 8
1633686304947 0.953012177438447 11
1633686339193 0.9526272398052793 12
1633686406705 0.95258701208866 14
1633686440464 0.9537385882753314 15
1633686507075 0.9508250843394886 17
1633686573467 0.9570712465228457 19
1633686836632 0.9574913256096117 27
1633686934965 0.9575273918383049 30
1633687262858 0.9606281627308239 40
1633687588298 0.9622837413441051 50
1633687784933 0.9632309422348485 56
1633687818796 0.9639115767045454 57
1633688775310 0.963601083466501 86
1633689443480 0.964101386792732 106
