1633685965890 0.5281847978574655 1
1633685999591 0.624461644670905 2
1633686034503 0.641656388298739 3
1633686069770 0.6838285820072431 4
1633686103884 0.7023161609929306 5
1633686137770 0.7478440013218981 6
1633686171557 0.7036794481280013 7
1633686204297 0.7621931881546308 8
1633686238460 0.7417774422221205 9
1633686271238 0.7208578128757385 10
1633686303963 0.7824040214221814 11
1633686338217 0.7832650581017505 12
1633686372944 0.7416704766616955 13
1633686405722 0.7839007703587264 14
1633686439482 0.7901049526518685 15
1633686473506 0.6646030778861446 16
1633686506173 0.7906765557935794 17
1633686540071 0.7825801476637964 18
1633686572484 0.7973128723865495 19
1633686609824 0.7791940731329318 20
1633686642307 0.7958254097747968 21
1633686674514 0.7679435933395898 22
1633686706777 0.7962635995505927 23
1633686739088 0.7934194101485459 24
1633686771361 0.7888292897429945 25
1633686803480 0.7617444695019786 26
1633686835665 0.8133195312300143 27
1633686869360 0.810297319831807 28
1633686901743 0.8057787265258358 29
1633686933876 0.8171048495493232 30
1633686967938 0.800724608205366 31
1633687000246 0.802017080259079 32
1633687032624 0.807384498796336 33
1633687065399 0.8033909238305547 34
1633687097754 0.7983198950723701 35
1633687129959 0.8138897878855285 36
1633687162501 0.8089583219315919 37
1633687194846 0.7859165319205432 38
1633687227042 0.7920757994755572 39
1633687261790 0.8265321963078738 40
1633687295772 0.822404481852088 41
1633687328341 0.7956357978550201 42
1633687360859 0.8247041694996262 43
1633687393288 0.816722300676166 44
1633687425456 0.8245413322314838 45
1633687457636 0.808966049460251 46
1633687489976 0.7903980519164805 47
1633687522607 0.8136212487027551 48
1633687555037 0.8055619347276258 49
1633687587219 0.82961636360962 50
1633687621153 0.8273682643609286 51
1633687653499 0.8083138366122418 52
1633687685935 0.8193612530808613 53
1633687718420 0.8131890677903904 54
1633687751198 0.8141729553913958 55
1633687783845 0.8337071200086257 56
1633687817702 0.8383410487593491 57
1633687851630 0.809229638951374 58
1633687883968 0.8242098360149397 59
1633687918976 0.7927211329500311 60
1633687951523 0.8183754159903867 61
1633687984069 0.8159120407536927 62
1633688016965 0.8233033281161007 63
1633688049357 0.8176126898245872 64
1633688081805 0.8221862130803421 65
1633688114398 0.830210943556031 66
1633688147125 0.830853210194848 67
1633688179489 0.8166721067892219 68
1633688212004 0.7967831215675322 69
1633688244988 0.8363228972515191 70
1633688277796 0.8321036148593528 71
1633688310572 0.8280993508029909 72
1633688343522 0.8342190548337483 73
1633688376387 0.8236794138226752 74
1633688408884 0.802125534339534 75
1633688441725 0.8151867820310319 76
1633688474742 0.8263360159977863 77
1633688507357 0.7899296280534338 78
1633688539963 0.8218426185719145 79
1633688575787 0.7749410508529564 80
1633688609061 0.8035273175864984 81
1633688642221 0.8217781343474606 82
1633688674996 0.8349687420910706 83
1633688707969 0.8281674908041122 84
1633688741043 0.8324776401524229 85
1633688773982 0.8431136185446123 86
1633688809054 0.8333076757580558 87
1633688842115 0.8393251114201691 88
1633688875218 0.8382733259514026 89
1633688908209 0.8278285746385592 90
1633688941177 0.8224276550544877 91
1633688974237 0.8400744878051905 92
1633689007005 0.8396166912069047 93
1633689039912 0.8309097970777136 94
1633689072793 0.8330986797905299 95
1633689105989 0.8156921172468463 96
1633689138879 0.8295364858160195 97
1633689171793 0.8336797386700529 98
1633689204933 0.831457579197997 99
1633689240465 0.8289629986488879 100
1633689273580 0.8253949044106023 101
1633689307514 0.8284490225221991 102
1633689340764 0.839519495540456 103
1633689374497 0.842486415557921 104
1633689408254 0.8032179391567331 105
1633689441902 0.8482711911675106 106
1633689478729 0.8210890932080924 107
1633689512530 0.8467984266161677 108
1633689545822 0.8400271931957171 109
1633689579228 0.790862932184664 110
1633689612746 0.841485121913396 111
1633689646338 0.827992184932864 112
1633689680157 0.8354994868518617 113
1633689713794 0.8301635886054848 114
1633689747416 0.8313973919243315 115
1633689780800 0.8422822314753811 116
1633689814731 0.8444150213058673 117
1633689848445 0.8321569679604944 118
1633689882133 0.8367947627250464 119
1633689918266 0.8413100415931241 120
1633689952238 0.834017189982697 121
1633689985888 0.8379603684722142 122
1633690019474 0.8465241507319436 123
1633690053508 0.82797636795312 124
1633690086866 0.8416545361918785 125
1633690120408 0.8393006868357995 126
1633690153982 0.8191654307462899 127
1633690187909 0.8327076357540191 128
1633690221597 0.8365990614282434 129
1633690255460 0.8405913997657013 130
1633690289279 0.8248569568850531 131
1633690323222 0.8425496104593877 132
1633690356988 0.8342548197971111 133
1633690390768 0.840088212474104 134
1633690424548 0.8452114524371686 135
1633690458408 0.7643456804568814 136
1633690492226 0.8340818438915055 137
1633690526303 0.8433119861619995 138
1633690560005 0.8294738919642086 139
1633690596666 0.8363395094658541 140
1633690630449 0.83599938877733 141
1633690664327 0.8479180001889516 142
1633690697780 0.8193097108591236 143
1633690732079 0.8454315991357317 144
1633690765822 0.8349328611810617 145
1633690799565 0.8387562503797832 146
1633690833455 0.8356876439375968 147
1633690867258 0.8390441914651836 148
1633690901067 0.8309913481441098 149
1633690935122 0.8264297539588192 150
1633690969120 0.8311759059985884 151
1633691002587 0.8335814048856428 152
1633691036472 0.8248099449618255 153
1633691070405 0.8307939045915576 154
1633691105493 0.8357129359608404 155
1633691140802 0.8093686372833809 156
1633691175822 0.8370511401377713 157
1633691211488 0.8263291452588618 158
1633691246645 0.8335988615462444 159
1633691283922 0.8357760744156434 160
1633691319113 0.8285252956825776 161
1633691353170 0.8316866424360334 162
1633691387213 0.8405611381129086 163
1633691421035 0.832578266775419 164
1633691454862 0.8382849081743997 165
1633691488844 0.8291482478265519 166
1633691522893 0.8438941453675132 167
1633691556960 0.8358775089311105 168
1633691590825 0.8426856899427189 169
1633691624726 0.8293304443504319 170
1633691658490 0.8346891657106785 171
1633691692538 0.84285091219582 172
1633691726758 0.8253472687033016 173
1633691760528 0.8354239439370579 174
1633691794513 0.8432469736475859 175
1633691828638 0.83893401363202 176
1633691862543 0.8395161280832488 177
1633691896534 0.8436877340705793 178
1633691930489 0.8365360661594875 179
1633691967568 0.8271635180191242 180
1633692001382 0.8339212884840062 181
