1633685966331 0.5281847978574655 1
1633686000550 0.624461644670905 2
1633686035484 0.641656388298739 3
1633686070798 0.6838285820072431 4
1633686104818 0.7023161609929306 5
1633686138722 0.7478440013218981 6
1633686205332 0.7621931881546308 8
1633686304950 0.7824040214221814 11
1633686339196 0.7832650581017505 12
1633686406708 0.7839007703587264 14
1633686440467 0.7901049526518685 15
1633686507078 0.7906765557935794 17
1633686573470 0.7973128723865495 19
1633686836635 0.8133195312300143 27
1633686934968 0.8171048495493232 30
1633687262862 0.8265321963078738 40
1633687588301 0.82961636360962 50
1633687784937 0.8337071200086257 56
1633687818799 0.8383410487593491 57
1633688775313 0.8431136185446123 86
1633689443483 0.8482711911675106 106
