1633685965889 0.5404681652494997 1
1633685999590 0.6439760710668708 2
1633686034502 0.6440961464291525 3
1633686069769 0.7079637084310283 4
1633686103883 0.7103887605445733 5
1633686137769 0.7865769575656617 6
1633686171556 0.709051046968673 7
1633686204296 0.7890941242071471 8
1633686238459 0.7740286353622126 9
1633686271237 0.749238041729114 10
1633686303962 0.8037146367916572 11
1633686338216 0.8205633942018339 12
1633686372943 0.7530807916872602 13
1633686405721 0.8021310208321852 14
1633686439481 0.8116253210120362 15
1633686473505 0.7220379117775398 16
1633686506172 0.8250537973498219 17
1633686540070 0.80703577727829 18
1633686572482 0.8254533267060746 19
1633686609823 0.8098710051460393 20
1633686642306 0.8271571188210486 21
1633686674513 0.7888603449091507 22
1633686706776 0.8276125601628207 23
1633686739087 0.8087363871784405 24
1633686771360 0.8166703234986297 25
1633686803479 0.8076326905563146 26
1633686835664 0.835472203286863 27
1633686869359 0.8421987891165238 28
1633686901742 0.8441491420746852 29
1633686933874 0.8393606236615616 30
1633686967937 0.8421964006622177 31
1633687000245 0.8270801140171753 32
1633687032623 0.8424881726570462 33
1633687065398 0.8383209639971007 34
1633687097753 0.8232673917933815 35
1633687129958 0.836057992224823 36
1633687162500 0.8309922061865378 37
1633687194845 0.8168581276654464 38
1633687227041 0.8297936946886789 39
1633687261789 0.8557039208834459 40
1633687295771 0.8581611984543527 41
1633687328340 0.8335232168004975 42
1633687360858 0.8504761747964894 43
1633687393286 0.8422448725722962 44
1633687425455 0.8469996564556876 45
1633687457634 0.8408151065256152 46
1633687489975 0.8119264035251006 47
1633687522606 0.8456535813288478 48
1633687555036 0.8275033103816857 49
1633687587217 0.8622784251690538 50
1633687621152 0.8565694972207261 51
1633687653498 0.8535794114625274 52
1633687685934 0.8449662922396382 53
1633687718419 0.8519123567327899 54
1633687751197 0.8495717795388478 55
1633687783844 0.8699552556611746 56
1633687817700 0.8645392065330788 57
1633687851629 0.8312709131640574 58
1633687883967 0.8499663933904065 59
1633687918975 0.8271872691652499 60
1633687951522 0.8439496477400862 61
1633687984068 0.8447089363097053 62
1633688016964 0.8523610926378455 63
1633688049356 0.8464696082889843 64
1633688081804 0.8445803900903126 65
1633688114397 0.8628964137747724 66
1633688147124 0.8501753778737979 67
1633688179488 0.8356644813657154 68
1633688212003 0.8249048787993274 69
1633688244987 0.8624579877906291 70
1633688277795 0.8547679156531872 71
1633688310571 0.8607016874487781 72
1633688343521 0.8602884002973028 73
1633688376386 0.8494193955046337 74
1633688408883 0.8271919572876445 75
1633688441724 0.8439580802203624 76
1633688474741 0.8588689300134471 77
1633688507356 0.8178094972788492 78
1633688539962 0.8508488286391587 79
1633688575786 0.8086341400204763 80
1633688609060 0.8254132756530569 81
1633688642220 0.8507820685009004 82
1633688674994 0.8577110813698159 83
1633688707968 0.8409085291241756 84
1633688741042 0.8618592039225084 85
1633688773981 0.8660778027073059 86
1633688809053 0.8729889936512966 87
1633688842114 0.8689483506467633 88
1633688875217 0.864469367387384 89
1633688908208 0.8570460537434496 90
1633688941176 0.8548066965920659 91
1633688974236 0.8731482865376783 92
1633689007004 0.859142660769856 93
1633689039911 0.8602360252098683 94
1633689072792 0.8591330135339841 95
1633689105987 0.8411824959108103 96
1633689138878 0.8521308648071173 97
1633689171792 0.8665017756255667 98
1633689204931 0.8574406285479343 99
1633689240464 0.8582205162482603 100
1633689273579 0.8511884951734336 101
1633689307513 0.8444422468952144 102
1633689340763 0.8623857853022585 103
1633689374496 0.8688141160441059 104
1633689408253 0.8348406926668407 105
1633689441901 0.8679984281714062 106
1633689478728 0.8467481273708453 107
1633689512529 0.8664914132816599 108
1633689545821 0.8662780429830832 109
1633689579227 0.8092550933982607 110
1633689612745 0.8677815319731896 111
1633689646337 0.8472478171406049 112
1633689680156 0.8718255514975948 113
1633689713793 0.8662576576752883 114
1633689747415 0.8507322149923392 115
1633689780799 0.8652237708540879 116
1633689814730 0.8708029907216757 117
1633689848444 0.8615272138885118 118
1633689882132 0.8629445990602039 119
1633689918265 0.8642251010917695 120
1633689952237 0.8501179079360308 121
1633689985887 0.8541372095624113 122
1633690019473 0.8729780304423169 123
1633690053507 0.8538506294516549 124
1633690086865 0.8713599904104153 125
1633690120407 0.8689230640182397 126
1633690153981 0.8447643504571113 127
1633690187908 0.8553883884788367 128
1633690221596 0.869536032350615 129
1633690255458 0.8601400369695548 130
1633690289278 0.8539695553633491 131
1633690323221 0.8654984325341569 132
1633690356987 0.8569777137215461 133
1633690390766 0.8697383846790723 134
1633690424547 0.8615282758432913 135
1633690458406 0.7913225868259477 136
1633690492225 0.8601469015131151 137
1633690526302 0.869665485729562 138
1633690560004 0.8587494410923572 139
1633690596665 0.8692662618070295 140
1633690630448 0.8554412350279657 141
1633690664326 0.8710130429956545 142
1633690697779 0.8416255395595666 143
1633690732078 0.8684589189565494 144
1633690765821 0.8746915688563504 145
1633690799564 0.8683594121578931 146
1633690833454 0.8685887322815966 147
1633690867256 0.8720774273496397 148
1633690901066 0.860320454549196 149
1633690935121 0.8489395137942735 150
1633690969119 0.8472217729097581 151
1633691002586 0.859630823788319 152
1633691036471 0.8572827774406375 153
1633691070404 0.8567562141100437 154
1633691105492 0.8618289652096168 155
1633691140801 0.8218204624723562 156
1633691175820 0.8700059094345339 157
1633691211487 0.848836164779531 158
1633691246644 0.8596488259695645 159
1633691283921 0.8585404032907777 160
1633691319112 0.8577673649419627 161
1633691353169 0.85433958600433 162
1633691387212 0.8634557994622873 163
1633691421034 0.8552554958315588 164
1633691454861 0.8544680145098129 165
1633691488842 0.8651981716450977 166
1633691522892 0.8736786446157785 167
1633691556959 0.8653790680698554 168
1633691590824 0.8656382184625595 169
1633691624725 0.8586009306216237 170
1633691658489 0.8641487833239966 171
1633691692537 0.862452096200374 172
1633691726757 0.8612319325599666 173
1633691760526 0.8717467241082343 174
1633691794512 0.8628573683835764 175
1633691828637 0.8617843564157714 176
1633691862542 0.8725679441495184 177
1633691896533 0.8599751420642198 178
1633691930488 0.859321095198851 179
1633691967567 0.8597290108545228 180
1633692001381 0.8500201550570565 181
