1633685966330 0.5404681652494997 1
1633686000549 0.6439760710668708 2
1633686035483 0.6440961464291525 3
1633686070797 0.7079637084310283 4
1633686104817 0.7103887605445733 5
1633686138721 0.7865769575656617 6
1633686205331 0.7890941242071471 8
1633686304949 0.8037146367916572 11
1633686339195 0.8205633942018339 12
1633686406707 0.8021310208321852 14
1633686440466 0.8116253210120362 15
1633686507077 0.8250537973498219 17
1633686573469 0.8254533267060746 19
1633686836634 0.835472203286863 27
1633686934967 0.8393606236615616 30
1633687262861 0.8557039208834459 40
1633687588300 0.8622784251690538 50
1633687784936 0.8699552556611746 56
1633687818798 0.8645392065330788 57
1633688775312 0.8660778027073059 86
1633689443482 0.8679984281714062 106
