1633685965892 6.4970251765399265 1
1633685999593 5.570629205581229 2
1633686034505 5.609752507504171 3
1633686069772 5.038866002832658 4
1633686103886 5.001523298918621 5
1633686137771 4.4183670469517295 6
1633686171559 4.898512468725441 7
1633686204299 4.423152944133884 8
1633686238462 4.473406154410956 9
1633686271240 4.525877762300475 10
1633686303965 4.185067657016 11
1633686338218 4.070965311648281 12
1633686372946 4.6083141010746695 13
1633686405723 4.249962488000585 14
1633686439484 4.102746143680215 15
1633686473508 4.697701759457917 16
1633686506175 4.071065399521979 17
1633686540073 4.234836594308675 18
1633686572485 3.950845640440732 19
1633686609826 4.201532164931136 20
1633686642308 4.010574718885447 21
1633686674515 4.449814529882748 22
1633686706779 4.041073446108194 23
1633686739089 4.10661899849638 24
1633686771363 4.110450847697237 25
1633686803481 4.2271932101763365 26
1633686835666 3.9318951524836105 27
1633686869362 3.9527073771606465 28
1633686901744 3.9766320168155858 29
1633686933877 3.951039675429648 30
1633686967940 3.8896273792134624 31
1633687000247 4.092049791131353 32
1633687032625 3.9806788457413433 33
1633687065400 3.943011997343842 34
1633687097756 4.060630626735441 35
1633687129960 3.899732245134949 36
1633687162503 4.020314396564842 37
1633687194848 4.071797297436211 38
1633687227044 4.014143593947252 39
1633687261792 3.7649899677473684 40
1633687295774 3.828215759447432 41
1633687328343 4.078243690626187 42
1633687360861 3.8215329232979487 43
1633687393289 4.008289163914173 44
1633687425458 3.828248048481182 45
1633687457637 3.959687165936297 46
1633687489978 4.211211691404434 47
1633687522609 3.834155538408258 48
1633687555039 4.0210254278294 49
1633687587220 3.7465044809017263 50
1633687621155 3.7500548210341886 51
1633687653501 3.8343695046895014 52
1633687685937 3.7974971759368095 53
1633687718421 3.8295474137525685 54
1633687751200 3.9388460064285966 55
1633687783847 3.790685476949302 56
1633687817703 3.681434921082535 57
1633687851632 3.992989830333867 58
1633687883970 3.7791275371126325 59
1633687918978 4.014466197390492 60
1633687951525 3.906347488183747 61
1633687984071 3.835580516746467 62
1633688016966 3.830166423872752 63
1633688049358 3.834503494441536 64
1633688081806 3.88488813429283 65
1633688114400 3.7735863612597624 66
1633688147127 3.7839469813491386 67
1633688179491 3.9019100857535927 68
1633688212006 4.080524820948154 69
1633688244990 3.7829268958666367 70
1633688277798 3.8089717078412164 71
1633688310574 3.7371040463494243 72
1633688343524 3.6887589437143546 73
1633688376388 3.8701993861125765 74
1633688408886 4.075013992547451 75
1633688441726 3.9225441810342287 76
1633688474743 3.8352086171715665 77
1633688507359 4.233633074555628 78
1633688539965 3.843753694766611 79
1633688575789 4.176749048502784 80
1633688609063 3.96143954093987 81
1633688642223 3.8931684455209554 82
1633688674997 3.7979495006435613 83
1633688707971 3.931121457905467 84
1633688741044 3.773254059195199 85
1633688773983 3.7391119841418177 86
1633688809056 3.6635695204145216 87
1633688842117 3.765677637241637 88
1633688875220 3.723005956133296 89
1633688908211 3.8758383936356036 90
1633688941179 3.8769310187945134 91
1633688974238 3.7373558779598617 92
1633689007007 3.7553987092495644 93
1633689039914 3.8015141913812864 94
1633689072795 3.8285814272315424 95
1633689105990 4.14246018665802 96
1633689138880 3.8235469571606457 97
1633689171795 3.7739745808934506 98
1633689204934 3.711714199741141 99
1633689240467 3.855415154129166 100
1633689273582 3.8614719394787347 101
1633689307516 3.8827348246985665 102
1633689340766 3.798249671865566 103
1633689374499 3.724705624227169 104
1633689408255 3.9891195310597425 105
1633689441903 3.7268951652919533 106
1633689478731 3.763984234828557 107
1633689512532 3.696958082047542 108
1633689545823 3.716379706617853 109
1633689579229 4.2448396126334185 110
1633689612748 3.692708814809918 111
1633689646340 3.931937350139016 112
1633689680159 3.79144498228447 113
1633689713796 3.738438068962558 114
1633689747418 3.8429902060345027 115
1633689780802 3.67715483992945 116
1633689814733 3.712056854688902 117
1633689848446 3.830416163633176 118
1633689882134 3.707273814844463 119
1633689918267 3.7255860937930882 120
1633689952239 3.8028892494155206 121
1633689985889 3.8144591839195545 122
1633690019475 3.7081220626084948 123
1633690053510 3.8186172555643623 124
1633690086867 3.691142498392715 125
1633690120410 3.7117123067450977 126
1633690153983 3.906547268277032 127
1633690187911 3.7685237473647346 128
1633690221598 3.701233954475882 129
1633690255461 3.7233158393908417 130
1633690289281 3.8055812745059288 131
1633690323224 3.6889839988523274 132
1633690356990 3.80707198865872 133
1633690390769 3.782289383565347 134
1633690424549 3.692191426316342 135
1633690458409 4.211624178585338 136
1633690492227 3.733638278252252 137
1633690526304 3.664791263359604 138
1633690560006 3.7686269959386074 139
1633690596668 3.778664268620466 140
1633690630451 3.7547724224004675 141
1633690664329 3.706185139854232 142
1633690697781 3.9468953390895565 143
1633690732081 3.6688089313960464 144
1633690765824 3.699786288714933 145
1633690799567 3.7261078674565544 146
1633690833456 3.7237064077819 147
1633690867259 3.7148337905989184 148
1633690901068 3.757356402835461 149
1633690935123 3.8346910764550035 150
1633690969121 3.8273846710155004 151
1633691002589 3.7270147064410457 152
1633691036474 3.819999307969065 153
1633691070407 3.729129784981894 154
1633691105495 3.7865390005001403 155
1633691140804 4.163772280800222 156
1633691175823 3.686033598377107 157
1633691211490 3.851119831707662 158
1633691246647 3.7137673633118182 159
1633691283924 3.727924998583122 160
1633691319115 3.7573561740955226 161
1633691353171 3.8371771572278717 162
1633691387214 3.7352507815732356 163
1633691421037 3.859833749413081 164
1633691454864 3.666275727170192 165
1633691488845 3.7560410052719284 166
1633691522894 3.715005502520319 167
1633691556961 3.755287095633754 168
1633691590827 3.7103940061884386 169
1633691624728 3.7660255548129657 170
1633691658492 3.738622119890704 171
1633691692539 3.7992935614432204 172
1633691726759 3.8512124841615067 173
1633691760529 3.703761176909856 174
1633691794515 3.7355824605495442 175
1633691828640 3.747697694625398 176
1633691862544 3.7053263004293013 177
1633691896535 3.6764871977731772 178
1633691930491 3.7711170811719694 179
1633691967570 3.764272000551767 180
1633692001383 3.7918487355800123 181
