1633685966333 6.4970251765399265 1
1633686000552 5.570629205581229 2
1633686035486 5.609752507504171 3
1633686070800 5.038866002832658 4
1633686104819 5.001523298918621 5
1633686138724 4.4183670469517295 6
1633686205334 4.423152944133884 8
1633686304952 4.185067657016 11
1633686339198 4.070965311648281 12
1633686406710 4.249962488000585 14
1633686440469 4.102746143680215 15
1633686507080 4.071065399521979 17
1633686573472 3.950845640440732 19
1633686836637 3.9318951524836105 27
1633686934970 3.951039675429648 30
1633687262863 3.7649899677473684 40
1633687588302 3.7465044809017263 50
1633687784938 3.790685476949302 56
1633687818801 3.681434921082535 57
1633688775315 3.7391119841418177 86
1633689443485 3.7268951652919533 106
