1633685965889 0.4237921215660161 1
1633685999590 0.5197843220894041 2
1633686034502 0.5311756360603292 3
1633686069770 0.5737409780556082 4
1633686103884 0.6028204321273394 5
1633686137769 0.6586378431357011 6
1633686171557 0.6056289018049364 7
1633686204297 0.6651612632899907 8
1633686238460 0.65383524561806 9
1633686271238 0.6144265229802957 10
1633686303963 0.6923449479087347 11
1633686338216 0.6994627179514616 12
1633686372944 0.6447943600847809 13
1633686405721 0.6940183951746219 14
1633686439482 0.7037456093821833 15
1633686473505 0.5709691715805768 16
1633686506173 0.7028869739806147 17
1633686540070 0.6946160126836579 18
1633686572483 0.7164555279869844 19
1633686609824 0.6891583390232264 20
1633686642306 0.7101992340364732 21
1633686674513 0.6794472919742831 22
1633686706777 0.7128607777885339 23
1633686739087 0.7116517470283004 24
1633686771361 0.705711008945115 25
1633686803479 0.6764754026489699 26
1633686835664 0.7330602372213758 27
1633686869360 0.7278708626080509 28
1633686901742 0.723558871094514 29
1633686933875 0.7386948964172375 30
1633686967938 0.727274359710416 31
1633687000245 0.7201586889677385 32
1633687032623 0.7298984485335637 33
1633687065398 0.7249459717911477 34
1633687097754 0.7118894932025714 35
1633687129958 0.7377971092028814 36
1633687162500 0.7265366065110496 37
1633687194845 0.7005890315925792 38
1633687227042 0.7129715565305125 39
1633687261789 0.7499265043716645 40
1633687295771 0.7513798351314042 41
1633687328341 0.7208628707680298 42
1633687360859 0.748053644081582 43
1633687393287 0.7382388336562493 44
1633687425456 0.7457030480183954 45
1633687457635 0.7290726780520358 46
1633687489976 0.6992667307779604 47
1633687522607 0.7418635184285731 48
1633687555037 0.727930596007665 49
1633687587218 0.7555402906862181 50
1633687621153 0.7576132542657057 51
1633687653499 0.7328118490298542 52
1633687685935 0.7433411080032687 53
1633687718419 0.7398059628803059 54
1633687751197 0.7344044792331524 55
1633687783844 0.7607018246431705 56
1633687817701 0.765744331827368 57
1633687851630 0.7281018214972935 58
1633687883967 0.7521061447923345 59
1633687918976 0.7123238780084351 60
1633687951523 0.7417041122874252 61
1633687984069 0.7397383452247126 62
1633688016964 0.747897467215124 63
1633688049356 0.7391329905992273 64
1633688081804 0.7464773254025837 65
1633688114397 0.7585130564697565 66
1633688147125 0.758664453662359 67
1633688179489 0.7415805239448005 68
1633688212004 0.7104545429206807 69
1633688244988 0.7607583720301637 70
1633688277795 0.7573562950123721 71
1633688310572 0.7553050915538506 72
1633688343522 0.7633805364744035 73
1633688376386 0.7471632142029926 74
1633688408884 0.7179567747389521 75
1633688441724 0.7360538684256854 76
1633688474741 0.749848277106952 77
1633688507357 0.6973606077044588 78
1633688539962 0.746667836816796 79
1633688575786 0.6915890871249663 80
1633688609061 0.7232756855406344 81
1633688642221 0.7427972628723204 82
1633688674995 0.7626898243382751 83
1633688707969 0.7518453497916232 84
1633688741042 0.7561303791935448 85
1633688773981 0.7707243100538176 86
1633688809054 0.7610652435689857 87
1633688842114 0.7671304013474014 88
1633688875218 0.766386836401947 89
1633688908208 0.7506135812362071 90
1633688941177 0.7469460039843772 91
1633688974236 0.7675700155387224 92
1633689007005 0.766808865732463 93
1633689039911 0.7566837890313434 94
1633689072793 0.7600614372160831 95
1633689105988 0.7304507220701756 96
1633689138878 0.7524464191189427 97
1633689171793 0.7605782905022658 98
1633689204932 0.7619131635726636 99
1633689240465 0.7534934148376972 100
1633689273580 0.7516415698251726 101
1633689307513 0.7527682214526679 102
1633689340763 0.7677135405214972 103
1633689374497 0.7709732608651105 104
1633689408253 0.7207585886883046 105
1633689441901 0.7753060728877851 106
1633689478729 0.7498357467725525 107
1633689512530 0.7770273271659667 108
1633689545821 0.7693703970776916 109
1633689579227 0.6965957850400888 110
1633689612746 0.7704710429733423 111
1633689646337 0.7526385893222564 112
1633689680157 0.7661899316208555 113
1633689713794 0.7562825583716146 114
1633689747416 0.7581599308015763 115
1633689780800 0.7712187231513108 116
1633689814731 0.7756872039081555 117
1633689848444 0.7559936053322468 118
1633689882132 0.7683801188363196 119
1633689918265 0.7736195806510993 120
1633689952237 0.762434417073432 121
1633689985887 0.7620787172731689 122
1633690019473 0.7767412289747933 123
1633690053508 0.7514136215139452 124
1633690086865 0.7700025468109962 125
1633690120408 0.7695186456170354 126
1633690153981 0.7406881301566688 127
1633690187909 0.7589542047066264 128
1633690221596 0.7667854483297476 129
1633690255459 0.7670003127561451 130
1633690289279 0.7527202719338071 131
1633690323221 0.7721048470280797 132
1633690356988 0.7586305532179145 133
1633690390767 0.7675569781154833 134
1633690424547 0.7745660995869432 135
1633690458407 0.6714672631087195 136
1633690492225 0.7650287927432192 137
1633690526302 0.7745791028692256 138
1633690560004 0.7579932509834125 139
1633690596666 0.7657927580336861 140
1633690630449 0.7660604107272472 141
1633690664327 0.7772125881805451 142
1633690697779 0.7471918613712469 143
1633690732079 0.7772659798449505 144
1633690765822 0.7650438500340062 145
1633690799565 0.7681655894834714 146
1633690833454 0.7652381015711931 147
1633690867257 0.7694903704252433 148
1633690901066 0.7581442385871316 149
1633690935121 0.7513391659298234 150
1633690969119 0.7584747903831701 151
1633691002587 0.7605175893901087 152
1633691036472 0.7502207462954652 153
1633691070405 0.7615559572938655 154
1633691105493 0.7652825166551117 155
1633691140802 0.7230065801960217 156
1633691175821 0.7681844836465677 157
1633691211488 0.7513749668174885 158
1633691246645 0.7643993539853705 159
1633691283921 0.7635549020434658 160
1633691319112 0.7592011687190228 161
1633691353169 0.7526949771466444 162
1633691387212 0.7680687594017593 163
1633691421035 0.7558283280769124 164
1633691454862 0.76779910119853 165
1633691488843 0.7585691966688868 166
1633691522892 0.7735793028985731 167
1633691556959 0.7639418049342661 168
1633691590825 0.7718358767584927 169
1633691624726 0.7541842954805494 170
1633691658489 0.7652373865113119 171
1633691692537 0.7708365259415849 172
1633691726757 0.751368029231529 173
1633691760527 0.7660331614173373 174
1633691794513 0.7721882919573312 175
1633691828638 0.766759783640695 176
1633691862542 0.7690997936013425 177
1633691896533 0.7736956472910612 178
1633691930489 0.7668128248289887 179
1633691967568 0.7578527028458938 180
1633692001381 0.7615104115942768 181
