1633685966331 0.4237921215660161 1
1633686000549 0.5197843220894041 2
1633686035484 0.5311756360603292 3
1633686070798 0.5737409780556082 4
1633686104817 0.6028204321273394 5
1633686138722 0.6586378431357011 6
1633686205332 0.6651612632899907 8
1633686304949 0.6923449479087347 11
1633686339195 0.6994627179514616 12
1633686406708 0.6940183951746219 14
1633686440467 0.7037456093821833 15
1633686507078 0.7028869739806147 17
1633686573470 0.7164555279869844 19
1633686836634 0.7330602372213758 27
1633686934967 0.7386948964172375 30
1633687262861 0.7499265043716645 40
1633687588300 0.7555402906862181 50
1633687784936 0.7607018246431705 56
1633687818798 0.765744331827368 57
1633688775313 0.7707243100538176 86
1633689443483 0.7753060728877851 106
