1633685965891 0.6780722958987001 1
1633685999592 0.7195807815637231 2
1633686034504 0.7489078534262607 3
1633686069772 0.7721563445218125 4
1633686103885 0.7820501563977102 5
1633686137771 0.808554172927194 6
1633686171558 0.7809304285641249 7
1633686204298 0.8233901265000432 8
1633686238461 0.8006341919582178 9
1633686271239 0.7910736848349749 10
1633686303965 0.8297001059993223 11
1633686338218 0.8349603333783543 12
1633686372945 0.8027638891820269 13
1633686405723 0.8336779993756439 14
1633686439483 0.8386512850971557 15
1633686473507 0.7961486594161915 16
1633686506174 0.840096024157268 17
1633686540072 0.828029021147514 18
1633686572485 0.8476351144930775 19
1633686609825 0.8482676048533309 20
1633686642308 0.8493334745077495 21
1633686674515 0.8167550057530171 22
1633686706779 0.8502698410385853 23
1633686739089 0.8351125426651841 24
1633686771362 0.8451100462434682 25
1633686803481 0.8423576345006466 26
1633686835666 0.8552806885100567 27
1633686869361 0.8518888695575368 28
1633686901744 0.854196197337268 29
1633686933877 0.859889106720963 30
1633686967939 0.8398225598932113 31
1633687000247 0.8478814220487823 32
1633687032625 0.857064749381674 33
1633687065400 0.8623497691396889 34
1633687097755 0.8463085756952118 35
1633687129960 0.8547920578139643 36
1633687162502 0.8517316556916142 37
1633687194847 0.8524854440895497 38
1633687227043 0.8460504550747946 39
1633687261791 0.8624900400896768 40
1633687295773 0.8627845858777093 41
1633687328342 0.8454550813133371 42
1633687360860 0.866170707197024 43
1633687393289 0.8549347464889809 44
1633687425457 0.8633996592340982 45
1633687457637 0.8631301994779433 46
1633687489977 0.8452778491352094 47
1633687522608 0.8549836518774524 48
1633687555038 0.8425043108365066 49
1633687587220 0.860715697524396 50
1633687621154 0.8629786460455365 51
1633687653501 0.8603722898295435 52
1633687685936 0.8635785530778591 53
1633687718421 0.8604997087151575 54
1633687751199 0.8630989873423267 55
1633687783846 0.8676595428017551 56
1633687817703 0.8717543572535799 57
1633687851631 0.8610331127988545 58
1633687883969 0.8640386298609234 59
1633687918977 0.857262767566045 60
1633687951524 0.868069272544015 61
1633687984070 0.867147129791734 62
1633688016966 0.862047293506186 63
1633688049358 0.8636431628478541 64
1633688081806 0.8579319164235507 65
1633688114399 0.8638994076513613 66
1633688147126 0.8688663634358792 67
1633688179490 0.8586920071849202 68
1633688212005 0.8574828943547306 69
1633688244989 0.8755968238824361 70
1633688277797 0.8726262927752664 71
1633688310573 0.8680141801323661 72
1633688343524 0.8709260972959487 73
1633688376388 0.8652662042113723 74
1633688408886 0.8649460231516635 75
1633688441726 0.8690486016400236 76
1633688474743 0.8737106145191351 77
1633688507358 0.8518146884088943 78
1633688539964 0.8619352236041138 79
1633688575788 0.8570413519718422 80
1633688609062 0.8681200669861154 81
1633688642222 0.8660921008959038 82
1633688674997 0.8680120574384471 83
1633688707970 0.862847806481957 84
1633688741044 0.8713881065506642 85
1633688773983 0.8801644051208714 86
1633688809055 0.8710967429268911 87
1633688842116 0.87133134449621 88
1633688875219 0.874799683983007 89
1633688908210 0.8733859499037404 90
1633688941179 0.8614442333466023 91
1633688974238 0.8756759099151709 92
1633689007006 0.8747618795992556 93
1633689039913 0.8759173824610369 94
1633689072794 0.8681877998487584 95
1633689105990 0.8695062595654496 96
1633689138880 0.875347003847135 97
1633689171794 0.8747572889433837 98
1633689204934 0.8673218506008413 99
1633689240466 0.8710728412172631 100
1633689273581 0.8619143682951614 101
1633689307515 0.8630353188006971 102
1633689340765 0.876115709128937 103
1633689374498 0.8806507110673363 104
1633689408255 0.8634506558946513 105
1633689441903 0.8829584634867305 106
1633689478730 0.864818532878884 107
1633689512531 0.8804221511035636 108
1633689545823 0.8747008043282791 109
1633689579229 0.8519162626555615 110
1633689612747 0.873360682436433 111
1633689646339 0.8621080796175349 112
1633689680158 0.875876513413326 113
1633689713795 0.8756061132366303 114
1633689747417 0.8661335416776694 115
1633689780801 0.8749552740165693 116
1633689814733 0.8790583358287101 117
1633689848446 0.8714442025080584 118
1633689882134 0.8690114998885697 119
1633689918267 0.8751407466105563 120
1633689952239 0.863491220082505 121
1633689985889 0.8775344366439515 122
1633690019475 0.878690041904338 123
1633690053509 0.8729821177844346 124
1633690086867 0.8771508014200722 125
1633690120409 0.8767832968044674 126
1633690153983 0.8709246945846584 127
1633690187910 0.8762529692986104 128
1633690221598 0.8696294066452461 129
1633690255461 0.8771728024326793 130
1633690289280 0.8655965197723305 131
1633690323223 0.873303329101933 132
1633690356989 0.8684012528623004 133
1633690390769 0.8770915891440598 134
1633690424549 0.8772499018361926 135
1633690458409 0.8466830623898491 136
1633690492227 0.8698820080159749 137
1633690526304 0.8759107172887446 138
1633690560006 0.872407809586266 139
1633690596667 0.8669568492615478 140
1633690630450 0.873480948109727 141
1633690664328 0.8798540343345821 142
1633690697781 0.8568057400497533 143
1633690732080 0.8804912863106553 144
1633690765823 0.8779300403072405 145
1633690799566 0.8716227998225948 146
1633690833456 0.8754641901549879 147
1633690867259 0.8709789682170248 148
1633690901068 0.8706365794291917 149
1633690935123 0.8722574217528489 150
1633690969121 0.8693025008939774 151
1633691002588 0.8693492016631176 152
1633691036473 0.878119901776658 153
1633691070406 0.8650273018300455 154
1633691105494 0.868835981944483 155
1633691140804 0.8518733761999968 156
1633691175823 0.8707556427264935 157
1633691211489 0.8634674601128628 158
1633691246646 0.8684180839559936 159
1633691283923 0.8698224303364968 160
1633691319114 0.8637081217067665 161
1633691353171 0.8738255616189574 162
1633691387214 0.8755919978311207 163
1633691421036 0.8728325348069005 164
1633691454864 0.8687135912942869 165
1633691488845 0.8720198438684431 166
1633691522894 0.8796230383049686 167
1633691556961 0.8769896349248545 168
1633691590826 0.8763272704774768 169
1633691624727 0.8720778368227239 170
1633691658491 0.873545763351935 171
1633691692539 0.8766531067564018 172
1633691726759 0.8711948683667455 173
1633691760529 0.872799082973635 174
1633691794514 0.8812241584696092 175
1633691828639 0.8774918273602327 176
1633691862544 0.8769953646295999 177
1633691896535 0.8759261351048439 178
1633691930490 0.869542998590799 179
1633691967570 0.8687067704661617 180
1633692001383 0.8699789949277472 181
