1633685965887 0.4412893914179746 1
1633685999588 0.5710432084480289 2
1633686034500 0.5830725281090441 3
1633686069768 0.7001912236926289 4
1633686103882 0.653254178934417 5
1633686137767 0.7482312080666881 6
1633686171554 0.6425110503223809 7
1633686204294 0.8218294441941736 8
1633686238458 0.7364330808170674 9
1633686271235 0.7720699565454711 10
1633686303961 0.7848626098546772 11
1633686338214 0.794908614683258 12
1633686372941 0.6887178938282186 13
1633686405719 0.7955479782938137 14
1633686439479 0.7947737966255047 15
1633686473503 0.8858972411784437 16
1633686506170 0.846722704424195 17
1633686540068 0.7625224478384253 18
1633686572481 0.8585227684060217 19
1633686609822 0.8898130831925397 20
1633686642304 0.88196853793653 21
1633686674511 0.738453173733093 22
1633686706775 0.8636681270206875 23
1633686739085 0.7838334381372688 24
1633686771358 0.8457812742124492 25
1633686803477 0.9130027325306199 26
1633686835662 0.8635202024221773 27
1633686869357 0.8542906724767684 28
1633686901740 0.8660191027098266 29
1633686933873 0.8487756474621999 30
1633686967935 0.8116971351653973 31
1633687000243 0.7996955229574684 32
1633687032621 0.8442646865513606 33
1633687065396 0.8911878721810546 34
1633687097751 0.8707257894444188 35
1633687129956 0.8535680662081688 36
1633687162498 0.8342348396953286 37
1633687194843 0.8939379722638763 38
1633687227040 0.860621614141615 39
1633687261787 0.8631464515808115 40
1633687295769 0.8620495127459825 41
1633687328338 0.8169745548227964 42
1633687360856 0.8726760362103481 43
1633687393285 0.8289878927032652 44
1633687425453 0.8653415408047292 45
1633687457633 0.8762869506454516 46
1633687489973 0.8459594527392658 47
1633687522604 0.8550396794670924 48
1633687555034 0.8010209856680179 49
1633687587216 0.8613059842383004 50
1633687621150 0.8618702977109243 51
1633687653497 0.8842866118938888 52
1633687685933 0.8771622855499659 53
1633687718417 0.8670600562678813 54
1633687751195 0.8702999548742217 55
1633687783842 0.8557950876319736 56
1633687817699 0.8783231845669455 57
1633687851628 0.8682880526585935 58
1633687883965 0.8494658976853237 59
1633687918973 0.8792582572642033 60
1633687951520 0.8780588451215415 61
1633687984067 0.8733933565663518 62
1633688016962 0.8526793806998296 63
1633688049354 0.8837796542743032 64
1633688081802 0.8302630972698459 65
1633688114395 0.8500786490610517 66
1633688147123 0.8571919169915944 67
1633688179487 0.8266493161907329 68
1633688212001 0.8819991746726453 69
1633688244985 0.8954135788370324 70
1633688277793 0.8794510911018174 71
1633688310569 0.8576061287264208 72
1633688343520 0.8810265957108562 73
1633688376384 0.8643010044947055 74
1633688408882 0.8900869042558408 75
1633688441722 0.8974633169623829 76
1633688474739 0.8877571641562131 77
1633688507355 0.8792299563089037 78
1633688539960 0.8325939375548593 79
1633688575784 0.8937657088937182 80
1633688609059 0.8980926085254821 81
1633688642218 0.8709427629251242 82
1633688674993 0.8567514803511719 83
1633688707966 0.8233563169748113 84
1633688741040 0.8701849517498824 85
1633688773979 0.8827848157602872 86
1633688809051 0.890472857879337 87
1633688842112 0.8726761293453491 88
1633688875215 0.8811163766082367 89
1633688908206 0.8811416608240936 90
1633688941175 0.8702421192106656 91
1633688974234 0.8792947429425606 92
1633689007003 0.891015754256563 93
1633689039909 0.8900200209642919 94
1633689072790 0.8613264716774166 95
1633689105986 0.8772824212042427 96
1633689138876 0.8972937784346151 97
1633689171791 0.8930317740649937 98
1633689204930 0.8570916473798834 99
1633689240462 0.8794783953905201 100
1633689273577 0.8313806795400115 101
1633689307511 0.8447948197061065 102
1633689340761 0.8638178150910595 103
1633689374494 0.8775583136104775 104
1633689408251 0.9076336943126544 105
1633689441899 0.8917971718636422 106
1633689478727 0.8949691893556718 107
1633689512528 0.8820330747001932 108
1633689545819 0.8710503506670134 109
1633689579225 0.8539525099981761 110
1633689612743 0.8803043460770025 111
1633689646335 0.8209076194192584 112
1633689680154 0.8790950230551362 113
1633689713791 0.9125916435860139 114
1633689747414 0.8284836800575649 115
1633689780797 0.8667018106750566 116
1633689814729 0.8807812001465571 117
1633689848442 0.8786052310965664 118
1633689882130 0.8546253296293066 119
1633689918263 0.865446340542651 120
1633689952235 0.8339262788244033 121
1633689985885 0.879537513534287 122
1633690019471 0.864671896194868 123
1633690053505 0.8897904105026165 124
1633690086863 0.889374906820267 125
1633690120405 0.8809706301294141 126
1633690153979 0.8833652735004103 127
1633690187906 0.8802093831000816 128
1633690221594 0.8639142231789272 129
1633690255457 0.8710358438023146 130
1633690289276 0.8655122064437372 131
1633690323219 0.8548245751066392 132
1633690356986 0.8526692178571522 133
1633690390765 0.8552494680922891 134
1633690424545 0.8588662657585541 135
1633690458405 0.8890024658567477 136
1633690492223 0.857156647547324 137
1633690526300 0.8792396615512513 138
1633690560002 0.8691326889474948 139
1633690596663 0.8507135903842146 140
1633690630446 0.8726411399358359 141
1633690664325 0.867469280662562 142
1633690697777 0.8201004433593477 143
1633690732077 0.8814695389811413 144
1633690765820 0.8938027236782263 145
1633690799563 0.8609209283377716 146
1633690833452 0.8736117962320349 147
1633690867254 0.8594812218779729 148
1633690901064 0.8685115008664201 149
1633690935119 0.8742303172528811 150
1633690969117 0.8409418260218716 151
1633691002584 0.8747620009708232 152
1633691036470 0.8961803653016115 153
1633691070403 0.8394400623586078 154
1633691105490 0.8382410722878803 155
1633691140800 0.8201123860468997 156
1633691175819 0.8694929309508036 157
1633691211486 0.8366144428176494 158
1633691246643 0.8656368378218663 159
1633691283919 0.8719534451922732 160
1633691319110 0.8369056959518253 161
1633691353167 0.8815648042016426 162
1633691387210 0.8697527948929269 163
1633691421033 0.8513134786475091 164
1633691454860 0.8556757399763096 165
1633691488841 0.8815733880586124 166
1633691522890 0.8821849076607641 167
1633691556957 0.8927622913109013 168
1633691590822 0.8670643564595638 169
1633691624724 0.8903843369041842 170
1633691658487 0.8660277151119757 171
1633691692535 0.8542885871656478 172
1633691726755 0.8809201796716989 173
1633691760525 0.869778844228968 174
1633691794511 0.8620072352999587 175
1633691828635 0.8760127387824037 176
1633691862540 0.8892101343865133 177
1633691896531 0.8609607138835622 178
1633691930486 0.8559468523801599 179
1633691967566 0.8702508957323986 180
1633692001379 0.8440612337720745 181
