1633685966329 0.4412893914179746 1
1633686000547 0.5710432084480289 2
1633686035481 0.5830725281090441 3
1633686070796 0.7001912236926289 4
1633686104815 0.653254178934417 5
1633686138720 0.7482312080666881 6
1633686205330 0.8218294441941736 8
1633686304947 0.7848626098546772 11
1633686339193 0.794908614683258 12
1633686406706 0.7955479782938137 14
1633686440465 0.7947737966255047 15
1633686507076 0.846722704424195 17
1633686573468 0.8585227684060217 19
1633686836632 0.8635202024221773 27
1633686934965 0.8487756474621999 30
1633687262859 0.8631464515808115 40
1633687588298 0.8613059842383004 50
1633687784934 0.8557950876319736 56
1633687818796 0.8783231845669455 57
1633688775311 0.8827848157602872 86
1633689443481 0.8917971718636422 106
