1633685966332 0.6780722958987001 1
1633686000551 0.7195807815637231 2
1633686035485 0.7489078534262607 3
1633686070799 0.7721563445218125 4
1633686104819 0.7820501563977102 5
1633686138723 0.808554172927194 6
1633686205333 0.8233901265000432 8
1633686304951 0.8297001059993223 11
1633686339197 0.8349603333783543 12
1633686406709 0.8336779993756439 14
1633686440468 0.8386512850971557 15
1633686507080 0.840096024157268 17
1633686573471 0.8476351144930775 19
1633686836636 0.8552806885100567 27
1633686934969 0.859889106720963 30
1633687262863 0.8624900400896768 40
1633687588302 0.860715697524396 50
1633687784938 0.8676595428017551 56
1633687818800 0.8717543572535799 57
1633688775314 0.8801644051208714 86
1633689443484 0.8829584634867305 106
