1633685965888 0.9026836503254524 1
1633685999589 0.8461229859008566 2
1633686034501 0.8924478703575147 3
1633686069768 0.7969475061099782 4
1633686103882 0.8918907213582502 5
1633686137767 0.8436186731768652 6
1633686171555 0.9051678280258014 7
1633686204295 0.7842030820950534 8
1633686238458 0.8388662932683267 9
1633686271236 0.7617871748349473 10
1633686303961 0.8486863299651222 11
1633686338215 0.848504275027187 12
1633686372942 0.901589946888277 13
1633686405720 0.8420944681894584 14
1633686439480 0.8555403288583078 15
1633686473504 0.6249473841891012 16
1633686506171 0.7948384122169226 17
1633686540069 0.8723693690456692 18
1633686572481 0.8040425914921971 19
1633686609822 0.753688119776853 20
1633686642304 0.7775984609299493 21
1633686674511 0.8750336742480626 22
1633686706775 0.801312593376646 23
1633686739085 0.8656262649028155 24
1633686771359 0.8048418256055432 25
1633686803478 0.7160658659385162 26
1633686835663 0.8156266277967562 27
1633686869358 0.8203580924849845 28
1633686901741 0.8064706346204966 29
1633686933873 0.8427372318374772 30
1633686967936 0.8430251492979155 31
1633687000244 0.873047751274183 32
1633687032622 0.8387677749746628 33
1633687065397 0.7935281054131192 34
1633687097752 0.7828029116086038 35
1633687129957 0.8281110021791762 36
1633687162499 0.8391836605027354 37
1633687194844 0.7627922885704037 38
1633687227040 0.7962805799654085 39
1633687261788 0.8348977535326809 40
1633687295770 0.8384899862471779 41
1633687328339 0.8503062070624897 42
1633687360857 0.8311231461603057 43
1633687393285 0.8565732169855473 44
1633687425454 0.8316852779688938 45
1633687457633 0.8122840139121074 46
1633687489974 0.8011373614685657 47
1633687522605 0.8285781085347043 48
1633687555035 0.86523012847054 49
1633687587216 0.8343019423848236 50
1633687621151 0.8418994464321344 51
1633687653497 0.799930307686454 52
1633687685933 0.8166304283357011 53
1633687718418 0.8255904132390827 54
1633687751196 0.8192982360283159 55
1633687783843 0.8566618412411057 56
1633687817699 0.8406729485470824 57
1633687851628 0.8162287480621675 58
1633687883966 0.8551714511622777 59
1633687918974 0.7932453221946285 60
1633687951521 0.8253580069997423 61
1633687984067 0.8256391660370856 62
1633688016962 0.8462317425732755 63
1633688049354 0.809776650051586 64
1633688081802 0.8651565719594979 65
1633688114396 0.8558532566621486 66
1633688147123 0.8565318471303731 67
1633688179487 0.8684527008569126 68
1633688212002 0.7853407290045955 69
1633688244986 0.8254107403598998 70
1633688277794 0.8371743559664447 71
1633688310570 0.8532348091520721 72
1633688343520 0.834130777945692 73
1633688376385 0.835523859455487 74
1633688408882 0.7949075767350596 75
1633688441723 0.801698769092224 76
1633688474740 0.8244547854903582 77
1633688507355 0.7749740730721534 78
1633688539961 0.8681564357909655 79
1633688575785 0.7646113965097031 80
1633688609059 0.7967472158077997 81
1633688642219 0.8254823769041768 82
1633688674993 0.8572231166520895 83
1633688707967 0.8856296001822338 84
1633688741041 0.8440209143642007 85
1633688773980 0.8519228156365009 86
1633688809052 0.8227225401813208 87
1633688842113 0.8462595738248851 88
1633688875216 0.8402530047572344 89
1633688908207 0.8324232946757609 90
1633688941175 0.822379731368304 91
1633688974235 0.8441992158717473 92
1633689007003 0.8319857223497907 93
1633689039910 0.8306897660747458 94
1633689072791 0.8533573754468718 95
1633689105986 0.8186364485846104 96
1633689138877 0.8213210835789075 97
1633689171791 0.8267709971552862 98
1633689204930 0.8557177668459169 99
1633689240463 0.8325421233702937 100
1633689273578 0.8716536484003616 101
1633689307512 0.8606776855386831 102
1633689340762 0.8661159996861383 103
1633689374495 0.8597159273649952 104
1633689408252 0.7727754247142535 105
1633689441900 0.8497317564006233 106
1633689478727 0.8053531560890816 107
1633689512528 0.855785745442558 108
1633689545820 0.8539206322331113 109
1633689579226 0.7945531713765082 110
1633689612744 0.840736781235447 111
1633689646336 0.8851604145996093 112
1633689680155 0.8469397277084357 113
1633689713792 0.8075330982635454 114
1633689747414 0.8843532406680392 115
1633689780798 0.8588438552241479 116
1633689814729 0.8539534582800581 117
1633689848443 0.8339674982854192 118
1633689882131 0.8630963487385832 119
1633689918264 0.863876390435191 120
1633689952236 0.8756764480845067 121
1633689985885 0.8460137676206125 122
1633690019471 0.8712013047532795 123
1633690053506 0.8211075149308853 124
1633690086864 0.837535490425393 125
1633690120406 0.8489779742226429 126
1633690153980 0.8228848179786445 127
1633690187907 0.843637658665105 128
1633690221595 0.852284886499196 129
1633690255457 0.8591822028743643 130
1633690289277 0.8392708469834393 131
1633690323220 0.8700323826856738 132
1633690356986 0.8573169899128964 133
1633690390765 0.8746536154654572 134
1633690424546 0.8753733664780258 135
1633690458405 0.7399358032832052 136
1633690492223 0.8609831083372667 137
1633690526301 0.8470297867224001 138
1633690560003 0.8481492525746925 139
1633690596664 0.8609108896564297 140
1633690630447 0.8496324327572724 141
1633690664325 0.8715964777019399 142
1633690697778 0.8738107233261572 143
1633690732077 0.8565841676641585 144
1633690765820 0.8339284610725484 145
1633690799563 0.8598310868661838 146
1633690833452 0.8522635236796527 147
1633690867255 0.8619837010988707 148
1633690901064 0.8455586822434439 149
1633690935120 0.8392715046549087 150
1633690969118 0.877415098150547 151
1633691002585 0.835748223524515 152
1633691036470 0.8234936839434729 153
1633691070403 0.8726495931564268 154
1633691105491 0.8804310987488799 155
1633691140800 0.8536917065889583 156
1633691175819 0.8488394492258577 157
1633691211486 0.86655417642734 158
1633691246643 0.8475672380316152 159
1633691283920 0.8424694286558385 160
1633691319110 0.8710537282080572 161
1633691353168 0.8338504889499595 162
1633691387211 0.8586194632194063 163
1633691421033 0.8661749604823341 164
1633691454860 0.8613909738873557 165
1633691488841 0.8341404071430023 166
1633691522890 0.8498902622856516 167
1633691556957 0.8298534774264636 168
1633691590823 0.8623992804184016 169
1633691624724 0.8202906365599996 170
1633691658488 0.8577599642082303 171
1633691692536 0.8761049654385227 172
1633691726756 0.8282470411578586 173
1633691760525 0.8522006867803705 174
1633691794511 0.878131577677399 175
1633691828636 0.8527356184275432 176
1633691862541 0.8364389758416511 177
1633691896532 0.8696664820838337 178
1633691930487 0.8605252996295732 179
1633691967566 0.8406468290015378 180
1633692001380 0.8744844695719841 181
