1633685966329 0.9026836503254524 1
1633686000548 0.8461229859008566 2
1633686035482 0.8924478703575147 3
1633686070796 0.7969475061099782 4
1633686104816 0.8918907213582502 5
1633686138720 0.8436186731768652 6
1633686205330 0.7842030820950534 8
1633686304948 0.8486863299651222 11
1633686339194 0.848504275027187 12
1633686406706 0.8420944681894584 14
1633686440465 0.8555403288583078 15
1633686507076 0.7948384122169226 17
1633686573468 0.8040425914921971 19
1633686836633 0.8156266277967562 27
1633686934966 0.8427372318374772 30
1633687262859 0.8348977535326809 40
1633687588299 0.8343019423848236 50
1633687784934 0.8566618412411057 56
1633687818797 0.8406729485470824 57
1633688775311 0.8519228156365009 86
1633689443481 0.8497317564006233 106
