1633685965891 0.8526985794714999 1
1633685999592 0.8759987669154441 2
1633686034504 0.9081570600866701 3
1633686069771 0.8783300035069896 4
1633686103885 0.9166465649433041 5
1633686137770 0.9016865795812953 6
1633686171558 0.9177962885517619 7
1633686204298 0.8823717432039317 8
1633686238461 0.8975454121943456 9
1633686271239 0.867547082006682 10
1633686303964 0.9091155124037671 11
1633686338217 0.9076798630893934 12
1633686372945 0.9216864359673099 13
1633686405722 0.9078918276934647 14
1633686439483 0.9138125500492871 15
1633686473506 0.8082480179540124 16
1633686506174 0.8893930862754659 17
1633686540072 0.917715036249608 18
1633686572484 0.8938279612930475 19
1633686609825 0.8714280243616539 20
1633686642307 0.8824529861485456 21
1633686674514 0.9165389499220982 22
1633686706778 0.8919268308268808 23
1633686739088 0.9161909405484437 24
1633686771362 0.893097878966002 25
1633686803480 0.8530972132239243 26
1633686835665 0.8991544469294116 27
1633686869361 0.8985157371268807 28
1633686901743 0.8955275786307734 29
1633686933876 0.9115200249245685 30
1633686967939 0.9089880445584214 31
1633687000246 0.9199758914216573 32
1633687032624 0.9086596911456031 33
1633687065399 0.8890971597941613 34
1633687097755 0.8833179547213798 35
1633687129959 0.904806038162635 36
1633687162502 0.9091340793679507 37
1633687194847 0.8761555757905825 38
1633687227043 0.8875664827501626 39
1633687261791 0.9079292082343227 40
1633687295773 0.907371219168095 41
1633687328342 0.9070268611548761 42
1633687360860 0.906089950898857 43
1633687393288 0.9149974009792851 44
1633687425457 0.907697354926299 45
1633687457636 0.89933920618134 46
1633687489977 0.8915325281157719 47
1633687522608 0.9038062555257667 48
1633687555038 0.9176290006809923 49
1633687587219 0.9084385742829729 50
1633687621154 0.9095186998768229 51
1633687653500 0.8924856149918974 52
1633687685936 0.9015353282021006 53
1633687718420 0.9020633669255382 54
1633687751198 0.9017087640215367 55
1633687783846 0.9171338801583625 56
1633687817702 0.9113025909987628 57
1633687851631 0.9005134022749489 58
1633687883968 0.9159479422119815 59
1633687918977 0.8892731461025688 60
1633687951524 0.9034674873879441 61
1633687984070 0.9057742033179982 62
1633688016965 0.912122330659381 63
1633688049357 0.8982261492587643 64
1633688081805 0.9194657292504949 65
1633688114398 0.9156235861984567 66
1633688147126 0.918027001289693 67
1633688179490 0.921411566652365 68
1633688212005 0.8859165904456872 69
1633688244989 0.9063868655317795 70
1633688277797 0.910505177784526 71
1633688310573 0.9154777906295481 72
1633688343523 0.9087634419484791 73
1633688376387 0.909579653863137 74
1633688408885 0.8909797766478034 75
1633688441725 0.8936587023103052 76
1633688474742 0.9047208314290506 77
1633688507358 0.8800408013422923 78
1633688539963 0.9196324119098316 79
1633688575787 0.8759765765024911 80
1633688609062 0.8914109374769347 81
1633688642222 0.9057169770305716 82
1633688674996 0.9172688355145501 83
1633688707970 0.9249707708284429 84
1633688741043 0.9132488335520578 85
1633688773982 0.9169388933536626 86
1633688809055 0.904288995435762 87
1633688842116 0.9123299601124739 88
1633688875219 0.9121865325534517 89
1633688908210 0.908122329372873 90
1633688941178 0.9012279491926993 91
1633688974237 0.9143646375870229 92
1633689007006 0.9079796198042566 93
1633689039912 0.9075705236824008 94
1633689072794 0.9151854214771009 95
1633689105989 0.9015197067516673 96
1633689138879 0.9029044734265638 97
1633689171794 0.9049566068643862 98
1633689204933 0.9157823833712067 99
1633689240466 0.9069997044140076 100
1633689273581 0.9217781132605216 101
1633689307515 0.9181313594419988 102
1633689340765 0.9219689639422984 103
1633689374498 0.9189244590913368 104
1633689408254 0.8814354169301515 105
1633689441902 0.915989318497151 106
1633689478730 0.8952588428565864 107
1633689512531 0.9183449127259397 108
1633689545822 0.9173866299550285 109
1633689579228 0.8884227733435534 110
1633689612747 0.9115540714433397 111
1633689646338 0.926850834191988 112
1633689680158 0.914334782658601 113
1633689713795 0.8982900481069297 114
1633689747417 0.9279901024040997 115
1633689780801 0.9200812063476693 116
1633689814732 0.9184814572038411 117
1633689848445 0.9083829022988053 118
1633689882133 0.9200912257026748 119
1633689918266 0.9193993554081309 120
1633689952238 0.9238760459778733 121
1633689985888 0.9145666677708463 122
1633690019474 0.9252222187678338 123
1633690053509 0.9027602454469009 124
1633690086866 0.9107550195782729 125
1633690120409 0.9150737239939055 126
1633690153982 0.9033749737797266 127
1633690187910 0.9136489305822727 128
1633690221597 0.9158076133654015 129
1633690255460 0.9207096199155652 130
1633690289280 0.9092323234442772 131
1633690323222 0.9250051591736327 132
1633690356989 0.9195582883349114 133
1633690390768 0.9260432516836734 134
1633690424548 0.9259589224254248 135
1633690458408 0.8648691252552687 136
1633690492226 0.9194967338216813 137
1633690526303 0.9156400803468071 138
1633690560005 0.9153242662111704 139
1633690596667 0.9193544679827107 140
1633690630450 0.9152637007762354 141
1633690664328 0.9234942780304243 142
1633690697780 0.9226377562605776 143
1633690732080 0.9179238109772291 144
1633690765823 0.9088877806350567 145
1633690799566 0.9188386385860333 146
1633690833455 0.9153093648329219 147
1633690867258 0.9189418972047024 148
1633690901067 0.9139645332096825 149
1633690935122 0.9123420025872875 150
1633690969120 0.925524283635672 151
1633691002588 0.9090943863387704 152
1633691036473 0.9056150120649243 153
1633691070406 0.9223905660195977 154
1633691105494 0.9277082071997931 155
1633691140803 0.9147851281876553 156
1633691175822 0.9158940531592469 157
1633691211489 0.9218286842902931 158
1633691246646 0.9143853990265741 159
1633691283922 0.9118846211007894 160
1633691319113 0.9218715914796344 161
1633691353170 0.9092873064250072 162
1633691387213 0.9181944955181061 163
1633691421036 0.9241923599909623 164
1633691454863 0.9196510888017215 165
1633691488844 0.9074839351345984 166
1633691522893 0.9169637372308187 167
1633691556960 0.9079521945040018 168
1633691590826 0.9212528883631903 169
1633691624727 0.9024703871183788 170
1633691658490 0.9181093743511897 171
1633691692538 0.9273945941850547 172
1633691726758 0.9050855820416922 173
1633691760528 0.9153506526118721 174
1633691794514 0.9278797767658002 175
1633691828639 0.9173807042706222 176
1633691862543 0.9099206160880147 177
1633691896534 0.9235031166229449 178
1633691930490 0.9198781077009478 179
1633691967569 0.911163056824355 180
1633692001382 0.9255446064312676 181
