1633685966332 0.8526985794714999 1
1633686000550 0.8759987669154441 2
1633686035485 0.9081570600866701 3
1633686070799 0.8783300035069896 4
1633686104818 0.9166465649433041 5
1633686138723 0.9016865795812953 6
1633686205333 0.8823717432039317 8
1633686304950 0.9091155124037671 11
1633686339197 0.9076798630893934 12
1633686406709 0.9078918276934647 14
1633686440468 0.9138125500492871 15
1633686507079 0.8893930862754659 17
1633686573471 0.8938279612930475 19
1633686836636 0.8991544469294116 27
1633686934968 0.9115200249245685 30
1633687262862 0.9079292082343227 40
1633687588301 0.9084385742829729 50
1633687784937 0.9171338801583625 56
1633687818800 0.9113025909987628 57
1633688775314 0.9169388933536626 86
1633689443484 0.915989318497151 106
