1633685965888 0.8027170949597872 1
1633685999589 0.9058739270896252 2
1633686034501 0.9238534578165477 3
1633686069769 0.959698446010281 4
1633686103883 0.9413963984256035 5
1633686137768 0.9597508312376497 6
1633686171556 0.9304280252199457 7
1633686204296 0.9805317097646709 8
1633686238459 0.9562058588948367 9
1633686271237 0.9732997690754709 10
1633686303962 0.9695272803024242 11
1633686338215 0.966855728501633 12
1633686372943 0.9417934874321064 13
1633686405720 0.9736731989322309 14
1633686439481 0.9720816077559458 15
1633686473504 0.991531902552885 16
1633686506172 0.9839280356487686 17
1633686540069 0.9630563723252648 18
1633686572482 0.9835905255493215 19
1633686609823 0.9891411309866944 20
1633686642305 0.9872959302621164 21
1633686674512 0.9580319415447356 22
1633686706776 0.9825255213778122 23
1633686739086 0.9667564690488055 24
1633686771360 0.9813397001632815 25
1633686803478 0.9901115790281378 26
1633686835663 0.9826607086135134 27
1633686869359 0.9766628250183931 28
1633686901741 0.9845693419999809 29
1633686933874 0.9802810213395017 30
1633686967937 0.974931723837276 31
1633687000244 0.9669122755748845 32
1633687032622 0.9785429808110719 33
1633687065397 0.9846495002209142 34
1633687097752 0.9838296148134589 35
1633687129957 0.9814847789098089 36
1633687162499 0.9790690106533028 37
1633687194844 0.9894917321848014 38
1633687227041 0.9788451585626011 39
1633687261788 0.9809476650565976 40
1633687295770 0.9762537780843953 41
1633687328340 0.9637422646640196 42
1633687360858 0.9810463794170452 43
1633687393286 0.9734145896037347 44
1633687425454 0.9836908159628504 45
1633687457634 0.9863715389659641 46
1633687489974 0.9819182288938063 47
1633687522605 0.9790308700131769 48
1633687555036 0.9700172927046232 49
1633687587217 0.9825551893750688 50
1633687621151 0.9771339170820962 51
1633687653498 0.9850228412748013 52
1633687685934 0.9864199759925452 53
1633687718418 0.9785261590580373 54
1633687751196 0.9841046299368734 55
1633687783843 0.9776035460452429 56
1633687817700 0.9819169668893343 57
1633687851629 0.9847774738295807 58
1633687883966 0.9767084061343677 59
1633687918975 0.9852944865022708 60
1633687951522 0.9815678429561332 61
1633687984068 0.9858967178968451 62
1633688016963 0.9780056654447798 63
1633688049355 0.9866587754019649 64
1633688081803 0.973774043272743 65
1633688114396 0.975389847768435 66
1633688147124 0.9795131298662955 67
1633688179488 0.974360709185611 68
1633688212003 0.9864716665046356 69
1633688244987 0.9873396095984056 70
1633688277794 0.9838184474001416 71
1633688310570 0.9777170804077844 72
1633688343521 0.9833841005894298 73
1633688376385 0.9836157911120305 74
1633688408883 0.9870316262923153 75
1633688441723 0.9856073494123336 76
1633688474740 0.9849772249019688 77
1633688507356 0.9850997369622226 78
1633688539961 0.9711143868310625 79
1633688575785 0.9873232131101108 80
1633688609060 0.9860598721696717 81
1633688642219 0.985936110048779 82
1633688674994 0.9773105800321655 83
1633688707968 0.9643154039578697 84
1633688741041 0.9824562192083478 85
1633688773980 0.9819376819830326 86
1633688809053 0.9858369046810656 87
1633688842113 0.9783954358967762 88
1633688875216 0.9840948280453691 89
1633688908207 0.9837996107045323 90
1633688941176 0.9800625633329723 91
1633688974235 0.9845089301411165 92
1633689007004 0.9839593127226258 93
1633689039910 0.9844272144308603 94
1633689072792 0.9770084383668458 95
1633689105987 0.984397436163825 96
1633689138877 0.9844697831132382 97
1633689171792 0.9831294317183229 98
1633689204931 0.9758381154787801 99
1633689240464 0.9814558562744733 100
1633689273578 0.9718994694113849 101
1633689307512 0.9755797629360303 102
1633689340762 0.9778075574118643 103
1633689374496 0.9781241952428325 104
1633689408252 0.9900678224706649 105
1633689441900 0.9822292417558529 106
1633689478728 0.9851490302593123 107
1633689512529 0.9808936789234022 108
1633689545820 0.9808443716507288 109
1633689579226 0.9822818497796718 110
1633689612744 0.982363819643608 111
1633689646336 0.9685448340241188 112
1633689680156 0.9817169513051804 113
1633689713793 0.9890196417343912 114
1633689747415 0.9716270884995776 115
1633689780799 0.9813150879802479 116
1633689814730 0.9829995688193488 117
1633689848443 0.9827966002725451 118
1633689882131 0.9770786837624699 119
1633689918264 0.9749210683289196 120
1633689952236 0.9720806593034194 121
1633689985886 0.983108790874438 122
1633690019472 0.9792373626115696 123
1633690053506 0.9844014002638869 124
1633690086864 0.9839654657877214 125
1633690120406 0.9811514788260164 126
1633690153980 0.9838519449557345 127
1633690187908 0.9836408103162692 128
1633690221595 0.9793249291555881 129
1633690255458 0.9822132139737269 130
1633690289277 0.9791912269488726 131
1633690323220 0.9799701249862753 132
1633690356987 0.9817926071997888 133
1633690390766 0.9774311997787579 134
1633690424546 0.9765409896538456 135
1633690458406 0.9897860653558265 136
1633690492224 0.9779979662538832 137
1633690526301 0.9842299276853602 138
1633690560003 0.9824812922649527 139
1633690596664 0.9777953238902747 140
1633690630448 0.9808821721483398 141
1633690664326 0.9753711693656048 142
1633690697778 0.9714654090639367 143
1633690732078 0.9792587256282639 144
1633690765821 0.9838344921924729 145
1633690799564 0.9778414528769622 146
1633690833453 0.978350972041267 147
1633690867256 0.9758960928364596 148
1633690901065 0.982355268288227 149
1633690935120 0.98539017923837 150
1633690969118 0.9736271385507428 151
1633691002586 0.982436567634934 152
1633691036471 0.987721051667583 153
1633691070404 0.972129349177148 154
1633691105492 0.9749786609800146 155
1633691140801 0.9758740715792629 156
1633691175820 0.9829390408398224 157
1633691211487 0.977088559484871 158
1633691246644 0.9811947151853643 159
1633691283920 0.9812884523529475 160
1633691319111 0.9726873200610051 161
1633691353168 0.984700274793779 162
1633691387211 0.9777670068404238 163
1633691421034 0.9821924672826507 164
1633691454861 0.9779117349095988 165
1633691488842 0.9808231900903892 166
1633691522891 0.9840349931294843 167
1633691556958 0.9860298846443841 168
1633691590824 0.9801146551642462 169
1633691624725 0.9846479183419485 170
1633691658488 0.9784525986621315 171
1633691692536 0.9786779711389749 172
1633691726756 0.9819120003068514 173
1633691760526 0.9784981801546925 174
1633691794512 0.9776279370827122 175
1633691828637 0.9820225733154361 176
1633691862541 0.9833915331814123 177
1633691896532 0.977335334149439 178
1633691930488 0.979221010809382 179
1633691967567 0.9816571637671594 180
1633692001380 0.9765996890574211 181
