1633685966330 0.8027170949597872 1
1633686000548 0.9058739270896252 2
1633686035482 0.9238534578165477 3
1633686070797 0.959698446010281 4
1633686104816 0.9413963984256035 5
1633686138721 0.9597508312376497 6
1633686205331 0.9805317097646709 8
1633686304948 0.9695272803024242 11
1633686339194 0.966855728501633 12
1633686406707 0.9736731989322309 14
1633686440466 0.9720816077559458 15
1633686507077 0.9839280356487686 17
1633686573469 0.9835905255493215 19
1633686836633 0.9826607086135134 27
1633686934966 0.9802810213395017 30
1633687262860 0.9809476650565976 40
1633687588299 0.9825551893750688 50
1633687784935 0.9776035460452429 56
1633687818797 0.9819169668893343 57
1633688775312 0.9819376819830326 86
1633689443482 0.9822292417558529 106
