1633685962361 0.6267218305514409 0
1633685996134 0.5519132971763611 0
1633686031058 0.4885059755582076 0
1633686066300 0.4455807772966532 0
1633686100518 0.41009757427068855 0
1633686134342 0.3805422374835381 0
1633686168160 0.3448280371152438 0
1633686200888 0.3167389922417127 0
1633686235028 0.29722740879425635 0
1633686267819 0.2880102781149057 0
1633686300552 0.26224856537121993 0
1633686334714 0.25439165165791144 0
1633686369461 0.2357241330238489 0
1633686402316 0.23494994411101708 0
1633686436096 0.22662131488323212 0
1633686470037 0.21979307509385623 0
1633686502768 0.21335536654178913 0
1633686536681 0.20519070120958183 0
1633686569042 0.19121626042402706 0
1633686603469 0.19129752608445974 0
1633686638832 0.18854818458740527 0
1633686671048 0.18806580969920525 0
1633686703283 0.18433408805957208 0
1633686735638 0.18676816947185076 0
1633686767904 0.18095829876569602 0
1633686799983 0.1769818576482626 0
1633686832207 0.17756828872057107 0
1633686865916 0.17469350202725484 0
1633686898251 0.1689523647610958 0
1633686930400 0.17175392302183004 0
1633686964420 0.16526340658848102 0
1633686996754 0.16459795099038343 0
1633687029145 0.16403524451530896 0
1633687061917 0.16481731075506945 0
1633687094291 0.16130346128573783 0
1633687126504 0.16270896322452105 0
1633687159026 0.1581711883728321 0
1633687191352 0.16031504846536196 0
1633687223576 0.1513204500079155 0
1633687255620 0.16336003988981246 0
1633687292227 0.15240995448369246 0
1633687324775 0.15461247666524006 0
1633687357331 0.15065362189824766 0
1633687389759 0.1525415660097049 0
1633687421933 0.15053145266496218 0
1633687454102 0.14903268642150438 0
1633687486459 0.1544146593946677 0
1633687519047 0.14718806044413493 0
1633687551516 0.14704228192567825 0
1633687583693 0.14782755099810085 0
1633687617597 0.14416947937928715 0
1633687649964 0.14243870136829523 0
1633687682407 0.14669335587666585 0
1633687714812 0.14530214770482136 0
1633687747530 0.14057906247102298 0
1633687780308 0.136137411571466 0
1633687814160 0.13821241947320792 0
1633687848088 0.13541916070076135 0
1633687880440 0.13737835161961043 0
1633687912642 0.1362351901256121 0
1633687947962 0.13275488053376858 0
1633687980447 0.132349628668565 0
1633688013363 0.1385773486815966 0
1633688045742 0.13497622998861167 0
1633688078209 0.1348932697222783 0
1633688110790 0.13078104991179246 0
1633688143542 0.13173691297952944 0
1633688175893 0.12707231904451663 0
1633688208409 0.13183428839995312 0
1633688241417 0.1277721325938518 0
1633688274216 0.12558480489712495 0
1633688306979 0.12600079866556022 0
1633688339912 0.12250627256356753 0
1633688372801 0.12745972814468237 0
1633688405272 0.1239435403392865 0
1633688438128 0.1272038072347641 0
1633688471155 0.12697973721302472 0
1633688503791 0.1278182463004039 0
1633688536383 0.13011551476441896 0
1633688569221 0.12346625052965604 0
1633688605390 0.12439242314833861 0
1633688638590 0.12244119426378837 0
1633688671363 0.12221052233989423 0
1633688704338 0.12439353374334482 0
1633688737403 0.12316901832818986 0
1633688770338 0.11408722882087415 0
1633688805388 0.11774346324113699 0
1633688838491 0.11737824139686731 0
1633688871587 0.11637383561867934 0
1633688904567 0.11528012122099217 0
1633688937552 0.11527911711197633 0
1633688970584 0.11622069478034973 0
1633689003383 0.11823955533596185 0
1633689036242 0.11195183436457927 0
1633689069150 0.11693644867493556 0
1633689102358 0.1192511736200406 0
1633689135231 0.1158155953654876 0
1633689168159 0.11363630438080201 0
1633689201303 0.10929275716726597 0
1633689234066 0.11684652750308697 0
1633689269888 0.11493931813881947 0
1633689303782 0.11323984391414202 0
1633689337042 0.1121963864335647 0
1633689370764 0.10944855293402304 0
1633689404541 0.10913595075790698 0
1633689438228 0.11033652218488546 0
1633689475048 0.10941962404892995 0
1633689508848 0.10598259671376302 0
1633689542137 0.10987001720529337 0
1633689575555 0.1120547516987874 0
1633689609031 0.10657880638654416 0
1633689642645 0.10407920273450705 0
1633689676450 0.10891703779880817 0
1633689710098 0.1112541163770052 0
1633689743717 0.10270970274622623 0
1633689777120 0.10859673229547648 0
1633689811036 0.105689309995908 0
1633689844719 0.10244167630489055 0
1633689878460 0.0980921042080109 0
1633689911883 0.09940373141032 0
1633689948507 0.10446786479308055 0
1633689982155 0.10397782383056788 0
1633690015714 0.09839575072893729 0
1633690049748 0.10162583664059639 0
1633690083119 0.10709184236251391 0
1633690116616 0.09706081232199303 0
1633690150236 0.10289059023444469 0
1633690184152 0.10270476547571329 0
1633690217852 0.09553423512440462 0
1633690251692 0.09857330127404286 0
1633690285374 0.10071916757867887 0
1633690319472 0.09847539136042961 0
1633690353225 0.09664615965806521 0
1633690386966 0.09918100054447468 0
1633690420788 0.09962983945241341 0
1633690454645 0.09961370791380222 0
1633690488453 0.09881956193309564 0
1633690522555 0.09566069944546773 0
1633690556233 0.09907040378222098 0
1633690590247 0.09554510179620523 0
1633690626588 0.0931892036818541 0
1633690660524 0.09923755171207281 0
1633690693975 0.09371893319946069 0
1633690728279 0.09560139305316485 0
1633690762008 0.094266010591617 0
1633690795761 0.09203137245315772 0
1633690829654 0.08947566610116225 0
1633690863407 0.09552413259561245 0
1633690897257 0.09145150070007031 0
1633690931332 0.09105611277314332 0
1633690965323 0.0935503804912934 0
1633690998796 0.08966281557312379 0
1633691032639 0.0948688465815324 0
1633691066583 0.08838381836047539 0
1633691101543 0.08944639340043067 0
1633691136939 0.08835581065370486 0
1633691171885 0.09235447238271054 0
1633691207507 0.09049322679638863 0
1633691242752 0.08762054042174267 0
1633691277224 0.08655458522530703 0
1633691315045 0.09242312266276433 0
1633691349193 0.09111065239860461 0
1633691383241 0.08863963261246681 0
1633691417071 0.09100514128804207 0
1633691450834 0.0919179258438257 0
1633691484819 0.09013435777563315 0
1633691518925 0.0885522465293224 0
1633691553009 0.08938334022576992 0
1633691586828 0.08441057732472053 0
1633691620754 0.08358746193922482 0
1633691654519 0.08703855035396722 0
1633691688577 0.08499879315495491 0
1633691722791 0.08565822673531678 0
1633691756556 0.08707708613230632 0
1633691790519 0.0864182942188703 0
1633691824631 0.08730990886688232 0
1633691858582 0.0846246518767797 0
1633691892581 0.08298390490504412 0
1633691926534 0.08513353340900862 0
1633691960875 0.08094729953087293 0
1633691997466 0.08166509287861677 0
