1633513825755 0.8330256144205729 1
1633513851411 0.9128182151100852 2
1633513877614 0.9355047977331913 3
1633513904001 0.9322784886215673 4
1633513929796 0.9391974246863163 5
1633513955384 0.9457399772875237 6
1633513980789 0.9497026385683002 7
1633514006622 0.9527476917613636 8
1633514032292 0.9562116680723248 9
1633514058573 0.9542890606504498 10
1633514084769 0.9565899010860559 11
1633514110533 0.9559770063920454 12
1633514136668 0.9526593757398201 13
1633514162157 0.9589228774562026 14
1633514188198 0.960889874082623 15
1633514213885 0.9553185665246212 16
1633514239129 0.9600934115323153 17
1633514264716 0.9615735140713778 18
1633514290538 0.9572275335138495 19
1633514318748 0.9619314020330255 20
1633514343588 0.9613282174775095 21
1633514368977 0.960826064601089 22
1633514394334 0.9627001213304924 23
1633514420404 0.9616578997987689 24
1633514446007 0.9613998875473485 25
1633514470795 0.9633389097271543 26
1633514495832 0.9637626879142992 27
1633514521558 0.9606307058623342 28
1633514546335 0.964773467092803 29
1633514571990 0.961835919004498 30
1633514597019 0.962278192693537 31
1633514622190 0.9612294977361505 32
1633514647187 0.963387460419626 33
1633514671940 0.9652918035333807 34
1633514697215 0.9657944187973485 35
1633514722650 0.9624032685250947 36
1633514747584 0.9649269797585227 37
1633514772571 0.963609637636127 38
1633514797420 0.9613413955226089 39
1633514825334 0.9640435883493135 40
1633514850509 0.9642699270537405 41
1633514876187 0.9617041385535038 42
1633514901438 0.9641864661014441 43
1633514926453 0.9633691961115057 44
1633514951625 0.9643154722271543 45
1633514976698 0.9618675925514915 46
1633515001742 0.9645954478870739 47
1633515027153 0.964774160674124 48
1633515052305 0.9619628443862452 49
1633515077488 0.9638815215139678 50
1633515102703 0.9609943736683239 51
