1633513825943 0.8330256144205729 1
1633513851791 0.9128182151100852 2
1633513877987 0.9355047977331913 3
1633513904365 0.9322784886215673 4
1633513930168 0.9391974246863163 5
1633513955748 0.9457399772875237 6
1633513981147 0.9497026385683002 7
1633514006978 0.9527476917613636 8
1633514032679 0.9562116680723248 9
1633514058938 0.9542890606504498 10
1633514085129 0.9565899010860559 11
1633514110893 0.9559770063920454 12
1633514162520 0.9589228774562026 14
1633514188563 0.960889874082623 15
1633514239495 0.9600934115323153 17
1633514265112 0.9615735140713778 18
1633514343998 0.9613282174775095 21
1633514394767 0.9627001213304924 23
1633514496254 0.9637626879142992 27
1633514546813 0.964773467092803 29
1633514672337 0.9652918035333807 34
1633514697614 0.9657944187973485 35
