1633513825760 0.45699833142314045 1
1633513851415 0.6631541555398731 2
1633513877618 0.6980578305666192 3
1633513904005 0.7030604189460259 4
1633513929800 0.7147253725003825 5
1633513955387 0.7468767532088034 6
1633513980793 0.7489800333465042 7
1633514006626 0.7831727000068143 8
1633514032296 0.7906617895182462 9
1633514058577 0.7927066060244325 10
1633514084773 0.8010264966838538 11
1633514110537 0.8011625959566814 12
1633514136672 0.7827826695687763 13
1633514162161 0.803132305901828 14
1633514188202 0.8108888371104989 15
1633514213888 0.7914927622449855 16
1633514239132 0.8144596777182008 17
1633514264720 0.8198137296039288 18
1633514290542 0.8121808400479287 19
1633514318751 0.8191046566736923 20
1633514343592 0.8209876822529072 21
1633514368981 0.8199873402726859 22
1633514394337 0.8294900638909896 23
1633514420408 0.8275825564668644 24
1633514446011 0.823293000909817 25
1633514470799 0.8271082746460805 26
1633514495835 0.8321065160528861 27
1633514521562 0.8233010656421125 28
1633514546339 0.8336061935875838 29
1633514571994 0.8295003495419804 30
1633514597023 0.8285454954499532 31
1633514622194 0.8271409927385078 32
1633514647191 0.8307872562538571 33
1633514671944 0.8364733580770454 34
1633514697219 0.8386424003512972 35
1633514722654 0.8180605891942537 36
1633514747588 0.8338806605541645 37
1633514772575 0.8345488843886626 38
1633514797423 0.820947092169608 39
1633514825338 0.8354733317245235 40
1633514850513 0.8324956371649197 41
1633514876191 0.8219803948761383 42
1633514901442 0.8371641066280177 43
1633514926457 0.8317761894443183 44
1633514951629 0.8284443874769256 45
1633514976702 0.8310535096137244 46
1633515001746 0.8307246571376339 47
1633515027156 0.8320923696486238 48
1633515052309 0.8262483615272155 49
1633515077492 0.8303132618912468 50
1633515102707 0.8288109104792701 51
