1633513825947 0.45699833142314045 1
1633513851794 0.6631541555398731 2
1633513877990 0.6980578305666192 3
1633513904368 0.7030604189460259 4
1633513930171 0.7147253725003825 5
1633513955751 0.7468767532088034 6
1633513981150 0.7489800333465042 7
1633514006981 0.7831727000068143 8
1633514032682 0.7906617895182462 9
1633514058940 0.7927066060244325 10
1633514085132 0.8010264966838538 11
1633514110896 0.8011625959566814 12
1633514162523 0.803132305901828 14
1633514188566 0.8108888371104989 15
1633514239498 0.8144596777182008 17
1633514265115 0.8198137296039288 18
1633514344001 0.8209876822529072 21
1633514394770 0.8294900638909896 23
1633514496257 0.8321065160528861 27
1633514546816 0.8336061935875838 29
1633514672340 0.8364733580770454 34
1633514697617 0.8386424003512972 35
