1633513825759 0.5459165588041135 1
1633513851414 0.6919869449111721 2
1633513877617 0.7170710788699901 3
1633513904004 0.7111415731867847 4
1633513929799 0.7285231596142894 5
1633513955386 0.7525781024699393 6
1633513980792 0.7723856593885825 7
1633514006625 0.79829186409961 8
1633514032295 0.799749856064433 9
1633514058576 0.7987578014902679 10
1633514084772 0.80714120276541 11
1633514110536 0.8134881743560151 12
1633514136671 0.797894304116436 13
1633514162160 0.8123637117167916 14
1633514188201 0.8265430617651417 15
1633514213887 0.8098995706692874 16
1633514239131 0.8334006004558334 17
1633514264719 0.8324262485209125 18
1633514290541 0.8183806937887526 19
1633514318750 0.8381536021777316 20
1633514343591 0.8400804190494864 21
1633514368980 0.832602530123035 22
1633514394336 0.855411628387583 23
1633514420407 0.8468286624312102 24
1633514446010 0.8424393497681849 25
1633514470798 0.8463433508006404 26
1633514495834 0.8547708958675562 27
1633514521561 0.8490292239434284 28
1633514546338 0.8496989772475758 29
1633514571993 0.8487910553452822 30
1633514597022 0.8544375421827642 31
1633514622193 0.8496701248364438 32
1633514647190 0.8567493580117901 33
1633514671943 0.8659959471856469 34
1633514697218 0.858145711987374 35
1633514722653 0.8436249826065741 36
1633514747587 0.8565933633708148 37
1633514772574 0.8539569979790965 38
1633514797422 0.8532678438298287 39
1633514825337 0.8683659825798196 40
1633514850512 0.8551706156091006 41
1633514876190 0.8476672822160176 42
1633514901441 0.8566330393402972 43
1633514926456 0.8544315720361869 44
1633514951628 0.8610603082437338 45
1633514976701 0.8570239317891533 46
1633515001745 0.8533513987717328 47
1633515027155 0.8648519117607743 48
1633515052308 0.8621722033327466 49
1633515077490 0.8562605513253483 50
1633515102706 0.851385526718005 51
