1633513825946 0.5459165588041135 1
1633513851793 0.6919869449111721 2
1633513877989 0.7170710788699901 3
1633513904367 0.7111415731867847 4
1633513930170 0.7285231596142894 5
1633513955750 0.7525781024699393 6
1633513981149 0.7723856593885825 7
1633514006980 0.79829186409961 8
1633514032681 0.799749856064433 9
1633514058940 0.7987578014902679 10
1633514085131 0.80714120276541 11
1633514110895 0.8134881743560151 12
1633514162522 0.8123637117167916 14
1633514188565 0.8265430617651417 15
1633514239497 0.8334006004558334 17
1633514265114 0.8324262485209125 18
1633514344000 0.8400804190494864 21
1633514394769 0.855411628387583 23
1633514496256 0.8547708958675562 27
1633514546815 0.8496989772475758 29
1633514672339 0.8659959471856469 34
1633514697616 0.858145711987374 35
