1633513825762 5.789701369783218 1
1633513851416 5.141979181832643 2
1633513877619 4.809634154148523 3
1633513904006 4.940965624577986 4
1633513929801 4.6542294936795505 5
1633513955389 4.504714238787496 6
1633513980794 4.314210526717015 7
1633514006627 4.043127888076394 8
1633514032297 4.078548726223256 9
1633514058578 4.0880715798478064 10
1633514084774 4.0852273866725115 11
1633514110538 4.00211425232243 12
1633514136673 4.075056480677262 13
1633514162162 3.950632382721092 14
1633514188203 3.8284512814223963 15
1633514213890 4.104258195635038 16
1633514239134 3.754279156681806 17
1633514264721 3.8406639435262697 18
1633514290543 3.951113463897674 19
1633514318753 3.7865441445911263 20
1633514343594 3.839146201351549 21
1633514368982 3.823471412928031 22
1633514394339 3.7778163260398103 23
1633514420409 3.8196265454183678 24
1633514446013 3.792343052632479 25
1633514470800 3.7828806349324946 26
1633514495836 3.7377275380789747 27
1633514521563 3.835252434694532 28
1633514546340 3.7202864942877203 29
1633514571995 3.772937636458835 30
1633514597024 3.754814812483357 31
1633514622195 3.7527791343664587 32
1633514647192 3.730124259340163 33
1633514671945 3.6929027526750726 34
1633514697221 3.6681547286127416 35
1633514722655 3.810174134862855 36
1633514747589 3.691960264486276 37
1633514772577 3.700805256244056 38
1633514797425 3.7731920243932193 39
1633514825339 3.6866019219941317 40
1633514850514 3.7101763482118493 41
1633514876192 3.7653162407276346 42
1633514901444 3.713864036812014 43
1633514926458 3.7540357808764755 44
1633514951630 3.6623940934315957 45
1633514976703 3.737589518591158 46
1633515001747 3.657074461587713 47
1633515027158 3.6384493383094667 48
1633515052310 3.7041285886256365 49
1633515077493 3.6842948712841714 50
1633515102709 3.784232848007234 51
