1633513825948 5.789701369783218 1
1633513851795 5.141979181832643 2
1633513877991 4.809634154148523 3
1633513904369 4.940965624577986 4
1633513930172 4.6542294936795505 5
1633513955752 4.504714238787496 6
1633513981151 4.314210526717015 7
1633514006982 4.043127888076394 8
1633514032684 4.078548726223256 9
1633514058942 4.0880715798478064 10
1633514085133 4.0852273866725115 11
1633514110897 4.00211425232243 12
1633514162524 3.950632382721092 14
1633514188567 3.8284512814223963 15
1633514239499 3.754279156681806 17
1633514265116 3.8406639435262697 18
1633514344002 3.839146201351549 21
1633514394772 3.7778163260398103 23
1633514496258 3.7377275380789747 27
1633514546817 3.7202864942877203 29
1633514672341 3.6929027526750726 34
1633514697619 3.6681547286127416 35
