1633513825946 0.3666366991865646 1
1633513851793 0.5594392282798142 2
1633513877989 0.5985136982265764 3
1633513904367 0.5992606707872443 4
1633513930170 0.6136218335652275 5
1633513955750 0.6513205333128927 6
1633513981149 0.6524372512270212 7
1633514006981 0.697444662262196 8
1633514032682 0.6986198761624999 9
1633514058940 0.7043220213937449 10
1633514085131 0.7161209182259499 11
1633514110895 0.7191939454164745 12
1633514162522 0.7236068237849783 14
1633514188565 0.7362869587062689 15
1633514239497 0.7364396679206979 17
1633514265114 0.743429090065894 18
1633514344000 0.7454297129134482 21
1633514394770 0.7551434712247097 23
1633514496256 0.7583666466097055 27
1633514546815 0.7606368276411549 29
1633514672340 0.7632104762291547 34
1633514697617 0.764632464400675 35
