1633513825760 0.3666366991865646 1
1633513851414 0.5594392282798142 2
1633513877617 0.5985136982265764 3
1633513904005 0.5992606707872443 4
1633513929800 0.6136218335652275 5
1633513955387 0.6513205333128927 6
1633513980792 0.6524372512270212 7
1633514006625 0.697444662262196 8
1633514032295 0.6986198761624999 9
1633514058576 0.7043220213937449 10
1633514084773 0.7161209182259499 11
1633514110536 0.7191939454164745 12
1633514136671 0.697701352851128 13
1633514162161 0.7236068237849783 14
1633514188202 0.7362869587062689 15
1633514213888 0.7133690726146938 16
1633514239132 0.7364396679206979 17
1633514264720 0.743429090065894 18
1633514290541 0.7301129249220553 19
1633514318751 0.7439009471856987 20
1633514343592 0.7454297129134482 21
1633514368981 0.7428492112340682 22
1633514394337 0.7551434712247097 23
1633514420407 0.7524080088065372 24
1633514446010 0.7468759171626179 25
1633514470798 0.7537218911440918 26
1633514495835 0.7583666466097055 27
1633514521561 0.750708150216876 28
1633514546338 0.7606368276411549 29
1633514571993 0.7539903494390875 30
1633514597022 0.7561087244665913 31
1633514622193 0.7560714138076227 32
1633514647190 0.7558798840284872 33
1633514671943 0.7632104762291547 34
1633514697219 0.764632464400675 35
1633514722653 0.7432862531249212 36
1633514747588 0.7632859456813537 37
1633514772575 0.7633428413835069 38
1633514797423 0.7513679983032375 39
1633514825337 0.7627843673444183 40
1633514850512 0.7612211081667969 41
1633514876190 0.7479593345202797 42
1633514901442 0.7669249080629271 43
1633514926456 0.7599696787816473 44
1633514951629 0.7568689557323537 45
1633514976701 0.7613909141275204 46
1633515001745 0.7588744088553371 47
1633515027156 0.7635909696479011 48
1633515052309 0.7567656022905588 49
1633515077491 0.7598981431180862 50
1633515102707 0.756255583839547 51
