1633513825757 0.46475699377152635 1
1633513851412 0.6139931994008544 2
1633513877615 0.667572025504584 3
1633513904002 0.6724348506661634 4
1633513929797 0.6944235420397544 5
1633513955385 0.7253808305434015 6
1633513980790 0.7711918217434224 7
1633514006623 0.8193497580361727 8
1633514032293 0.8285863360160781 9
1633514058574 0.8017324679448371 10
1633514084770 0.8176738238579842 11
1633514110534 0.8245436918938318 12
1633514136669 0.8360620229725624 13
1633514162158 0.8162039729548238 14
1633514188199 0.8608163147886404 15
1633514213886 0.8281126710481659 16
1633514239130 0.873265563918011 17
1633514264717 0.8453551581426487 18
1633514290540 0.839348021833509 19
1633514318749 0.863452408816014 20
1633514343589 0.8407831814093116 21
1633514368978 0.8578865648890514 22
1633514394334 0.8533248575948478 23
1633514420405 0.858168230116681 24
1633514446008 0.8581903000527188 25
1633514470796 0.8673599714791771 26
1633514495832 0.8697623326155904 27
1633514521559 0.8388064074259389 28
1633514546336 0.8617560037358407 29
1633514571991 0.8608435025632828 30
1633514597020 0.85921392906863 31
1633514622192 0.8500916963089098 32
1633514647188 0.870368459549091 33
1633514671941 0.8819447929026736 34
1633514697217 0.88117214104337 35
1633514722651 0.8463176148031379 36
1633514747585 0.8781242549612512 37
1633514772573 0.8527464301424079 38
1633514797421 0.8841525673052352 39
1633514825335 0.8819486275767361 40
1633514850510 0.8703249673404378 41
1633514876188 0.8611398529858064 42
1633514901439 0.8582099071780283 43
1633514926454 0.8756710721039954 44
1633514951626 0.8774014059101823 45
1633514976699 0.852630098242461 46
1633515001743 0.8685641863019886 47
1633515027154 0.8639491166343556 48
1633515052306 0.8780259873719973 49
1633515077489 0.8456535145187385 50
1633515102705 0.8430102344689617 51
