1633513825944 0.46475699377152635 1
1633513851791 0.6139931994008544 2
1633513877987 0.667572025504584 3
1633513904365 0.6724348506661634 4
1633513930169 0.6944235420397544 5
1633513955748 0.7253808305434015 6
1633513981147 0.7711918217434224 7
1633514006979 0.8193497580361727 8
1633514032680 0.8285863360160781 9
1633514058938 0.8017324679448371 10
1633514085130 0.8176738238579842 11
1633514110894 0.8245436918938318 12
1633514162520 0.8162039729548238 14
1633514188563 0.8608163147886404 15
1633514239496 0.873265563918011 17
1633514265112 0.8453551581426487 18
1633514343998 0.8407831814093116 21
1633514394768 0.8533248575948478 23
1633514496254 0.8697623326155904 27
1633514546813 0.8617560037358407 29
1633514672338 0.8819447929026736 34
1633514697615 0.88117214104337 35
