1633513825761 0.5704908309413123 1
1633513851416 0.7413340606906839 2
1633513877619 0.7589904073035748 3
1633513904006 0.7806999484033564 4
1633513929801 0.7840779302539147 5
1633513955388 0.8092742875941337 6
1633513980794 0.8141500621149458 7
1633514006626 0.8302648981852188 8
1633514032297 0.8369769946594356 9
1633514058577 0.8374331467404982 10
1633514084774 0.8462772723791683 11
1633514110537 0.8460242230452514 12
1633514136673 0.8315110171262821 13
1633514162162 0.8457246239341335 14
1633514188203 0.8560936663395675 15
1633514213889 0.8467500474506587 16
1633514239133 0.8614608545748051 17
1633514264721 0.8589671254577083 18
1633514290543 0.850910186637825 19
1633514318752 0.860653997287218 20
1633514343593 0.8581124724978498 21
1633514368982 0.8619865693008342 22
1633514394338 0.8671491783890776 23
1633514420409 0.8668573668174997 24
1633514446012 0.8631174370610696 25
1633514470800 0.8663966029359753 26
1633514495836 0.8667782983791609 27
1633514521562 0.86009215038949 28
1633514546340 0.8699396322537875 29
1633514571994 0.8682651529989543 30
1633514597024 0.8665478479947932 31
1633514622195 0.8647372254128383 32
1633514647192 0.86779952107061 33
1633514671945 0.8770450442372802 34
1633514697220 0.8755112860390611 35
1633514722655 0.861344307111483 36
1633514747589 0.8765855346319149 37
1633514772576 0.867580511319389 38
1633514797424 0.8651645773587608 39
1633514825339 0.8723894509820723 40
1633514850513 0.8678759833617594 41
1633514876192 0.8637076026769517 42
1633514901443 0.8724481129459869 43
1633514926458 0.872374062684466 44
1633514951630 0.8681834434305875 45
1633514976703 0.8725225143331103 46
1633515001747 0.8670506292149547 47
1633515027157 0.8702368570740626 48
1633515052310 0.8710823378366435 49
1633515077492 0.869095869407141 50
1633515102708 0.8691950504366794 51
