1633513825948 0.5704908309413123 1
1633513851795 0.7413340606906839 2
1633513877991 0.7589904073035748 3
1633513904369 0.7806999484033564 4
1633513930172 0.7840779302539147 5
1633513955752 0.8092742875941337 6
1633513981151 0.8141500621149458 7
1633514006982 0.8302648981852188 8
1633514032683 0.8369769946594356 9
1633514058941 0.8374331467404982 10
1633514085133 0.8462772723791683 11
1633514110897 0.8460242230452514 12
1633514162523 0.8457246239341335 14
1633514188566 0.8560936663395675 15
1633514239499 0.8614608545748051 17
1633514265116 0.8589671254577083 18
1633514344002 0.8581124724978498 21
1633514394771 0.8671491783890776 23
1633514496258 0.8667782983791609 27
1633514546816 0.8699396322537875 29
1633514672341 0.8770450442372802 34
1633514697618 0.8755112860390611 35
