1633513825758 0.6069461100374239 1
1633513851412 0.8514673276837819 2
1633513877616 0.8302268869154404 3
1633513904003 0.8684741921418457 4
1633513929798 0.8505572523065172 5
1633513955385 0.8726453476457996 6
1633513980791 0.8244764371897095 7
1633514006624 0.8174300993361315 8
1633514032294 0.8184974462925075 9
1633514058574 0.8507546258424744 10
1633514084771 0.8549501314838722 11
1633514110535 0.84465982006521 12
1633514136670 0.7946610305189603 13
1633514162159 0.8536074742268351 14
1633514188200 0.8276309876318096 15
1633514213886 0.8383397441130467 16
1633514239130 0.8203722554024475 17
1633514264718 0.8501222130495385 18
1633514290540 0.8406071826489806 19
1633514318749 0.834499601275762 20
1633514343590 0.8564463039880564 21
1633514368979 0.8415940769379107 22
1633514394335 0.8591727927070928 23
1633514420406 0.8528266359927612 24
1633514446009 0.8434520623056813 25
1633514470797 0.8421729468452306 26
1633514495833 0.839524971901259 27
1633514521560 0.8601550438269653 28
1633514546337 0.8556200848785815 29
1633514571992 0.8496443277571953 30
1633514597021 0.8497287479838684 31
1633514622192 0.859097895879121 32
1633514647189 0.8422328745360885 33
1633514671942 0.8490074435729669 34
1633514697217 0.846480802839307 35
1633514722652 0.8544518367533614 36
1633514747586 0.8512784416508471 37
1633514772573 0.862397543336098 38
1633514797421 0.8213887330463403 39
1633514825336 0.8370598396253 40
1633514850510 0.8428336077448801 41
1633514876189 0.8391971250595979 42
1633514901440 0.8664713813326925 43
1633514926455 0.8462378964988739 44
1633514951627 0.8339916428887038 45
1633514976700 0.871557271203937 46
1633515001744 0.8416248316972894 47
1633515027154 0.8544558228188258 48
1633515052307 0.8386167052220611 49
1633515077489 0.8716626462450158 50
1633515102705 0.8751074163549756 51
