1633513825945 0.6069461100374239 1
1633513851792 0.8514673276837819 2
1633513877988 0.8302268869154404 3
1633513904366 0.8684741921418457 4
1633513930169 0.8505572523065172 5
1633513955749 0.8726453476457996 6
1633513981148 0.8244764371897095 7
1633514006979 0.8174300993361315 8
1633514032680 0.8184974462925075 9
1633514058939 0.8507546258424744 10
1633514085130 0.8549501314838722 11
1633514110894 0.84465982006521 12
1633514162521 0.8536074742268351 14
1633514188564 0.8276309876318096 15
1633514239496 0.8203722554024475 17
1633514265113 0.8501222130495385 18
1633514343999 0.8564463039880564 21
1633514394768 0.8591727927070928 23
1633514496255 0.839524971901259 27
1633514546814 0.8556200848785815 29
1633514672338 0.8490074435729669 34
1633514697616 0.846480802839307 35
