1633513825761 0.7307724738156126 1
1633513851415 0.8785764213013313 2
1633513877618 0.886797516198081 3
1633513904006 0.9025400191307641 4
1633513929800 0.898399448833048 5
1633513955388 0.9135221495028367 6
1633513980793 0.8960179661747493 7
1633514006626 0.8920405991905136 8
1633514032296 0.8974386304604263 9
1633514058577 0.9100527803888313 10
1633514084774 0.9118322482182474 11
1633514110537 0.9087848848319331 12
1633514136672 0.8875115138473547 13
1633514162161 0.9135989578497243 14
1633514188202 0.9023671941371205 15
1633514213889 0.9072095211455196 16
1633514239133 0.901405799473046 17
1633514264721 0.9144658097206478 18
1633514290542 0.9071457126956941 19
1633514318752 0.9063682497725822 20
1633514343593 0.9131848935127375 21
1633514368981 0.9097362501781638 22
1633514394338 0.9173211409351592 23
1633514420409 0.9139845191545285 24
1633514446012 0.9098781837207781 25
1633514470799 0.9107802484198427 26
1633514495836 0.9102183236852511 27
1633514521562 0.916640890004441 28
1633514546339 0.9178226788880846 29
1633514571994 0.9154862679149379 30
1633514597023 0.9150862714246557 31
1633514622194 0.9166296764094043 32
1633514647191 0.9103641654714645 33
1633514671944 0.913705851979038 34
1633514697220 0.914035380131922 35
1633514722654 0.9145393368667792 36
1633514747589 0.9159795285704739 37
1633514772576 0.9180584483176556 38
1633514797424 0.8987352803000699 39
1633514825338 0.9096803842200432 40
1633514850513 0.9118983072750689 41
1633514876191 0.9107963085643991 42
1633514901443 0.9210738843034905 43
1633514926457 0.9121071060142288 44
1633514951630 0.9080548968270767 45
1633514976702 0.9217851533391611 46
1633515001746 0.9116495724067885 47
1633515027157 0.9166675539363035 48
1633515052309 0.9092217569801105 49
1633515077492 0.9234510786269499 50
1633515102708 0.9236490647263214 51
