1633513825947 0.7307724738156126 1
1633513851794 0.8785764213013313 2
1633513877990 0.886797516198081 3
1633513904368 0.9025400191307641 4
1633513930171 0.898399448833048 5
1633513955751 0.9135221495028367 6
1633513981150 0.8960179661747493 7
1633514006982 0.8920405991905136 8
1633514032683 0.8974386304604263 9
1633514058941 0.9100527803888313 10
1633514085132 0.9118322482182474 11
1633514110896 0.9087848848319331 12
1633514162523 0.9135989578497243 14
1633514188566 0.9023671941371205 15
1633514239498 0.901405799473046 17
1633514265115 0.9144658097206478 18
1633514344001 0.9131848935127375 21
1633514394771 0.9173211409351592 23
1633514496257 0.9102183236852511 27
1633514546816 0.9178226788880846 29
1633514672340 0.913705851979038 34
1633514697618 0.914035380131922 35
