1633513825758 0.8545932073160388 1
1633513851413 0.9057051664465934 2
1633513877616 0.9433585056807622 3
1633513904004 0.9366128264459724 4
1633513929799 0.9462633866948923 5
1633513955386 0.9543998644825444 6
1633513980791 0.9675457159883193 7
1633514006624 0.9666516445665891 8
1633514032294 0.9763666081880085 9
1633514058575 0.9693389770238243 10
1633514084772 0.9687009035289157 11
1633514110535 0.972894538189528 12
1633514136670 0.9803440992649961 13
1633514162160 0.9735736108240506 14
1633514188201 0.9770884901651687 15
1633514213887 0.9760566815597909 16
1633514239131 0.9824327618274588 17
1633514264719 0.9787934435873732 18
1633514290541 0.9736606966210707 19
1633514318750 0.9782273270252881 20
1633514343591 0.9699140788734549 21
1633514368980 0.9778690434426018 22
1633514394336 0.9754704680827136 23
1633514420406 0.9751347346363398 24
1633514446009 0.9762981139085183 25
1633514470797 0.9793707223401842 26
1633514495834 0.980896602144168 27
1633514521560 0.9731204849743953 28
1633514546337 0.9800135004981504 29
1633514571992 0.9813141384122829 30
1633514597021 0.9804347602626737 31
1633514622193 0.9741578997560206 32
1633514647190 0.9784818017548966 33
1633514671942 0.9783947202148532 34
1633514697218 0.9815743091855536 35
1633514722653 0.9746299578013249 36
1633514747587 0.9806651460927999 37
1633514772574 0.9737111321095708 38
1633514797422 0.9760732254852158 39
1633514825336 0.9822907660755498 40
1633514850511 0.9809444730999255 41
1633514876189 0.9823754192600571 42
1633514901441 0.975666748313587 43
1633514926455 0.9779676167769339 44
1633514951628 0.9820966278974231 45
1633514976701 0.9720042784472944 46
1633515001744 0.981659446903826 47
1633515027155 0.9788653828384825 48
1633515052308 0.9798126687357165 49
1633515077490 0.9752314475216605 50
1633515102706 0.9721796766234181 51
