1633513825945 0.8545932073160388 1
1633513851792 0.9057051664465934 2
1633513877988 0.9433585056807622 3
1633513904366 0.9366128264459724 4
1633513930170 0.9462633866948923 5
1633513955749 0.9543998644825444 6
1633513981148 0.9675457159883193 7
1633514006980 0.9666516445665891 8
1633514032681 0.9763666081880085 9
1633514058939 0.9693389770238243 10
1633514085130 0.9687009035289157 11
1633514110894 0.972894538189528 12
1633514162521 0.9735736108240506 14
1633514188564 0.9770884901651687 15
1633514239497 0.9824327618274588 17
1633514265113 0.9787934435873732 18
1633514343999 0.9699140788734549 21
1633514394769 0.9754704680827136 23
1633514496255 0.980896602144168 27
1633514546814 0.9800135004981504 29
1633514672339 0.9783947202148532 34
1633514697616 0.9815743091855536 35
