1633513822627 0.6505650703723614 0
1633513848742 0.5488959312438965 0
1633513874964 0.46616946092018713 0
1633513901466 0.3917058229446411 0
1633513927204 0.334117649610226 0
1633513952795 0.2927854978121244 0
1633513978223 0.25849561370336094 0
1633514004017 0.22947786427461184 0
1633514029702 0.2243670635498487 0
1633514055983 0.19873198935618766 0
1633514082188 0.18712391578234158 0
1633514107921 0.17787537953028312 0
1633514134054 0.1716759048975431 0
1633514159486 0.16834515585349155 0
1633514185610 0.15228363619400906 0
1633514211288 0.15656479207368998 0
1633514236436 0.14474730583337636 0
1633514262137 0.13649677359140835 0
1633514287904 0.1394934539611523 0
1633514313398 0.1374679928788772 0
1633514340924 0.1305414170026779 0
1633514366307 0.12559109479188918 0
1633514391575 0.134743648652847 0
1633514417575 0.12979591351289016 0
1633514443326 0.1257482543014563 0
1633514468140 0.12025260340708953 0
1633514493184 0.11791725238928429 0
1633514518796 0.11380627201153681 0
1633514543656 0.1131666365151222 0
1633514569355 0.11314901411533355 0
1633514594372 0.11735673753114848 0
1633514619551 0.10968525931239129 0
1633514644504 0.11360109070172676 0
1633514669283 0.10930251295749958 0
1633514694558 0.10544761786094078 0
1633514720013 0.10664301124902872 0
1633514744950 0.10388594636550316 0
1633514769926 0.10214045420289039 0
1633514794783 0.10046284611408528 0
1633514819826 0.10158168111856167 0
1633514847804 0.09728979949767773 0
1633514873398 0.09964798075648454 0
1633514898672 0.09518214143239535 0
1633514923756 0.09811218885275033 0
1633514948743 0.09746279888428175 0
1633514973976 0.09577245299632732 0
1633514999019 0.09376842620281073 0
1633515024450 0.09024421085531895 0
1633515049568 0.0890904603096155 0
1633515074788 0.09305879806096737 0
1633515099893 0.09486807590493788 0
