1634726059117 0.9673654955486919 1
1634726128305 0.96771240234375 2
1634726197536 0.9676476766896802 3
1634726266454 0.9672970793968023 4
1634726336104 0.9675874931867733 5
1634726405614 0.9672766397165697 6
1634726475441 0.9673240484193314 7
1634726544877 0.9673146802325582 8
1634726613618 0.9672701103742732 9
1634726682882 0.9671701830486918 10
1634726751810 0.9670977925145349 11
1634726820675 0.9673771348110465 12
1634726890178 0.9675344067950581 13
1634726959426 0.9676550576853198 14
1634727028456 0.9674543513808139 15
1634727097750 0.9670997797056686 16
1634727166967 0.966848258085029 17
1634727236809 0.9669802643531977 18
1634727305620 0.9667934683866279 19
1634727377016 0.9662563590116279 20
1634727445867 0.966831792787064 21
1634727514873 0.9661975949309592 22
1634727584550 0.9664227152979651 23
1634727653481 0.9669002089389535 24
1634727722949 0.9661922011264535 25
1634727792253 0.9666254087936047 26
1634727861506 0.9660675758539244 27
1634727931159 0.9665044740188954 28
1634728000493 0.9660545171693314 29
1634728069937 0.9665263331213663 30
1634728138901 0.9657433798146803 31
1634728208522 0.9663656545239826 32
1634728278203 0.9649368640988372 33
1634728347483 0.9651057753452035 34
1634728416998 0.9646847747093024 35
1634728486390 0.9649814339571221 36
1634728555417 0.9652732671693314 37
1634728624831 0.9641104764716569 38
1634728693970 0.9638791106468023 39
1634728765384 0.9639557594476744 40
1634728834813 0.9632480355196221 41
1634728904143 0.9649862599927326 42
1634728973996 0.9637561886809592 43
1634729043208 0.9639310615007267 44
1634729112592 0.9639557594476744 45
