1634726059121 0.8608236102857117 1
1634726128309 0.8606616259267236 2
1634726197540 0.8607787810095551 3
1634726266458 0.8617929852386123 4
1634726336108 0.8651840087581106 5
1634726405618 0.8618617311112062 6
1634726475445 0.8621374068090475 7
1634726544881 0.8613888564597187 8
1634726613623 0.8627669334688322 9
1634726682886 0.8618650014270915 10
1634726751814 0.8623353542232288 11
1634726820679 0.8631153733971618 12
1634726890181 0.866459074237621 13
1634726959430 0.8625408274817273 14
1634727028460 0.8672820081491607 15
1634727097754 0.8636140618245405 16
1634727166971 0.8624002560574813 17
1634727236813 0.8635452336784696 18
1634727305624 0.8630734191508953 19
1634727377020 0.8634065157109381 20
1634727445871 0.8626604298511452 21
1634727514877 0.863028492300399 22
1634727584554 0.8635576999967479 23
1634727653485 0.8629477513215122 24
1634727722953 0.8633484353011807 25
1634727792257 0.8633230867675538 26
1634727861510 0.8631377933745901 27
1634727931163 0.8636592459966509 28
1634728000498 0.8632529392145385 29
1634728069941 0.863835224528401 30
1634728138905 0.8628928287041624 31
1634728208526 0.8634400454847712 32
1634728278207 0.8627315655632226 33
1634728347487 0.8621566952404383 34
1634728417003 0.8618531766787955 35
1634728486394 0.8623084735376456 36
1634728555421 0.8626293111900669 37
1634728624835 0.8613241731003036 38
1634728693974 0.8611787361267459 39
1634728765388 0.861350364109472 40
1634728834817 0.8601701667095413 41
1634728904147 0.8624278148294067 42
1634728974000 0.8607422059297422 43
1634729043212 0.8608804174597965 44
1634729112596 0.8617327206039334 45
