1634726059120 0.8881483480174899 1
1634726128308 0.8879706610930896 2
1634726197539 0.8926535277797656 3
1634726266457 0.8892116929913348 4
1634726336107 0.8923823686307373 5
1634726405617 0.8892871030046392 6
1634726475444 0.8895895023670672 7
1634726544880 0.8887683884634668 8
1634726613621 0.8902800545704026 9
1634726682885 0.8892906903409421 10
1634726751813 0.8898066385611949 11
1634726820678 0.8906622718387235 12
1634726890180 0.8892280661280026 13
1634726959429 0.8900320301457724 14
1634727028459 0.8901307742452529 15
1634727097753 0.8912093025116132 16
1634727166970 0.8898778318997883 17
1634727236812 0.8911338022493416 18
1634727305623 0.8906162505991964 19
1634727377019 0.8909816371318964 20
1634727445870 0.8901632266224299 21
1634727514876 0.8905669685948254 22
1634727584553 0.891147477037249 23
1634727653484 0.8904784006843119 24
1634727722952 0.890917926478336 25
1634727792256 0.8908901206888983 26
1634727861509 0.8906868651813103 27
1634727931162 0.8912588667820407 28
1634728000497 0.8908131731179888 29
1634728069940 0.8914519044571743 30
1634728138904 0.8904181539356885 31
1634728208525 0.8910184172409481 32
1634728278206 0.8902412581433311 33
1634728347486 0.8896106605953786 34
1634728417002 0.8892777193160255 35
1634728486393 0.8897771520948663 36
1634728555420 0.8901290913564509 37
1634728624834 0.8886974347783944 38
1634728693973 0.888537899322706 39
1634728765387 0.8887261647119208 40
1634728834816 0.8874315604211805 41
1634728904146 0.8899080621853186 42
1634728973999 0.8880590524229315 43
1634729043211 0.8882106620094706 44
1634729112595 0.8891455863767637 45
