1634726059123 3.5118652634577936 1
1634726128311 3.491136536575987 2
1634726197541 3.5046028561313234 3
1634726266460 3.512200742937117 4
1634726336109 3.4857035610883655 5
1634726405620 3.515990182206595 6
1634726475447 3.5119592773896255 7
1634726544882 3.5182700233993156 8
1634726613624 3.521923104930701 9
1634726682888 3.5026180382624617 10
1634726751815 3.509303465869959 11
1634726820681 3.5141766967597885 12
1634726890183 3.482174847698305 13
1634726959431 3.503337333446628 14
1634727028462 3.4775443474935925 15
1634727097756 3.5028989368389993 16
1634727166972 3.5194730064185733 17
1634727236814 3.501585336450478 18
1634727305626 3.503096697272323 19
1634727377021 3.5260117950454393 20
1634727445872 3.512111986179206 21
1634727514879 3.5299809414000785 22
1634727584555 3.5180153071431866 23
1634727653486 3.5073082922551913 24
1634727722955 3.514314925631968 25
1634727792259 3.5040915508359896 26
1634727861512 3.529597653642543 27
1634727931165 3.5110522468398684 28
1634728000499 3.5232097880328586 29
1634728069943 3.5051702904804873 30
1634728138906 3.5281938913348196 31
1634728208528 3.512335630727482 32
1634728278209 3.5446652118018043 33
1634728347489 3.539778679087784 34
1634728417004 3.5450465337910932 35
1634728486396 3.54295776541634 36
1634728555423 3.5352108450896775 37
1634728624836 3.5570015455697144 38
1634728693976 3.564407586810572 39
1634728765390 3.5658124808707607 40
1634728834818 3.576543103543395 41
1634728904149 3.545953155450421 42
1634728974001 3.5604370563998855 43
1634729043213 3.5582065519188184 44
1634729112598 3.554135356435037 45
