1634726059121 0.8019766069910321 1
1634726128309 0.8018746117938146 2
1634726197539 0.8022757126372088 3
1634726266458 0.8028883240620482 4
1634726336107 0.8066696343601435 5
1634726405618 0.8028926143681532 6
1634726475445 0.8030641038102859 7
1634726544880 0.802854627669435 8
1634726613622 0.8037467179674934 9
1634726682886 0.8030844139606188 10
1634726751813 0.8039045923417962 11
1634726820679 0.8041999655359854 12
1634726890181 0.8078140831069304 13
1634726959429 0.804098840122484 14
1634727028460 0.8087076561065527 15
1634727097754 0.8047454808171831 16
1634727166970 0.8038270279031989 17
1634727236812 0.8048456716701615 18
1634727305624 0.8043902463645946 19
1634727377019 0.804585055130627 20
1634727445870 0.8039908074493094 21
1634727514877 0.8042547556431923 22
1634727584553 0.8046203258189896 23
1634727653484 0.8042568358920986 24
1634727722953 0.8044574445453352 25
1634727792257 0.8046076932164129 26
1634727861510 0.8041783580318881 27
1634727931162 0.8047571946011851 28
1634728000497 0.804176003125264 29
1634728069940 0.8048933338260363 30
1634728138904 0.8038218281790069 31
1634728208525 0.8043323460393991 32
1634728278207 0.8034686252831016 33
1634728347486 0.8026953053600074 34
1634728417002 0.8026730501487344 35
1634728486394 0.8029545462732884 36
1634728555421 0.803154213697793 37
1634728624834 0.8014487471095522 38
1634728693974 0.801161354996934 39
1634728765387 0.8013891389233108 40
1634728834816 0.7998159558393291 41
1634728904147 0.8026073215337332 42
1634728973999 0.8007287263337194 43
1634729043211 0.8005457219409979 44
1634729112596 0.8015626024239345 45
