1634726059122 0.8986050981426261 1
1634726128310 0.8987260804503747 2
1634726197541 0.8986536927566772 3
1634726266459 0.898603983515742 4
1634726336109 0.8982053937688431 5
1634726405619 0.8986973409338569 6
1634726475446 0.8987562695872713 7
1634726544882 0.8985679746911925 8
1634726613624 0.8989144762150538 9
1634726682887 0.8981874836508384 10
1634726751815 0.8987350802297565 11
1634726820680 0.8990570184333564 12
1634726890182 0.898675938937634 13
1634726959431 0.8990307029271409 14
1634727028461 0.8988716878959119 15
1634727097755 0.8989337182129288 16
1634727166972 0.898226851629823 17
1634727236814 0.8988662463293469 18
1634727305625 0.8984826316576121 19
1634727377021 0.8981449578060534 20
1634727445872 0.8981378150186867 21
1634727514878 0.8980149516757763 22
1634727584555 0.8983171565472047 23
1634727653486 0.8982595537937621 24
1634727722954 0.8978795371191011 25
1634727792258 0.898277184269275 26
1634727861511 0.8977483707209885 27
1634727931164 0.8981558043066906 28
1634728000499 0.897600185127232 29
1634728069942 0.8981590190894402 30
1634728138906 0.8972884535644137 31
1634728208527 0.8977752396187276 32
1634728278208 0.8967428425335701 33
1634728347488 0.8964847672616242 34
1634728417004 0.8938147192541399 35
1634728486395 0.8965362451326433 36
1634728555422 0.8967959930580754 37
1634728624836 0.8955103995624876 38
1634728693975 0.8952128569982724 39
1634728765389 0.8928915517888902 40
1634728834818 0.8943073712383253 41
1634728904148 0.8962745815108832 42
1634728974001 0.8924185293699068 43
1634729043213 0.8948406204597678 44
1634729112597 0.8954457513660133 45
