1634726059119 0.8802691691457607 1
1634726128306 0.8812033462511746 2
1634726197537 0.8784465195187403 3
1634726266455 0.8764951401718889 4
1634726336105 0.8805832424712358 5
1634726405615 0.8772836080584152 6
1634726475442 0.875940664006702 7
1634726544878 0.8752112308927257 8
1634726613620 0.8749551996193354 9
1634726682884 0.8719913240313745 10
1634726751811 0.871448001490092 11
1634726820676 0.8735719139533591 12
1634726890179 0.8799720535467024 13
1634726959427 0.8737886898527102 14
1634727028458 0.8760985693803177 15
1634727097752 0.8697163404280623 16
1634727166968 0.8668551847790924 17
1634727236810 0.867324835792669 18
1634727305622 0.8658992449796802 19
1634727377017 0.8610196712479334 20
1634727445868 0.8646167022393629 21
1634727514875 0.8620050107943743 22
1634727584551 0.8616292504407023 23
1634727653482 0.8635063601811026 24
1634727722950 0.8599391609301272 25
1634727792254 0.8627678506215927 26
1634727861508 0.8581403496461706 27
1634727931160 0.8608981691155588 28
1634728000495 0.857259183125354 29
1634728069938 0.860709614170573 30
1634728138902 0.8552698157586999 31
1634728208523 0.8576618031595667 32
1634728278204 0.8521683897134319 33
1634728347484 0.8511211667441045 34
1634728417000 0.8459177135886565 35
1634728486392 0.8507583882014744 36
1634728555419 0.8508306818472042 37
1634728624832 0.8457660266855326 38
1634728693972 0.8443637302877747 39
1634728765385 0.8402349175166369 40
1634728834814 0.840752489282023 41
1634728904144 0.8483121164292436 42
1634728973997 0.8384253623437204 43
1634729043209 0.8424840665563377 44
1634729112593 0.842631760034953 45
