1634726059119 0.8797530898564188 1
1634726128307 0.8788385296180351 2
1634726197538 0.8814027648046519 3
1634726266456 0.8845370689578718 4
1634726336106 0.8833740040964713 5
1634726405616 0.8837508786216887 6
1634726475443 0.8854228112338349 7
1634726544879 0.8860668449591125 8
1634726613620 0.8871482858654341 9
1634726682884 0.8893077636618895 10
1634726751812 0.8910788456986214 11
1634726820677 0.889231267108629 12
1634726890179 0.8858118046055286 13
1634726959428 0.8890489022785456 14
1634727028458 0.8910891570714228 15
1634727097752 0.893824262121372 16
1634727166969 0.8957335509610891 17
1634727236811 0.8965024097523303 18
1634727305622 0.8974460651969739 19
1634727377018 0.9025771261016718 20
1634727445869 0.8983722930203015 21
1634727514875 0.901258236840049 22
1634727584552 0.9022656077254464 23
1634727653482 0.8999322604659565 24
1634727722951 0.9035338975841002 25
1634727792255 0.901030290031374 26
1634727861508 0.9053890450945832 27
1634727931161 0.9029015875996577 28
1634728000496 0.9061224173053901 29
1634728069939 0.903309331717677 30
1634728138903 0.9078265163369252 31
1634728208524 0.9060799242698735 32
1634728278205 0.9103664565470428 33
1634728347485 0.9111362964139069 34
1634728417000 0.9120142720365297 35
1634728486392 0.9116594715796644 36
1634728555419 0.912106050472351 37
1634728624833 0.9154154948815532 38
1634728693972 0.9164060602538798 39
1634728765386 0.9167408309050056 40
1634728834815 0.9186530909877666 41
1634728904145 0.9140032272242686 42
1634728973998 0.9177368744338176 43
1634729043210 0.9178160057129437 44
1634729112594 0.9188675549278943 45
