1634726059122 0.9290163638699158 1
1634726128310 0.9287907746450492 2
1634726197540 0.9297190769965161 3
1634726266459 0.9306339062403793 4
1634726336108 0.9300666278910842 5
1634726405619 0.9303576623109939 6
1634726475446 0.9309980011171964 7
1634726544881 0.9311315039862046 8
1634726613623 0.9316103851217287 9
1634726682887 0.9319365383761391 10
1634726751814 0.9329265005062009 11
1634726820680 0.9323631494032054 12
1634726890182 0.9310104698479055 13
1634726959430 0.9322443714489911 14
1634727028461 0.9328307298437443 15
1634727097755 0.9336859433192306 16
1634727166971 0.9341140172621363 17
1634727236813 0.9346259527201479 18
1634727305625 0.9347921838161204 19
1634727377020 0.936331154786739 20
1634727445872 0.934896473681811 21
1634727514878 0.9357889630680364 22
1634727584554 0.9363592669065263 23
1634727653485 0.9355719861297774 24
1634727722954 0.9363577295289305 25
1634727792258 0.9356403523329763 26
1634727861511 0.9369794724578918 27
1634727931164 0.9364371623193044 28
1634728000498 0.9372472724420325 29
1634728069942 0.9363521923112504 30
1634728138905 0.9376548949893488 31
1634728208527 0.937195148851957 32
1634728278208 0.9381026380293049 33
1634728347488 0.9381222427500638 34
1634728417003 0.9384647808044829 35
1634728486395 0.9384574730706028 36
1634728555422 0.9386253357622345 37
1634728624835 0.9390312579234709 38
1634728693975 0.9392733304473684 39
1634728765388 0.9395711883417338 40
1634728834817 0.9397083280975089 41
1634728904148 0.9388794775729526 42
1634728974000 0.9398558075115061 43
1634729043212 0.9395207076441687 44
1634729112597 0.9400181431223211 45
