1634726059120 0.9786201337574446 1
1634726128308 0.9793012790475293 2
1634726197538 0.9785660591392829 3
1634726266457 0.9771698206401614 4
1634726336106 0.9774359047581933 5
1634726405617 0.9773617246373733 6
1634726475443 0.9770909429710622 7
1634726544879 0.9767057585744467 8
1634726613621 0.9764753841289052 9
1634726682885 0.975333226219097 10
1634726751812 0.9752642991434625 11
1634726820678 0.975993663141963 12
1634726890180 0.9769083258454091 13
1634726959428 0.9761472541661649 14
1634727028459 0.9753691256042327 15
1634727097753 0.9741746634088643 16
1634727166969 0.9732648089695026 17
1634727236811 0.97348736922655 18
1634727305623 0.9728569588172197 19
1634727377018 0.970838658880062 20
1634727445869 0.9723141286311816 21
1634727514876 0.9709258990708652 22
1634727584552 0.9711293675301206 23
1634727653483 0.9720969582747303 24
1634727722952 0.9700285785900703 25
1634727792256 0.9711677631960589 26
1634727861509 0.9694320444094068 27
1634727931161 0.9707768781003636 28
1634728000496 0.9692149397841433 29
1634728069939 0.9702800683465643 30
1634728138903 0.968321711293124 31
1634728208524 0.9694006000652278 32
1634728278205 0.9665404699253515 33
1634728347485 0.9662485857582221 34
1634728417001 0.9656366844618052 35
1634728486393 0.9661048423901283 36
1634728555420 0.9662841412828026 37
1634728624833 0.9636471009340937 38
1634728693973 0.9631577503180625 39
1634728765386 0.9632983445037425 40
1634728834815 0.9617540367149024 41
1634728904145 0.9651191857298791 42
1634728973998 0.9629411706716837 43
1634729043210 0.9625924555613674 44
1634729112594 0.9625873361288649 45
