1634726056004 -0.14568565882645645 0
1634726125535 -0.143150832745936 0
1634726194769 -0.1556082135671145 0
1634726263683 -0.13852473590281103 0
1634726333322 -0.1531436907780635 0
1634726402856 -0.14199082417921585 0
1634726472643 -0.14061311080858305 0
1634726542113 -0.1481415234602891 0
1634726610831 -0.1386517317264111 0
1634726680106 -0.14795419922122707 0
1634726749024 -0.13665823038522298 0
1634726817848 -0.13193030558623275 0
1634726887268 -0.14394460483030838 0
1634726956657 -0.13366369070944847 0
1634727025683 -0.14618428109528184 0
1634727094927 -0.13298410564273982 0
1634727164142 -0.13350989214785688 0
1634727234030 -0.13915961051916148 0
1634727302859 -0.12889164531385744 0
1634727372105 -0.1356338742491487 0
1634727443009 -0.12643163312565198 0
1634727511996 -0.1294039511061334 0
1634727581736 -0.13885220382120703 0
1634727650604 -0.126058384969637 0
1634727720071 -0.13865015800897176 0
1634727789411 -0.12748272310603748 0
1634727858695 -0.126112403807702 0
1634727928354 -0.1330974612917219 0
1634727997570 -0.12626421141934085 0
1634728067112 -0.1373757209096636 0
1634728136063 -0.12749016284942627 0
1634728205681 -0.12582895662877466 0
1634728275394 -0.1356357970795074 0
1634728344612 -0.12411744253976005 0
1634728414189 -0.1354167778770645 0
1634728483579 -0.12817910274901947 0
1634728552572 -0.12913381434106208 0
1634728622024 -0.1362041405269078 0
1634728691144 -0.12607397197128892 0
1634728760486 -0.13409532587249556 0
1634728831972 -0.12768202633052678 0
1634728901276 -0.12629515242266964 0
1634728971124 -0.13413031689532393 0
1634729040364 -0.12886304050296932 0
1634729109652 -0.13587201493127005 0
