1634726056005 76.53716426700741 0
1634726125536 56.34251812526158 0
1634726194770 46.273922536280246 0
1634726263684 37.70198978077281 0
1634726333323 32.43316727179985 0
1634726402857 26.76397113056926 0
1634726472644 23.284402562426283 0
1634726542114 19.41185257651589 0
1634726610832 16.392551007208887 0
1634726680107 14.02120676288357 0
1634726749025 12.230412910510967 0
1634726817849 10.55505403915009 0
1634726887269 8.987245764051165 0
1634726956658 7.633801726551799 0
1634727025685 7.056841426081472 0
1634727094928 6.101492531887897 0
1634727164143 5.328073174922498 0
1634727234031 4.566470977547881 0
1634727302860 4.169567490552927 0
1634727372106 3.9122901891733144 0
1634727443010 3.38920424356089 0
1634727511997 3.322500515293765 0
1634727581737 2.953439405986241 0
1634727650605 2.9637123191511474 0
1634727720072 2.470582902431488 0
1634727789412 2.329150346966533 0
1634727858696 2.338252017250309 0
1634727928355 2.3585630392099355 0
1634727997571 2.355862036927954 0
1634728067113 2.081094511917659 0
1634728136064 2.1037186686094707 0
1634728205682 1.9398054883077547 0
1634728275395 1.9397312433688672 0
1634728344612 1.9170068804319802 0
1634728414190 1.935599642914611 0
1634728483580 1.9802024534770422 0
1634728552573 1.6899667308702098 0
1634728622025 1.9881638284627494 0
1634728691145 1.8113149009741747 0
1634728760487 1.8336386223892114 0
1634728831973 1.732894859917752 0
1634728901277 2.004262937353803 0
1634728971125 1.6644375293285816 0
1634729040365 1.728347389728992 0
1634729109653 1.9099114901059633 0
