1633550196138 0.9680009321732954 1
1633550258081 0.9679896036783854 2
1633550319766 0.9673357876864347 3
1633550380372 0.9673001838452888 4
1633550441673 0.9672520955403646 5
1633550502306 0.9672664295543324 6
1633550564049 0.9674784342447916 7
1633550624645 0.9674844452829072 8
1633550685433 0.9675864017370975 9
1633550746591 0.9680476333155776 10
1633550807351 0.9675889448686079 11
1633550868156 0.967573223691998 12
1633550928724 0.967664776426373 13
1633550989146 0.9677170262192235 14
1633551049666 0.9676596901633523 15
1633551110780 0.9671228582208807 16
1633551171480 0.9672890865441525 17
1633551231846 0.9672033136541193 18
1633551292274 0.967437744140625 19
1633551355494 0.9674044522372159 20
1633551416602 0.9667233553799716 21
1633551480410 0.9664452292702415 22
1633551543944 0.9660586732806582 23
1633551605310 0.965395147150213 24
1633551666494 0.9649759928385416 25
1633551727687 0.9655909682765151 26
1633551788597 0.966166640772964 27
1633551849605 0.966703241521662 28
1633551910755 0.9669783621123342 29
1633551971897 0.9674430615974196 30
1633552032858 0.9674331202651515 31
1633552094125 0.967274521336411 32
1633552155141 0.9667649702592329 33
1633552216142 0.9665453361742424 34
1633552277058 0.965606689453125 35
1633552338101 0.9650837291370739 36
1633552399302 0.9636910178444602 37
1633552460421 0.9624028061375474 38
1633552521277 0.9608094186493845 39
1633552585218 0.9586847478693182 40
1633552646105 0.9595496437766335 41
1633552707257 0.9590842507102273 42
1633552768368 0.9610228105024858 43
1633552829574 0.9619818022756865 44
1633552890681 0.9625454526959043 45
1633552951384 0.9640278671727036 46
1633553012677 0.9641991817589962 47
1633553073913 0.9648298783735796 48
1633553135294 0.9650601473721591 49
1633553196726 0.9655493533972538 50
1633553257802 0.965475371389678 51
1633553319016 0.9652208270448627 52
1633553380386 0.9653163100733901 53
1633553441527 0.9655646121863163 54
1633553502690 0.9657014789003314 55
1633553563951 0.9659345222241951 56
1633553625415 0.9659890839547822 57
1633553686622 0.9651218761097301 58
1633553747693 0.9636921738133286 59
1633553812120 0.9644791574189158 60
1633553873118 0.9636919426195549 61
