1633550196142 0.8651104127176538 1
1633550258085 0.8639482728806521 2
1633550319770 0.8603540799229151 3
1633550380376 0.8601149946982559 4
1633550441677 0.8573904753513403 5
1633550502310 0.8582864742988666 6
1633550564053 0.8597648737640707 7
1633550624649 0.8600730483950324 8
1633550685436 0.8613974783319391 9
1633550746595 0.8640688771532106 10
1633550807355 0.8617514278825138 11
1633550868160 0.8616517150529698 12
1633550928728 0.862184617902598 13
1633550989150 0.8616824738408132 14
1633551049670 0.8608328531424149 15
1633551110784 0.8579900341026321 16
1633551171484 0.8604176413012831 17
1633551231850 0.8600876761058003 18
1633551292278 0.8614167272429388 19
1633551355499 0.8616730264659214 20
1633551416606 0.862519479344253 21
1633551480414 0.8620458320309484 22
1633551543948 0.8618609474266787 23
1633551605314 0.8620063597908558 24
1633551666498 0.8613111387864011 25
1633551727691 0.8608062917147459 26
1633551788601 0.8622830353635779 27
1633551849609 0.8627603802499203 28
1633551910758 0.8631178745957317 29
1633551971901 0.8617687797489764 30
1633552032862 0.8615426200017545 31
1633552094129 0.8622778074798905 32
1633552155145 0.8638842092272014 33
1633552216146 0.8641026276040331 34
1633552277062 0.8631845146875232 35
1633552338105 0.8639352330431677 36
1633552399306 0.863664039195533 37
1633552460425 0.8621561835136387 38
1633552521281 0.8599174682848095 39
1633552585222 0.8579889365828759 40
1633552646109 0.8592107409825213 41
1633552707260 0.8584123294038972 42
1633552768372 0.8601032441431243 43
1633552829577 0.859873443400513 44
1633552890685 0.8601772760455456 45
1633552951388 0.8602890516465209 46
1633553012681 0.8590767519605075 47
1633553073917 0.857816697595744 48
1633553135297 0.8567326878384635 49
1633553196730 0.8562997229435391 50
1633553257806 0.8552101900679531 51
1633553319020 0.8572538690992457 52
1633553380390 0.8575974162950818 53
1633553441531 0.8547855343325488 54
1633553502694 0.8551404287779849 55
1633553563955 0.8563581349540068 56
1633553625419 0.8594073543192678 57
1633553686626 0.859848793502755 58
1633553747697 0.8601655461369494 59
1633553812123 0.8606251524452712 60
1633553873122 0.8608910380716444 61
