1633550196141 0.8852292595250411 1
1633550258084 0.8840400931802022 2
1633550319769 0.8837878486367687 3
1633550380375 0.8801176689935641 4
1633550441676 0.8807435233181085 5
1633550502309 0.8816639269062286 6
1633550564052 0.8831825940611465 7
1633550624648 0.883499162553652 8
1633550685435 0.8848596664577116 9
1633550746594 0.8841635022032853 10
1633550807354 0.8817921587635024 11
1633550868159 0.8851208279143346 12
1633550928727 0.8788291085956984 13
1633550989149 0.8851524244901738 14
1633551049669 0.8842796623719749 15
1633551110783 0.8813594124634041 16
1633551171483 0.8838531412589056 17
1633551231849 0.8800897150850048 18
1633551292277 0.8814496743881235 19
1633551355497 0.885142719793787 20
1633551416605 0.8825780718871427 21
1633551480413 0.8820934095200402 22
1633551543947 0.8853357592242925 23
1633551605313 0.8820530193208759 24
1633551666497 0.8847709752514004 25
1633551727690 0.8808250426848562 26
1633551788600 0.8857693437197843 27
1633551849608 0.8828245751394533 28
1633551910757 0.8831903833072604 29
1633551971900 0.8784052426784934 30
1633552032861 0.8781747169129851 31
1633552094127 0.8823307797468647 32
1633552155144 0.8805615105636339 33
1633552216145 0.8807841455114469 34
1633552277061 0.8798483084073596 35
1633552338104 0.8806135193953524 36
1633552399305 0.8803370901452537 37
1633552460424 0.8788001252803114 38
1633552521280 0.876518191610771 39
1633552585221 0.8745524295671011 40
1633552646108 0.8757978209242688 41
1633552707259 0.8749839959947062 42
1633552768371 0.8767075538756172 43
1633552829576 0.8764733168252332 44
1633552890684 0.8767830149653437 45
1633552951387 0.8768969483964537 46
1633553012680 0.8756612452415983 47
1633553073916 0.8743768655029978 48
1633553135296 0.873271928916426 49
1633553196729 0.8796230617007562 50
1633553257805 0.8785038528324499 51
1633553319019 0.8806031962731552 52
1633553380389 0.8775415422554326 53
1633553441530 0.8780676305984159 54
1633553502693 0.8784321914295253 55
1633553563954 0.8762734404180534 56
1633553625418 0.8759982298852769 57
1633553686625 0.8764481910607232 58
1633553747696 0.8767710586106358 59
1633553812122 0.8806396908742309 60
1633553873121 0.8809117598872639 61
