1633550196143 3.4986962473278003 1
1633550258087 3.490306401967362 2
1633550319772 3.471214397020437 3
1633550380377 3.4629946816453137 4
1633550441679 3.448696579930854 5
1633550502311 3.4475438814009687 6
1633550564054 3.460312020452724 7
1633550624651 3.4803178268636237 8
1633550685438 3.477362511655215 9
1633550746596 3.484164518057664 10
1633550807356 3.4944957550051194 11
1633550868162 3.5001642114430664 12
1633550928729 3.484249413902003 13
1633550989151 3.47779797875586 14
1633551049671 3.4480787281559326 15
1633551110785 3.4535014358246463 16
1633551171485 3.4442996695493986 17
1633551231851 3.4456185187837796 18
1633551292279 3.454521302836887 19
1633551355500 3.4571836690020854 20
1633551416607 3.4928525388376523 21
1633551480415 3.49780528721023 22
1633551543950 3.511538962864934 23
1633551605316 3.528025870218718 24
1633551666499 3.5398013368895755 25
1633551727693 3.534248762939244 26
1633551788602 3.5154372223555104 27
1633551849610 3.4959137341076625 28
1633551910760 3.4910639652886752 29
1633551971902 3.486700332512271 30
1633552032863 3.488780511017739 31
1633552094130 3.4830466425027713 32
1633552155147 3.486362743258313 33
1633552216147 3.484761874306118 34
1633552277064 3.503195659916977 35
1633552338107 3.496860956828186 36
1633552399307 3.517918692233376 37
1633552460426 3.5550892542974797 38
1633552521283 3.563833291609233 39
1633552585224 3.6105728652495115 40
1633552646111 3.591364712976991 41
1633552707262 3.6131091694879167 42
1633552768374 3.5667484232626623 43
1633552829579 3.5648717746999927 44
1633552890686 3.5477214804192303 45
1633552951389 3.5356633620869307 46
1633553012683 3.538697441924939 47
1633553073918 3.539065195818984 48
1633553135299 3.5337364332392234 49
1633553196731 3.514688092257127 50
1633553257807 3.521147460573078 51
1633553319021 3.524541662353814 52
1633553380391 3.5092006474282647 53
1633553441532 3.5088245311635133 54
1633553502695 3.5084549017236144 55
1633553563956 3.5057517247240924 56
1633553625421 3.504918244559737 57
1633553686628 3.5257483361793587 58
1633553747698 3.5543301778420884 59
1633553812125 3.538218863548515 60
1633553873123 3.5598655994099984 61
