1633550196141 0.7992684441831884 1
1633550258085 0.7974290978040042 2
1633550319770 0.7930654580223542 3
1633550380375 0.7925277484709394 4
1633550441677 0.7886571708127884 5
1633550502309 0.7900441184697833 6
1633550564052 0.7915265337165269 7
1633550624649 0.7930043218495532 8
1633550685436 0.7947131531961504 9
1633550746594 0.7975317245416043 10
1633550807354 0.7954597693488019 11
1633550868160 0.7953400400671519 12
1633550928727 0.7953330932249363 13
1633550989150 0.7947928924317834 14
1633551049669 0.7933948459435414 15
1633551110783 0.7893323023264407 16
1633551171483 0.7916658683837607 17
1633551231849 0.7908637348666488 18
1633551292277 0.7928690449290748 19
1633551355498 0.7936320000837128 20
1633551416605 0.7942654040716255 21
1633551480413 0.7937057274576477 22
1633551543948 0.7937598015070062 23
1633551605314 0.7937514054821471 24
1633551666497 0.7927171510920382 25
1633551727691 0.7921302451206949 26
1633551788601 0.7940834124036078 27
1633551849608 0.794942223825643 28
1633551910758 0.795456861720812 29
1633551971900 0.7938715529449065 30
1633552032861 0.7934542039599246 31
1633552094128 0.7947195366568354 32
1633552155145 0.7961445616628939 33
1633552216145 0.7962842287024167 34
1633552277062 0.7955972089007072 35
1633552338105 0.795963371683757 36
1633552399305 0.7952000631059631 37
1633552460424 0.7927184478929713 38
1633552521281 0.7891229448064883 39
1633552585222 0.7858379412548514 40
1633552646109 0.7879662067982042 41
1633552707260 0.7869637587151102 42
1633552768372 0.7898329082476767 43
1633552829577 0.790133584048589 44
1633552890684 0.7907144096573727 45
1633552951387 0.7908685192311282 46
1633553012681 0.7901844075690589 47
1633553073916 0.788615979016781 48
1633553135297 0.7867393926808635 49
1633553196729 0.786123207789603 50
1633553257805 0.7848561688221263 51
1633553319019 0.7875404923548995 52
1633553380389 0.7879812836365772 53
1633553441530 0.784835127570633 54
1633553502693 0.7850653101846783 55
1633553563954 0.7870307128487307 56
1633553625419 0.7903792535163998 57
1633553686626 0.7908243630991302 58
1633553747696 0.7906921542080815 59
1633553812123 0.791562238921035 60
1633553873121 0.791755468185414 61
