1633550196143 0.8904915567006472 1
1633550258086 0.8900228523192394 2
1633550319771 0.8884352654133295 3
1633550380377 0.8887685058759647 4
1633550441678 0.8873591684798215 5
1633550502311 0.8877059044161992 6
1633550564054 0.8882374989188669 7
1633550624650 0.8877949233612149 8
1633550685437 0.8882508291220116 9
1633550746596 0.8903576213986046 10
1633550807356 0.8880585878940657 11
1633550868161 0.888191393935388 12
1633550928729 0.8892026331137821 13
1633550989151 0.8890226597015078 14
1633551049671 0.8890337218418489 15
1633551110785 0.8874429248507532 16
1633551171485 0.8888211283208987 17
1633551231851 0.8885647053971821 18
1633551292279 0.8888657478547881 19
1633551355500 0.889055943950443 20
1633551416607 0.8884999929234484 21
1633551480415 0.8875817753233942 22
1633551543949 0.8871477971950394 23
1633551605315 0.8866295653629969 24
1633551666499 0.8860272756182666 25
1633551727693 0.8859911041719934 26
1633551788602 0.8874385167423492 27
1633551849610 0.887700397778377 28
1633551910759 0.8882303236921513 29
1633551971902 0.8877421368624309 30
1633552032863 0.8873322002529012 31
1633552094129 0.8875893931927593 32
1633552155146 0.8878719417828583 33
1633552216146 0.888101909620018 34
1633552277063 0.8868556346320872 35
1633552338106 0.8871441967164332 36
1633552399307 0.8862950226266707 37
1633552460426 0.8846332277005204 38
1633552521282 0.8825456607459322 39
1633552585223 0.8806484126209575 40
1633552646110 0.8818326465616324 41
1633552707261 0.8811390971483191 42
1633552768373 0.8827109350636916 43
1633552829579 0.883038005482074 44
1633552890686 0.8833572832384031 45
1633552951389 0.8838652007367002 46
1633553012682 0.883053978765453 47
1633553073918 0.8825962758240743 48
1633553135298 0.8820534508069569 49
1633553196731 0.882459830980995 50
1633553257807 0.8815819592367012 51
1633553319021 0.8829469506979247 52
1633553380391 0.8829096046941831 53
1633553441532 0.8821947196574502 54
1633553502695 0.8819196182278862 55
1633553563956 0.8826727738646782 56
1633553625420 0.8862362610242064 57
1633553686627 0.8838904856887577 58
1633553747698 0.8835897233177198 59
1633553812125 0.884135581028421 60
1633553873123 0.8841016286966068 61
