1633550196139 0.8841143013882898 1
1633550258082 0.8898921182008817 2
1633550319768 0.8991564110956065 3
1633550380373 0.9061810178645487 4
1633550441675 0.9117660572813577 5
1633550502307 0.9093441244814167 6
1633550564050 0.9067623424043831 7
1633550624646 0.8987591599682807 8
1633550685434 0.8905643463499562 9
1633550746592 0.8938143158800953 10
1633550807352 0.8880275029077339 11
1633550868157 0.8913860979554803 12
1633550928725 0.8978025824978237 13
1633550989147 0.901040101526223 14
1633551049667 0.9048765389771306 15
1633551110781 0.910092312659798 16
1633551171481 0.9081558764676957 17
1633551231847 0.9093063517877189 18
1633551292275 0.9055531530465653 19
1633551355496 0.903382914870177 20
1633551416603 0.8944815555780495 21
1633551480411 0.891695785985017 22
1633551543946 0.8890038959325967 23
1633551605311 0.8841730312849273 24
1633551666495 0.8848683518179546 25
1633551727689 0.8889277134817682 26
1633551788598 0.8913141223855732 27
1633551849606 0.8924319120838144 28
1633551910756 0.8948954901732059 29
1633551971898 0.9004326737537137 30
1633552032859 0.900064299612185 31
1633552094126 0.8967142163936052 32
1633552155143 0.8895603830028169 33
1633552216143 0.8887844866508295 34
1633552277059 0.88211888658809 35
1633552338103 0.8786559640724426 36
1633552399303 0.8694280370225183 37
1633552460422 0.8619600701355883 38
1633552521278 0.8541477133463891 39
1633552585219 0.8453084291283924 40
1633552646106 0.8506489579944225 41
1633552707258 0.8498492508625208 42
1633552768370 0.8577219469201673 43
1633552829575 0.8648320820343491 44
1633552890682 0.8674320284186952 45
1633552951385 0.8778322489252083 46
1633553012679 0.8789111183287739 47
1633553073914 0.8850656327100662 48
1633553135295 0.8885011045437434 49
1633553196727 0.8942778758989035 50
1633553257803 0.8944284753916464 51
1633553319017 0.8917598446118914 52
1633553380387 0.8900049077880763 53
1633553441528 0.8979591972442318 54
1633553502691 0.8968362741299981 55
1633553563952 0.8948900371646351 56
1633553625417 0.8936074219790203 57
1633553686623 0.8832354927824541 58
1633553747694 0.8759725166960798 59
1633553812121 0.8795862988086567 60
1633553873119 0.8742639379300766 61
