1633550196140 0.8784024238942303 1
1633550258083 0.8707390635602914 2
1633550319768 0.856276116964212 3
1633550380374 0.8483398328116362 4
1633550441675 0.8390819542252591 5
1633550502308 0.8429704058229713 6
1633550564051 0.8473774031553649 7
1633550624647 0.8563302151117419 8
1633550685434 0.8663767191965857 9
1633550746593 0.8673321266962156 10
1633550807353 0.8689367626716737 11
1633550868158 0.8654229041175 12
1633550928726 0.8598273536939265 13
1633550989148 0.8557499639539011 14
1633551049668 0.8510680937843736 15
1633551110782 0.8412473644831446 16
1633551171482 0.8467265765407239 17
1633551231848 0.8447503437680509 18
1633551292276 0.8501833216682065 19
1633551355496 0.8532101757042263 20
1633551416604 0.8626798478270558 21
1633551480412 0.8640314679343217 22
1633551543946 0.8663948342475026 23
1633551605312 0.8709076892897925 24
1633551666496 0.8690617681156514 25
1633551727689 0.864268006770861 26
1633551788599 0.8650529175724111 27
1633551849607 0.8646723484779462 28
1633551910756 0.8631234498292101 29
1633551971899 0.8555495486023595 30
1633552032860 0.8554660210924222 31
1633552094126 0.8600354069765804 32
1633552155143 0.8689644087354961 33
1633552216144 0.8702347961438167 34
1633552277060 0.8752353917838669 35
1633552338103 0.8798088676491713 36
1633552399304 0.8887028690121201 37
1633552460423 0.8933767114623675 38
1633552521279 0.8976789677352627 39
1633552585220 0.9036316523368488 40
1633552646107 0.9003202021014671 41
1633552707258 0.8997572623678224 42
1633552768370 0.8942575813196412 43
1633552829575 0.8870380267603271 44
1633552890683 0.8848314715299469 45
1633552951386 0.8739394461660511 46
1633553012679 0.8711866457051988 47
1633553073915 0.8628297307058035 48
1633553135295 0.8574777967375071 49
1633553196728 0.8513909150222432 50
1633553257804 0.8492352633069213 51
1633553319018 0.8555177510245945 52
1633553380388 0.857459311700028 53
1633553441529 0.846180737707618 54
1633553502692 0.8471691611153555 55
1633553563953 0.8512345723782851 56
1633553625417 0.8603451048037932 57
1633553686624 0.8675820329329511 58
1633553747695 0.8755671235946283 59
1633553812121 0.8725119669303036 60
1633553873120 0.8786268915243677 61
