1633550196142 0.929249040946042 1
1633550258086 0.9261182582874262 2
1633550319771 0.9200269024705763 3
1633550380376 0.9171451730907947 4
1633550441678 0.9130354510415178 5
1633550502310 0.9144432665331094 6
1633550564053 0.9161980614913798 7
1633550624650 0.9193401908671198 8
1633550685437 0.9236908144066032 9
1633550746595 0.9243894085697754 10
1633550807355 0.9246754060216683 11
1633550868161 0.9232700031080332 12
1633550928728 0.9214067732667051 13
1633550989150 0.9197311876603953 14
1633551049670 0.9180066524572805 15
1633551110784 0.9137333981672191 16
1633551171484 0.9159801213680109 17
1633551231850 0.9151057396166702 18
1633551292278 0.9171287625835821 19
1633551355499 0.9181579583172115 20
1633551416606 0.9210285079271976 21
1633551480414 0.921063271247313 22
1633551543949 0.9214510533094858 23
1633551605315 0.9225215980451453 24
1633551666498 0.921174322578633 25
1633551727692 0.9197469974657676 26
1633551788602 0.9203681059669275 27
1633551849609 0.9204111182332346 28
1633551910759 0.920109865567957 29
1633551971901 0.91758051492077 30
1633552032862 0.9171543101318019 31
1633552094129 0.9186963283627849 32
1633552155146 0.921688659015678 33
1633552216146 0.9220415469757427 34
1633552277063 0.9231126644699071 35
1633552338106 0.9244123603369485 36
1633552399306 0.926474779114476 37
1633552460425 0.927263445128463 38
1633552521282 0.9274017686778434 39
1633552585223 0.9277957332205152 40
1633552646110 0.9271151956964228 41
1633552707261 0.9264700166415919 42
1633552768373 0.9260215215191263 43
1633552829578 0.9237188584691469 44
1633552890685 0.9233470844895151 45
1633552951388 0.9203858864407624 46
1633553012682 0.9192858437292138 47
1633553073917 0.9167075399767234 48
1633553135298 0.9149236359988725 49
1633553196730 0.9131838389583313 50
1633553257806 0.9122583235426381 51
1633553319020 0.9145384614805255 52
1633553380390 0.915312475964759 53
1633553441531 0.9115495083659135 54
1633553502694 0.9117911361318397 55
1633553563955 0.9135325632369538 56
1633553625420 0.9171969741816575 57
1633553686627 0.919127238621015 58
1633553747697 0.9207744772944199 59
1633553812124 0.9203951440949996 60
1633553873122 0.9221257953156083 61
