1633550196140 0.9800909053422366 1
1633550258084 0.9814905847958768 2
1633550319769 0.9837685216420445 3
1633550380374 0.9859348722062289 4
1633550441676 0.9869694217805867 5
1633550502308 0.9858987476705818 6
1633550564051 0.9850036067337258 7
1633550624648 0.9823439058290633 8
1633550685435 0.980996276306384 9
1633550746593 0.9814367011639381 10
1633550807353 0.9804067217532665 11
1633550868159 0.9811100320735304 12
1633550928726 0.9829793017290398 13
1633550989149 0.9837047232082143 14
1633551049668 0.9849363047850939 15
1633551110782 0.9862039324991669 16
1633551171482 0.9852192410863659 17
1633551231848 0.9854466601441043 18
1633551292276 0.9840636188920215 19
1633551355497 0.983095579813194 20
1633551416604 0.9793713370506207 21
1633551480412 0.9780924398063217 22
1633551543947 0.9765041923674995 23
1633551605313 0.974133300964905 24
1633551666496 0.9732860403126993 25
1633551727690 0.9752237835341598 26
1633551788600 0.9756830544690344 27
1633551849607 0.9761494310441012 28
1633551910757 0.9770946434509675 29
1633551971899 0.9796061977275998 30
1633552032860 0.9788396631846883 31
1633552094127 0.977355519354364 32
1633552155144 0.9744165554337513 33
1633552216144 0.9738515815780806 34
1633552277061 0.9710004936893468 35
1633552338104 0.9690268441150968 36
1633552399304 0.9642594838525638 37
1633552460423 0.961162323792311 38
1633552521280 0.9571409973083562 39
1633552585221 0.9519822180885829 40
1633552646108 0.9539294976007343 41
1633552707259 0.9532029868211925 42
1633552768371 0.9578007168753379 43
1633552829576 0.9604136664462763 44
1633552890683 0.9618752157488579 45
1633552951386 0.9668400167633767 46
1633553012680 0.9673921158275606 47
1633553073915 0.970586148944517 48
1633553135296 0.9723689788489258 49
1633553196728 0.9749699122349325 50
1633553257804 0.9752748739985692 51
1633553319018 0.973551963405607 52
1633553380388 0.9731590227991005 53
1633553441529 0.9769091298589159 54
1633553502692 0.9764042206421801 55
1633553563953 0.9758248116009539 56
1633553625418 0.9740445663388207 57
1633553686625 0.9706741770390774 58
1633553747695 0.9659863489334916 59
1633553812122 0.9682804803332767 60
1633553873120 0.9656316980584655 61
