1633550192558 2.4670959032498874 0
1633550254569 0.9534830079628871 0
1633550316273 0.9336913278469673 0
1633550376861 0.9884516605964073 0
1633550438203 0.9348066006715481 0
1633550498807 1.252435059272326 0
1633550560584 1.77274490411465 0
1633550621162 2.260298317212325 0
1633550681793 3.3710763967954196 0
1633550743108 2.8618101083315337 0
1633550803870 3.384004446176382 0
1633550864664 3.2427539935478795 0
1633550925253 3.1506857468531684 0
1633550985660 3.00741655092973 0
1633551046174 3.227140318430387 0
1633551107309 3.2685074402735785 0
1633551167990 3.0462590566048253 0
1633551228369 2.8546204787034255 0
1633551288734 3.0104432307756865 0
1633551349406 2.8800212640028735 0
1633551413033 2.7663748438541704 0
1633551474271 2.846968931418199 0
1633551540380 2.6149782254145695 0
1633551601769 2.527139296898475 0
1633551662858 2.305285066824693 0
1633551724145 2.4387478608351487 0
1633551785041 2.3880126292888937 0
1633551846069 2.507390667841985 0
1633551907175 2.470293483367333 0
1633551968292 2.4563602630908674 0
1633552029333 2.3139684475385227 0
1633552090565 2.191990894537706 0
1633552151616 2.3679075901324933 0
1633552212592 2.2609388864957367 0
1633552273520 2.448787318743192 0
1633552334495 2.437118878731361 0
1633552395766 2.5663904648560742 0
1633552456882 2.489071198610159 0
1633552517746 2.6117435400302593 0
1633552578798 2.7332999981366672 0
1633552642523 2.6090353122124306 0
1633552703661 2.4713586293734036 0
1633552764753 2.631962620295011 0
1633552825950 2.624123373398414 0
1633552887080 2.7349395330135637 0
1633552947767 2.978946955387409 0
1633553009079 2.7129686887447653 0
1633553070286 2.605504474273095 0
1633553131695 2.9037792590948253 0
1633553193115 2.585208848806528 0
1633553254201 2.991323648966276 0
1633553315404 3.0903040885925295 0
1633553376786 2.801606064576369 0
1633553437924 3.0223995025341326 0
1633553499090 3.3005897576992327 0
1633553560344 3.1948834052452675 0
1633553621814 3.0398620752187875 0
1633553683021 3.160858882390536 0
1633553744104 3.2387733789590687 0
1633553805455 3.0312244708721456 0
1633553869454 3.0392195609899666 0
