1633550192557 0.04738297072740701 0
1633550254568 0.055744653940200804 0
1633550316273 0.04724272672946637 0
1633550376860 0.018180850291481386 0
1633550438202 0.0044307886909406916 0
1633550498806 -0.004983768082008912 0
1633550560582 -0.023100345180584833 0
1633550621161 -0.05197196579896487 0
1633550681792 -0.07142932139910184 0
1633550743107 -0.010649157888614215 0
1633550803869 0.03837106296649346 0
1633550864663 0.0408929182932927 0
1633550925252 0.022230703097123366 0
1633550985659 0.03653820730172671 0
1633551046173 0.032164038373873785 0
1633551107308 0.022033210098743438 0
1633551167989 0.014712068381217809 0
1633551228368 -0.0003803673558510267 0
1633551288733 -0.001299095841554495 0
1633551349405 -0.019258162952386415 0
1633551413032 -0.013106345213376558 0
1633551474270 0.0025639963049728137 0
1633551540379 -0.002370092602303395 0
1633551601768 -0.009050578380433412 0
1633551662857 0.01592548953799101 0
1633551724144 0.012647176992434723 0
1633551785040 0.01879973113536835 0
1633551846069 0.024610889416474564 0
1633551907174 0.03302483925452599 0
1633551968291 0.024332947455919705 0
1633552029332 0.005987911786024387 0
1633552090565 -0.00924681221636442 0
1633552151615 -0.019707447863542116 0
1633552212591 -0.011643670155451848 0
1633552273519 0.002726357917372997 0
1633552334495 -0.008995624259114265 0
1633552395765 -0.0269269109918521 0
1633552456881 -0.018870766117022587 0
1633552517745 -0.020295593371758094 0
1633552578797 0.003930109767959668 0
1633552642522 0.034392848840126625 0
1633552703660 0.034329416087040536 0
1633552764752 0.025462039846640368 0
1633552825949 0.016463660276853122 0
1633552887079 0.023921179656799022 0
1633552947766 0.028825813761124246 0
1633553009078 0.04383556521855868 0
1633553070285 0.03862001529106727 0
1633553131694 0.014746042455618199 0
1633553193114 0.0069699816262492765 0
1633553254201 -0.004957164193575198 0
1633553315403 -0.021889918813338648 0
1633553376785 0.008353444665240553 0
1633553437923 0.03480365230486943 0
1633553499089 0.021284995729533525 0
1633553560343 -0.024253871721717026 0
1633553621813 -0.04174193281393785 0
1633553683020 -0.021021926746918607 0
1633553744103 -0.0023149350944619914 0
1633553805454 -0.006651597011547822 0
1633553869453 0.0036019511914883668 0
