1634733100964 0.9583490416061047 1
1634733170245 0.9452832599018895 2
1634733239722 0.9353015988372093 3
1634733308625 0.9184118936228197 4
1634733377883 0.9139543400254361 5
1634733446857 0.9007247569949128 6
1634733515499 0.8934539085210755 7
1634733585145 0.8745276162790697 8
1634733653635 0.8643242414607558 9
1634733722785 0.8448429551235465 10
1634733792062 0.8255530069040697 11
1634733860997 0.7998739553052325 12
1634733930315 0.7768495071765988 13
1634733999789 0.7627671352652616 14
1634734068949 0.7409378406613372 15
1634734138152 0.7140017487281977 16
1634734207780 0.7123472701671512 17
1634734280409 0.703662961028343 18
1634734351921 0.697168820403343 19
1634734425233 0.6756932458212209 20
1634734497266 0.6877662836119186 21
1634734569334 0.6697328079578488 22
1634734642147 0.6842500908430232 23
1634734712071 0.6859775277071221 24
1634734784320 0.6801862849745639 25
1634734854361 0.6893018145893895 26
1634734924044 0.6871755200763081 27
