1634733100968 0.8524993841006682 1
1634733170249 0.8285834721775721 2
1634733239726 0.8068033256213893 3
1634733308629 0.766436410445601 4
1634733377887 0.7532778934290552 5
1634733446861 0.7233102666990867 6
1634733515503 0.7077688749827256 7
1634733585149 0.6620956911550837 8
1634733653639 0.638742554818857 9
1634733722789 0.597938140395856 10
1634733792066 0.5695575379707913 11
1634733861001 0.5268984951304034 12
1634733930319 0.4815246712263204 13
1634733999794 0.4507833036549436 14
1634734068953 0.4078630663488744 15
1634734138156 0.35315619082370003 16
1634734207784 0.3425310430874206 17
1634734280413 0.31704263563261775 18
1634734351925 0.30173284229107955 19
1634734425237 0.23805174891565783 20
1634734497270 0.24988952234895204 21
1634734569340 0.19373387337529793 22
1634734642151 0.1884338571977119 23
1634734712075 0.16601970915867406 24
1634734784324 0.12390705008130637 25
1634734854365 0.13713674387280259 26
1634734924048 0.1194632959491597 27
