1634733100967 0.8790171815389985 1
1634733170248 0.8527828903988672 2
1634733239725 0.8288914031050955 3
1634733308628 0.7817365062919405 4
1634733377886 0.7713438938438928 5
1634733446860 0.7349076128298164 6
1634733515502 0.7180318591984142 7
1634733585148 0.678538250496682 8
1634733653638 0.6582305519497691 9
1634733722788 0.6189732332581266 10
1634733792065 0.5881559124430311 11
1634733861000 0.5468847295607916 12
1634733930318 0.4976151733013076 13
1634733999793 0.46423439538289335 14
1634734068952 0.42267959224751517 15
1634734138155 0.36832616680351266 16
1634734207783 0.3567887589080578 17
1634734280412 0.32911195283339806 18
1634734351924 0.3124876822857682 19
1634734425236 0.2534400303882143 20
1634734497269 0.25619316820719545 21
1634734569338 0.204285340581352 22
1634734642150 0.19353406682164853 23
1634734712074 0.16931777622670816 24
1634734784323 0.12381917471095914 25
1634734854363 0.138112562475641 26
1634734924047 0.11901813381441878 27
