1634733100970 3.6722327802243395 1
1634733170251 3.9048426762306345 2
1634733239728 4.087168926883094 3
1634733308631 4.351760930522406 4
1634733377889 4.432656405993274 5
1634733446863 4.748961905089042 6
1634733515505 4.873317800466066 7
1634733585151 5.285280604870673 8
1634733653641 5.505737764187931 9
1634733722791 5.8568350465710095 10
1634733792067 6.474259578226603 11
1634733861002 6.791505012406384 12
1634733930321 6.896143540827513 13
1634733999795 6.991438071859263 14
1634734068955 7.102464175599124 15
1634734138157 7.2741138944207995 16
1634734207786 7.287777993963976 17
1634734280415 7.319107278643969 18
1634734351926 7.359075865240578 19
1634734425238 7.4208800906944825 20
1634734497272 7.321247125402157 21
1634734569343 7.439188945928459 22
1634734642153 7.268647527991662 23
1634734712077 7.240937710826341 24
1634734784326 7.247983938552887 25
1634734854366 7.178955349897643 26
1634734924050 7.184658924023667 27
