1634733100968 0.7893579487509709 1
1634733170249 0.7537673184376519 2
1634733239725 0.723503726610338 3
1634733308628 0.6715642022361659 4
1634733377887 0.6532677765325862 5
1634733446861 0.6185177920480378 6
1634733515502 0.5992616153975193 7
1634733585149 0.5502398026277155 8
1634733653638 0.5254533241313628 9
1634733722789 0.4818560204269605 10
1634733792065 0.4471574557845572 11
1634733861000 0.39704626018857714 12
1634733930319 0.3499096465806342 13
1634733999793 0.320321293659762 14
1634734068953 0.28266165623723066 15
1634734138155 0.23545396059931242 16
1634734207783 0.22631361930203933 17
1634734280413 0.2062598225814572 18
1634734351924 0.19482910822470867 19
1634734425236 0.14541489787439738 20
1634734497269 0.15736191106094838 21
1634734569339 0.11524888305408997 22
1634734642150 0.1137338841768303 23
1634734712075 0.09940748258132726 24
1634734784324 0.07316889501091461 25
1634734854364 0.08118010880320807 26
1634734924048 0.07033427965344095 27
