1634733100969 0.8874046027797203 1
1634733170250 0.8651922490152836 2
1634733239727 0.8485682858900168 3
1634733308630 0.8242056556470365 4
1634733377888 0.813943351932833 5
1634733446862 0.796909674115992 6
1634733515504 0.7867926698809323 7
1634733585150 0.7666958913573785 8
1634733653640 0.7564783291043533 9
1634733722790 0.733473887630232 10
1634733792067 0.7116575002643748 11
1634733861002 0.6819742918130086 12
1634733930320 0.6429011155374005 13
1634733999795 0.6152386538551257 14
1634734068954 0.582666872308516 15
1634734138157 0.5378154433908365 16
1634734207785 0.526198371409034 17
1634734280414 0.49742113534348137 18
1634734351926 0.4789979852300656 19
1634734425238 0.41745230154436913 20
1634734497271 0.41196656373708584 21
1634734569342 0.36633565279046176 22
1634734642152 0.34758576588525386 23
1634734712077 0.3181206569491676 24
1634734784325 0.26653196221941045 25
1634734854366 0.28177899949017926 26
1634734924049 0.2632225112421871 27
