1634733100965 0.8185115309293708 1
1634733170246 0.7596489148660568 2
1634733239723 0.7213824810421254 3
1634733308626 0.6634352356472072 4
1634733377884 0.6433503790656002 5
1634733446859 0.605727174593501 6
1634733515500 0.5847036686716682 7
1634733585146 0.5370687968399421 8
1634733653636 0.5141299169332547 9
1634733722786 0.4759817062774107 10
1634733792063 0.46576599368996935 11
1634733860998 0.44590349465708606 12
1634733930316 0.4211085218912818 13
1634733999791 0.4038736818461017 14
1634734068951 0.3709116300975248 15
1634734138153 0.3288911028367982 16
1634734207781 0.32280007137158184 17
1634734280410 0.30418037760847777 18
1634734351922 0.2923016250351957 19
1634734425234 0.24582884514776382 20
1634734497267 0.2550977895429566 21
1634734569336 0.21472823510463182 22
1634734642148 0.2144684982268475 23
1634734712073 0.19595365242757837 24
1634734784322 0.1518444175301669 25
1634734854362 0.17023822905327343 26
1634734924045 0.15174805683467574 27
