1634733100966 0.9297861663089031 1
1634733170247 0.9492707092636813 2
1634733239724 0.9565629115297756 3
1634733308627 0.964841160506938 4
1634733377885 0.9651097700990131 5
1634733446859 0.9700303249334974 6
1634733515501 0.971593979162071 7
1634733585147 0.9751478530197706 8
1634733653637 0.9756159626891872 9
1634733722787 0.9643860005622795 10
1634733792063 0.9104726595850161 11
1634733860999 0.8420081965521757 12
1634733930317 0.763332785470279 13
1634733999791 0.7105676539618796 14
1634734068951 0.6659190478674821 15
1634734138153 0.6028477399427293 16
1634734207782 0.581978938154881 17
1634734280411 0.5350582224696158 18
1634734351923 0.5069605219097408 19
1634734425234 0.4136240535103397 20
1634734497268 0.39496869589227473 21
1634734569337 0.3291535522738219 22
1634734642149 0.28798941471383616 23
1634734712073 0.24225538812849592 24
1634734784322 0.17505389040661679 25
1634734854362 0.18893381036116644 26
1634734924046 0.1661435789255626 27
