1634733100969 0.9396264969236495 1
1634733170250 0.9379037511421859 2
1634733239726 0.9326200922399227 3
1634733308630 0.9235482922846723 4
1634733377888 0.9196355984889432 5
1634733446862 0.9132304175396633 6
1634733515504 0.9085926801443542 7
1634733585150 0.897915608648943 8
1634733653639 0.8920711526190154 9
1634733722790 0.8748995279193462 10
1634733792066 0.8502491017941693 11
1634733861001 0.8162264604049523 12
1634733930320 0.7777358969937416 13
1634733999794 0.7520808051300877 14
1634734068954 0.7232127996689115 15
1634734138156 0.6843849384506087 16
1634734207784 0.6750307326446955 17
1634734280414 0.6515248510330085 18
1634734351925 0.6358390205212828 19
1634734425237 0.5860566344321306 20
1634734497271 0.5845348771857476 21
1634734569341 0.5505588050162733 22
1634734642152 0.5423198034989128 23
1634734712076 0.5246916147146511 24
1634734784325 0.49376102207941486 25
1634734854365 0.5047834779342111 26
1634734924049 0.49578896835190256 27
