1634733100967 0.9509224219745415 1
1634733170248 0.9284521114081118 2
1634733239724 0.9116130878847258 3
1634733308627 0.886491069885417 4
1634733377886 0.8791144619449239 5
1634733446860 0.8621254120861327 6
1634733515501 0.8519345891508601 7
1634733585148 0.8282749155562783 8
1634733653637 0.8162002039986073 9
1634733722787 0.794623230919715 10
1634733792064 0.7981838842401041 11
1634733860999 0.7982804960892125 12
1634733930318 0.8002369650153871 13
1634733999792 0.8012726263581402 14
1634734068952 0.7884520171416204 15
1634734138154 0.7738560081568406 16
1634734207782 0.7765210569888535 17
1634734280412 0.7760220889639088 18
1634734351923 0.7726108378409472 19
1634734425235 0.7658686645609274 20
1634734497268 0.781573048044399 21
1634734569337 0.7788378247612927 22
1634734642149 0.803236799972021 23
1634734712074 0.8136781552955846 24
1634734784323 0.8191407625583552 25
1634734854363 0.8269397081299951 26
1634734924047 0.8314037888543038 27
