1634733097722 -0.13831013363677186 0
1634733167482 -0.13441106870576933 0
1634733236932 -0.15036967745074978 0
1634733305851 -0.13650003501347133 0
1634733375092 -0.15072526250566756 0
1634733444077 -0.14026670796530588 0
1634733512717 -0.1396649255381002 0
1634733582346 -0.14741366792034793 0
1634733650873 -0.13887880529676164 0
1634733720000 -0.14686040289990313 0
1634733789203 -0.1346529544173897 0
1634733858267 -0.1308768917987873 0
1634733927581 -0.13859903889817077 0
1634733996960 -0.12619397779563804 0
1634734066189 -0.1306102020399911 0
1634734135442 -0.11858645429858913 0
1634734205001 -0.1144761551510204 0
1634734277650 -0.11884825260608227 0
1634734349124 -0.1067173450024097 0
1634734420336 -0.10756238133876354 0
1634734494414 -0.09792872992428867 0
1634734566456 -0.09476505471514417 0
1634734639374 -0.09655250009004172 0
1634734709307 -0.08653102292642965 0
1634734781376 -0.0871667486506623 0
1634734851595 -0.07753570590700422 0
1634734921288 -0.07176405539760342 0
