1634733097723 12.742911428600163 0
1634733167483 2.4399832471624596 0
1634733236933 1.8776267093497436 0
1634733305852 1.5390783246461448 0
1634733375093 1.5977580988561952 0
1634733444078 1.3708710833029314 0
1634733512718 1.2847292794809713 0
1634733582347 1.5061846166462094 0
1634733650874 1.3572391449631034 0
1634733720001 1.3827484745483893 0
1634733789205 1.38611772075876 0
1634733858268 1.5095879334908027 0
1634733927582 1.4075302946103083 0
1634733996961 1.3794585458644024 0
1634734066190 1.4058589567611743 0
1634734135443 1.4058090885738275 0
1634734205002 1.4203441232055813 0
1634734277651 1.3506266335388282 0
1634734349125 1.323264589944443 0
1634734420337 1.4433402109455753 0
1634734494415 1.301088917177993 0
1634734566457 1.3389165080212928 0
1634734639374 1.2830955962856094 0
1634734709308 1.4624334376353723 0
1634734781378 1.1482956800367925 0
1634734851596 1.1456457124902057 0
1634734921289 1.160041332244873 0
