1634585741470 0.9648519826489825 1
1634585812145 0.9628585460574128 2
1634585883190 0.9598916696947675 3
1634585953475 0.9547496706940407 4
1634586024131 0.9539218636446221 5
1634586094528 0.9503514489462209 6
1634586164922 0.9479534770167151 7
1634586235542 0.9448991642441861 8
1634586305549 0.9411746002906977 9
1634586376135 0.9384388058684593 10
1634586446429 0.9385753542877907 11
1634586516351 0.9409375567768895 12
1634586588606 0.9417091547056686 13
1634586660298 0.9401106013808139 14
1634586730675 0.9398167809774709 15
1634586801219 0.9374818313953488 16
1634586871287 0.9373674259629361 17
1634586942332 0.9391973451126453 18
1634587012747 0.9419850903888082 19
1634587085271 0.9412160474200582 20
1634587156859 0.9461709665697674 21
1634587229576 0.9463716728742733 22
1634587303627 0.9507772756177325 23
1634587374297 0.9547076557957849 24
1634587447466 0.9565628406613372 25
1634587522234 0.9587246207303779 26
1634587597755 0.9593838004178779 27
1634587673120 0.9626731695130814 28
1634587746967 0.9629942428234012 29
1634587821239 0.9648403433866279 30
1634587895418 0.9651523323946221 31
1634587969509 0.9663355627725291 32
1634588045012 0.966138546965843 33
1634588119858 0.9666265443313954 34
1634588194128 0.966623421602471 35
1634588270826 0.9671559888263082 36
1634588344876 0.967368902162064 37
1634588420411 0.9668210051780524 38
1634588494834 0.9667662154796511 39
1634588571469 0.9670716751453489 40
1634588647416 0.9664232830668604 41
1634588721886 0.9666816179142442 42
1634588797175 0.9658677212027617 43
1634588871986 0.9661433730014535 44
1634588946493 0.9659244980922965 45
1634589021726 0.9661834007085756 46
1634589096413 0.9654265647710756 47
1634589171681 0.9653819949127908 48
1634589246017 0.9650044285973837 49
1634589320710 0.9650753997093023 50
1634589393108 0.9653819949127908 51
1634589465462 0.9652846225472383 52
1634589539601 0.9658733988917151 53
1634589612876 0.9657865302507267 54
1634589686528 0.9658594885537791 55
1634589756281 0.9662157635356105 56
1634589825499 0.9666123501090116 57
1634589895178 0.966684456758721 58
1634589964809 0.9674120525981105 59
1634590037122 0.9673720248909884 60
1634590106634 0.9676229787427325 61
1634590176504 0.967688839934593 62
1634590247328 0.9678685387899709 63
1634590317404 0.9675945902979651 64
1634590387289 0.9677382358284884 65
1634590456553 0.9676590320675872 66
1634590526064 0.9676851494367733 67
1634590596188 0.9676215593204942 68
1634590665466 0.9678015420603198 69
1634590735374 0.9671474722928779 70
1634590804846 0.9676587481831396 71
1634590874538 0.9671202193859012 72
1634590944536 0.9676113394803779 73
1634591014607 0.9671170966569768 74
1634591084335 0.9672564839207849 75
1634591153923 0.9663605446039244 76
1634591223588 0.9666322220203488 77
1634591293848 0.9669882131177325 78
1634591363127 0.966953863099564 79
1634591434895 0.9670347701671511 80
1634591504614 0.9673788381177325 81
1634591574197 0.9673317132994186 82
1634591644472 0.967172738008721 83
1634591713943 0.9676394440406977 84
1634591783887 0.9672244049781977 85
1634591853394 0.9671806867732559 86
1634591923050 0.966896234556686 87
1634591993291 0.9674112009447674 88
1634592063731 0.9673581145530523 89
1634592134491 0.9670631586119186 90
1634592204365 0.9672698264898256 91
1634592274230 0.9671406590661337 92
1634592344224 0.967054074309593 93
1634592413719 0.9666498228561047 94
1634592483579 0.9670134788335756 95
1634592553496 0.9667355559593023 96
1634592622996 0.965890999727471 97
1634592693315 0.9658447265625 98
1634592762850 0.9664173214934593 99
1634592834801 0.9668190179869186 100
1634592904311 0.9663179619367732 101
1634592974221 0.9663701966751453 102
1634593044591 0.9669524436773256 103
1634593114388 0.9665652252906977 104
1634593184215 0.9666276798691861 105
1634593254074 0.9671775640443314 106
1634593324175 0.9667738803597383 107
1634593394557 0.9670024073401163 108
1634593464545 0.9672283793604651 109
1634593534591 0.967161382630814 110
1634593604191 0.9675216319949128 111
1634593674043 0.9674969340479651 112
1634593744458 0.9677825218023256 113
1634593815150 0.9676207076671511 114
1634593885343 0.9674989212390989 115
1634593954992 0.9671298714571221 116
1634594024930 0.9674041038335756 117
1634594095434 0.966869265534157 118
1634594165403 0.9674148914425872 119
1634594237696 0.9671344136082849 120
1634594307785 0.9668499613917151 121
1634594377522 0.9668783498364826 122
1634594448082 0.966759402252907 123
1634594517976 0.9668042559956396 124
1634594588087 0.9670330668604651 125
1634594658227 0.9670228470203488 126
1634594728299 0.9665399595748546 127
1634594798850 0.9668167469113372 128
1634594868579 0.9667937522710756 129
1634594938598 0.9661365597747092 130
1634595008610 0.9665870843931686 131
1634595078646 0.9668652911518896 132
1634595149343 0.966724484465843 133
1634595219407 0.9673785542332849 134
1634595289619 0.9667914811954942 135
1634595359473 0.9676905432412791 136
1634595429401 0.9675786927688953 137
1634595500892 0.9677135378815407 138
1634595570675 0.9678026775981105 139
1634595642591 0.9677774118822674 140
1634595712805 0.9677694631177326 141
1634595783672 0.9678060842114825 142
1634595855447 0.9681495843931686 143
1634595926515 0.9680624318677326 144
1634595996902 0.9682239621184593 145
1634596066987 0.967979253724564 146
1634596136754 0.9681470294331396 147
1634596207160 0.9681382290152616 148
1634596277159 0.9681947220203488 149
1634596347503 0.9681734306867733 150
1634596417687 0.9681263058684593 151
1634596487811 0.9682290720385175 152
1634596558241 0.9681717273800872 153
1634596628622 0.9680612963299419 154
1634596698701 0.9680570380632267 155
1634596768585 0.968063851289971 156
1634596838598 0.9680695289789244 157
1634596909259 0.9680124682049419 158
1634596979394 0.9679937318313954 159
1634597051926 0.968032340116279 160
1634597122198 0.967930425599564 161
1634597192398 0.9678182912427326 162
1634597263330 0.9676476766896802 163
1634597333614 0.9674852947856105 164
1634597403888 0.9677265965661337 165
1634597474059 0.9673396620639535 166
1634597544274 0.9669757222020349 167
1634597615066 0.9671412268350291 168
1634597685277 0.9669813998909884 169
1634597755561 0.966734136537064 170
1634597825724 0.9667366914970931 171
1634597896011 0.9665768645530524 172
1634597966587 0.9667994299600291 173
1634598036506 0.9661192428234011 174
1634598106695 0.9660210188045059 175
1634598176691 0.9659931981286337 176
1634598246775 0.966015625 177
1634598317346 0.9653845498728197 178
1634598387237 0.9655228015988372 179
1634598459410 0.9649425417877907 180
1634598529958 0.9654251453488372 181
1634598600332 0.9647875408793605 182
1634598671236 0.9651157113008721 183
1634598741561 0.9650240166242733 184
1634598811906 0.964623171784157 185
1634598882125 0.96484375 186
1634598952200 0.9635004087936047 187
1634599022798 0.9647497842478198 188
1634599093164 0.9638904660247093 189
1634599163749 0.964174066587936 190
1634599234087 0.9644886105559592 191
1634599303984 0.9647512036700582 192
1634599374798 0.9645808730014535 193
1634599445223 0.9649326058321221 194
1634599515762 0.9657408248546512 195
1634599586293 0.9644965593204942 196
1634599656590 0.9646050031795058 197
1634599727661 0.9640690293422965 198
1634599797816 0.9646438953488372 199
1634599870202 0.9646251589752907 200
1634599940635 0.9649070562318314 201
1634600010973 0.9651069108829942 202
1634600081823 0.9650421852289244 203
1634600152497 0.9654966842296512 204
1634600222859 0.96590576171875 205
1634600293446 0.9654881676962209 206
1634600363844 0.9658021438953488 207
1634600434627 0.9657005132630814 208
1634600504875 0.9660715502361918 209
1634600575527 0.9661328692768896 210
1634600645923 0.9663046193677326 211
1634600716415 0.9664295285247093 212
1634600787484 0.9667077352834302 213
1634600857745 0.9661371275436047 214
1634600928299 0.966600710846657 215
1634600998690 0.966880620912064 216
1634601069141 0.9667321493459302 217
1634601140247 0.9669680573219477 218
1634601210635 0.9669737350109011 219
1634601283445 0.9671199355014535 220
1634601353779 0.9670571970385174 221
1634601424385 0.9671693313953489 222
1634601495679 0.9671718863553779 223
1634601566469 0.9672882789789244 224
1634601637031 0.9670543581940407 225
1634601707465 0.9671923260356105 226
1634601777711 0.9668769304142442 227
1634601848852 0.9670038267623546 228
1634601919395 0.9671270326126453 229
1634601990172 0.9672051008357558 230
1634602060470 0.9673186546148256 231
1634602131289 0.9673598178597383 232
1634602202456 0.9672261082848838 233
1634602273134 0.9671605309774709 234
1634602343871 0.9675531431686046 235
1634602414195 0.9675363939861918 236
1634602484877 0.96749267578125 237
1634602556127 0.9674410088117733 238
1634602626674 0.9677084279614826 239
1634602699427 0.9677558366642441 240
1634602770143 0.9675948741824127 241
1634602840919 0.9676434184229651 242
1634602912296 0.9674268145893895 243
1634602982969 0.9675568336664244 244
1634603053761 0.9676720907521802 245
1634603124442 0.967442144349564 246
1634603195095 0.9678796102834303 247
1634603266389 0.9674676939498547 248
1634603337090 0.9678427053052325 249
1634603407724 0.9680198492005814 250
1634603478674 0.9678733648255814 251
1634603549413 0.9677331259084302 252
1634603620707 0.9676431345385175 253
1634603691432 0.96767578125 254
1634603762185 0.9676471089207849 255
1634603832845 0.9679945834847383 256
1634603903428 0.967701046965843 257
1634603974595 0.9678560478742733 258
1634604045143 0.9677084279614826 259
1634604118289 0.9676942337390988 260
1634604189379 0.9674035360646802 261
1634604260137 0.9676371729651163 262
1634604331517 0.9676181527071221 263
1634604402384 0.9675108443859012 264
1634604473463 0.967552859284157 265
1634604544399 0.967151730559593 266
1634604615216 0.9674997728924418 267
1634604686430 0.967360953397529 268
1634604757063 0.9675426394440407 269
1634604828193 0.9675468977107559 270
1634604899099 0.9677819540334303 271
1634604969823 0.9677092796148256 272
1634605041198 0.967799554869186 273
1634605111856 0.9674799009811047 274
1634605182839 0.9675724473110465 275
1634605253430 0.9674259629360465 276
1634605324387 0.9673132608103198 277
1634605395885 0.9674256790515988 278
1634605466525 0.9673671988553779 279
1634605539524 0.9673507335574127 280
1634605610448 0.9675420716751454 281
1634605681325 0.9675778411155523 282
1634605752906 0.9677876317223837 283
1634605824130 0.9671750090843023 284
1634605895083 0.9672391669694768 285
1634605966215 0.9671798351199128 286
1634606037439 0.9674285178960755 287
1634606108645 0.9676224109738372 288
1634606179710 0.9674784815588663 289
1634606250740 0.9673595339752907 290
1634606321614 0.9673870707667152 291
1634606392522 0.9672794785610465 292
1634606463871 0.9672164562136628 293
1634606534661 0.9669938908066861 294
1634606605984 0.9669152548146802 295
1634606677019 0.9670659974563953 296
1634606748295 0.9667653638263082 297
1634606819668 0.966832644440407 298
1634606890446 0.9665998591933139 299
1634606963426 0.966343511537064 300
1634607034556 0.9667403819949127 301
1634607105515 0.9668749432231105 302
1634607177299 0.9661396825036337 303
1634607248089 0.9663554346838663 304
1634607319111 0.9661575672238372 305
1634607390051 0.966501351289971 306
1634607460795 0.9663789970930232 307
1634607532317 0.9664945380632267 308
1634607603102 0.9666935410610465 309
1634607674077 0.96697998046875 310
1634607745015 0.9666222860646803 311
1634607815780 0.966811636991279 312
1634607887587 0.9669663540152617 313
1634607958685 0.9670302280159884 314
1634608029702 0.9672073719113372 315
1634608100987 0.9672967955123547 316
1634608172127 0.9670103561046511 317
1634608243662 0.9670926825944768 318
1634608314854 0.967136968568314 319
1634608388182 0.9670543581940407 320
1634608459215 0.9672945244367732 321
1634608530436 0.9675855059956395 322
1634608601877 0.96751708984375 323
1634608672955 0.9673666310864826 324
1634608744401 0.9676828783611918 325
1634608815517 0.967247683502907 326
1634608886995 0.9670915470566861 327
1634608958745 0.9673166674236918 328
1634609030080 0.9673473269440407 329
1634609101499 0.9675826671511628 330
1634609172738 0.9671676280886627 331
1634609244139 0.9674347633539244 332
1634609315807 0.9673825286155523 333
1634609387101 0.9670376090116279 334
1634609458583 0.9670966569767442 335
1634609529696 0.9669479015261628 336
1634609600769 0.9670574809229651 337
1634609672347 0.9672491029251453 338
1634609743646 0.9670503838117732 339
1634609817336 0.9664959574854651 340
1634609888411 0.9670464094295058 341
1634609959746 0.9666850245276163 342
1634610031685 0.9662961028343023 343
1634610103167 0.9661161200944768 344
1634610174551 0.9659824105196221 345
1634610245830 0.9654850449672965 346
1634610317314 0.9653697878815407 347
1634610389351 0.9652959779251453 348
1634610460723 0.9655088912609011 349
1634610532278 0.9652542469113372 350
1634610603688 0.9653459415879361 351
1634610675116 0.9649990347928779 352
1634610747163 0.9653484965479651 353
1634610818547 0.9654648891715116 354
1634610889983 0.964744390443314 355
1634610961190 0.9655276276344477 356
1634611032623 0.9656318132267442 357
1634611104764 0.9659191042877907 358
1634611176404 0.9656113735465116 359
1634611250391 0.9659375567768895 360
1634611321638 0.9660854605741279 361
1634611393373 0.9656533884447674 362
1634611465555 0.9655460801235465 363
1634611536784 0.966527468659157 364
1634611608283 0.96676025390625 365
1634611679831 0.9664970930232558 366
1634611751402 0.9669575535973837 367
1634611823585 0.9671755768531977 368
1634611894809 0.9671307231104651 369
1634611966606 0.966892827943314 370
1634612038313 0.9669021961300872 371
1634612109718 0.9672959438590116 372
1634612181862 0.9673237645348837 373
1634612253414 0.9670571970385174 374
1634612324999 0.9675463299418605 375
1634612396265 0.9666628815406977 376
1634612467880 0.9674330600472384 377
1634612540075 0.9678131813226745 378
1634612611532 0.96719970703125 379
1634612685367 0.9675835188045058 380
1634612757082 0.9674126203670058 381
1634612828782 0.9673725926598837 382
1634612901083 0.9670858693677326 383
1634612972879 0.9669771416242733 384
1634613044551 0.9669496048328489 385
1634613116302 0.9668369027071221 386
1634613188055 0.9665845294331395 387
1634613260162 0.9662421647892442 388
1634613331918 0.9663855264353197 389
1634613403682 0.9665447856104651 390
1634613475439 0.9662132085755814 391
1634613546834 0.9657093136809592 392
1634613619114 0.9663108648255814 393
1634613690471 0.966306890443314 394
1634613762322 0.96683349609375 395
1634613833964 0.966478640534157 396
1634613906134 0.9663943268531977 397
1634613978438 0.9668008493822674 398
1634614050186 0.9670234147892441 399
1634614123860 0.9666972315588663 400
1634614195415 0.9669175258902616 401
1634614267138 0.967238883085029 402
1634614339224 0.9668837436409884 403
1634614410744 0.9671545694040697 404
1634614482563 0.966892827943314 405
1634614553830 0.9665913426598837 406
1634614625451 0.9665777162063953 407
1634614697618 0.9671156772347383 408
1634614769316 0.9669056027434593 409
1634614841122 0.9666026980377908 410
1634614912950 0.9662714048873546 411
1634614984748 0.9667929006177326 412
1634615056698 0.9664732467296512 413
1634615128631 0.9664369095203489 414
1634615200564 0.9667843840843023 415
1634615272098 0.9666208666424418 416
1634615343523 0.9665992914244186 417
1634615415562 0.9667784225109012 418
1634615487352 0.9665172488190407 419
1634615561581 0.9661320176235465 420
1634615633417 0.9662836119186047 421
1634615705139 0.9659770167151163 422
1634615777310 0.9658427393713663 423
1634615849319 0.9658171897710756 424
1634615921118 0.9651841274527616 425
1634615992871 0.9652091092841569 426
1634616064606 0.9649984670239825 427
1634616136711 0.965064328215843 428
1634616208688 0.965211664244186 429
1634616280597 0.9646876135537791 430
1634616351980 0.9650802257449128 431
1634616423605 0.9651205373364825 432
1634616495917 0.9653700717659883 433
1634616567859 0.9657447992369186 434
1634616639443 0.9656170512354652 435
1634616711183 0.9659497638081396 436
1634616782762 0.9661740325218023 437
1634616854935 0.9657726199127907 438
1634616926791 0.9658697083938953 439
1634617001192 0.9662898573764535 440
1634617072992 0.9665476244549419 441
1634617144509 0.9663097292877907 442
1634617217110 0.9666643009629361 443
1634617289003 0.9663162586300872 444
1634617361068 0.9664959574854651 445
1634617433235 0.9662813408430233 446
1634617505074 0.9662254156068314 447
1634617577734 0.9661303143168605 448
1634617649320 0.9662555073582849 449
1634617721452 0.9663946107376453 450
1634617793380 0.9665828261264535 451
1634617865318 0.9663242073946221 452
1634617938088 0.9664386128270349 453
1634618010131 0.9662444358648256 454
1634618082092 0.9660783634629361 455
1634618153951 0.966298941678779 456
1634618225473 0.9664874409520349 457
1634618297861 0.9659548737281977 458
1634618369439 0.9660834733829942 459
1634618443567 0.965940679505814 460
1634618515670 0.9658722633539244 461
1634618587628 0.9657919240552325 462
1634618660086 0.9657916401707849 463
1634618732155 0.9652502725290698 464
1634618804374 0.9651120208030524 465
1634618876337 0.9655807140261627 466
1634618948188 0.9657805686773255 467
1634619020843 0.9656712731649709 468
1634619092890 0.9656582144803779 469
1634619165051 0.9654864643895349 470
1634619237142 0.9658580691315407 471
1634619309147 0.9654384879178779 472
1634619381747 0.965967648528343 473
1634619453761 0.9666174600290698 474
1634619526097 0.9665342818859012 475
1634619598011 0.9665073128633721 476
1634619669938 0.9667875068132268 477
1634619742434 0.9664698401162791 478
1634619814627 0.9663364144258721 479
1634619889197 0.9665135583212209 480
1634619961496 0.9667222133902617 481
1634620033362 0.9663863780886628 482
1634620105943 0.9669081577034884 483
1634620178097 0.9671906227289244 484
1634620250696 0.9666796307231105 485
1634620323015 0.9666478356649709 486
1634620395018 0.966306890443314 487
1634620467710 0.9663287495457848 488
1634620539856 0.9664593363917151 489
1634620612360 0.9669953102289244 490
1634620684695 0.9663094454033431 491
1634620757187 0.9668249795603198 492
1634620829962 0.9664383289425872 493
1634620902071 0.9665541537972384 494
1634620974439 0.9666290992914244 495
1634621046792 0.9662895734920058 496
1634621119207 0.9661073196765988 497
1634621191825 0.9659665129905524 498
1634621263719 0.9661890783975291 499
1634621338499 0.9656369231468023 500
1634621410511 0.9658915674963663 501
1634621483221 0.9660834733829942 502
1634621556627 0.9663772937863372 503
