1634585741639 0.9648519826489825 1
1634585812467 0.9628585460574128 2
1634588271200 0.9671559888263082 36
1634588345263 0.967368902162064 37
1634588571927 0.9670716751453489 40
1634589965197 0.9674120525981105 59
1634590107066 0.9676229787427325 61
1634590176948 0.967688839934593 62
1634590247775 0.9678685387899709 63
1634590944955 0.9676113394803779 73
1634591993718 0.9674112009447674 88
1634592064224 0.9673581145530523 89
1634593744988 0.9677825218023256 113
1634595429979 0.9675786927688953 137
1634595713382 0.9677694631177326 141
1634595784289 0.9678060842114825 142
1634595856023 0.9681495843931686 143
