1634585741644 0.8622114982990096 1
1634585812470 0.8634225996033051 2
1634588271204 0.8648421765517373 36
1634588345267 0.8660063571767855 37
1634588571930 0.8666285228863941 40
1634589965200 0.8675737902534751 59
1634590107069 0.8678843606350407 61
1634590176951 0.8685381777033985 62
1634590247778 0.8694466930415284 63
1634590944958 0.8701849211345758 73
1634591993721 0.8701909265014688 88
1634592064227 0.8705323465024282 89
1634593744991 0.870923041265164 113
1634595429982 0.8711083623457433 137
1634595713385 0.8711788898954084 141
1634595784293 0.8714168339761669 142
1634595856027 0.8727985046970923 143
