1634585741476 0.8622114982990096 1
1634585812149 0.8634225996033051 2
1634585883194 0.8529962975203734 3
1634585953479 0.8431806397609519 4
1634586024135 0.8396152670886678 5
1634586094532 0.8325955909116577 6
1634586164926 0.8249747937399178 7
1634586235545 0.815987054697566 8
1634586305553 0.8042394725443479 9
1634586376140 0.7957210036124358 10
1634586446433 0.7915445022282457 11
1634586516355 0.7942958862107741 12
1634586588610 0.7952019590753265 13
1634586660302 0.7842094475195432 14
1634586730679 0.7794150932524533 15
1634586801223 0.7718805572890897 16
1634586871291 0.7720179733971989 17
1634586942336 0.7728167994363032 18
1634587012751 0.7806514902857995 19
1634587085275 0.7777852606840624 20
1634587156866 0.7902896652377565 21
1634587229580 0.7935107007662983 22
1634587303632 0.8034815061923498 23
1634587374301 0.8184191262464935 24
1634587447471 0.8198362103676302 25
1634587522239 0.8321129680985067 26
1634587597759 0.8313312743852362 27
1634587673124 0.8410815513028452 28
1634587746971 0.8431137165810599 29
1634587821243 0.8527688780889557 30
1634587895424 0.8559121899471654 31
1634587969513 0.8601962488547336 32
1634588045016 0.8557099288033118 33
1634588119862 0.8626945720170289 34
1634588194132 0.858393031326244 35
1634588270830 0.8648421765517373 36
1634588344881 0.8660063571767855 37
1634588420415 0.8647469498880851 38
1634588494838 0.86573016607046 39
1634588571473 0.8666285228863941 40
1634588647420 0.8659906217314761 41
1634588721890 0.8665582190602772 42
1634588797182 0.8650895300653448 43
1634588871990 0.8654708515035686 44
1634588946497 0.8656580717503215 45
1634589021729 0.8657400453269614 46
1634589096417 0.8649160530507563 47
1634589171685 0.8637305166920214 48
1634589246021 0.8623697980191698 49
1634589320714 0.8628201253006241 50
1634589393112 0.8634135108873348 51
1634589465466 0.8634446883159884 52
1634589539605 0.8645511571676978 53
1634589612880 0.864301068295992 54
1634589686533 0.8632042084187047 55
1634589756285 0.8648915289530376 56
1634589825503 0.8652753767284814 57
1634589895182 0.8660811269577301 58
1634589964813 0.8675737902534751 59
1634590037126 0.8670151386326441 60
1634590106638 0.8678843606350407 61
1634590176508 0.8685381777033985 62
1634590247332 0.8694466930415284 63
1634590317408 0.8687136680325479 64
1634590387293 0.8691368792906919 65
1634590456559 0.8691064487379103 66
1634590526068 0.8691619240914051 67
1634590596192 0.8691377140885275 68
1634590665470 0.8693246337507273 69
1634590735378 0.8638198459813693 70
1634590804850 0.8693055072832157 71
1634590874542 0.8683155465250759 72
1634590944540 0.8701849211345758 73
1634591014611 0.8689254524479997 74
1634591084339 0.8689539183330119 75
1634591153927 0.8671540847046426 76
1634591223592 0.8682409224128237 77
1634591293852 0.8696517497900778 78
1634591363131 0.8691976923674591 79
1634591434899 0.8693537890611399 80
1634591504618 0.8692807223752148 81
1634591574201 0.8693574075710777 82
1634591644476 0.8692589234239478 83
1634591713947 0.8698661045043357 84
1634591783891 0.8690044794013069 85
1634591853398 0.8694230009861514 86
1634591923054 0.8697924059019101 87
1634591993295 0.8701909265014688 88
1634592063735 0.8705323465024282 89
1634592134495 0.8692650454228871 90
1634592204369 0.869969129881768 91
1634592274234 0.8695784098238912 92
1634592344228 0.8691588777674149 93
1634592413723 0.8691608604912312 94
1634592483583 0.8699246474328225 95
1634592553499 0.869785358483379 96
1634592623000 0.8682272954505078 97
1634592693320 0.8675736021334083 98
1634592762854 0.8690342948998014 99
1634592834805 0.8699972297836016 100
1634592904315 0.8691285065295703 101
1634592974225 0.8689338290754143 102
1634593044595 0.8700019880046826 103
1634593114392 0.8697284271965751 104
1634593184219 0.8691220894622288 105
1634593254078 0.8701474771861258 106
1634593324179 0.8690018958761193 107
1634593394561 0.8692309989008162 108
1634593464549 0.8694699030969065 109
1634593534595 0.8695503088080929 110
1634593604195 0.870275279914432 111
1634593674047 0.8704307813847655 112
1634593744462 0.870923041265164 113
1634593815154 0.8705559480508203 114
1634593885347 0.8697512528109728 115
1634593954996 0.8697551195648684 116
1634594024934 0.8698778311630201 117
1634594095438 0.8689513670586948 118
1634594165407 0.8700384077062606 119
1634594237700 0.8695767599334576 120
1634594307789 0.8690119582474352 121
1634594377526 0.868997413406513 122
1634594448086 0.8692216528109472 123
1634594517979 0.8692702313326082 124
1634594588091 0.86919065508555 125
1634594658231 0.8689180618966847 126
1634594728303 0.8695789622202605 127
1634594798854 0.8695414916012392 128
1634594868583 0.869503453590879 129
1634594938602 0.8682570419431473 130
1634595008614 0.8693565560016818 131
1634595078649 0.8695462575144637 132
1634595149347 0.8690976905431363 133
1634595219411 0.8708306115917428 134
1634595289623 0.8694321768337069 135
1634595359477 0.8706725660352564 136
1634595429405 0.8711083623457433 137
1634595500896 0.870915470592792 138
1634595570679 0.8710414524113265 139
1634595642595 0.8709953753806076 140
1634595712809 0.8711788898954084 141
1634595783676 0.8714168339761669 142
1634595855450 0.8727985046970923 143
1634595926519 0.8721247782711462 144
1634595996906 0.8716101399413922 145
1634596066990 0.8702554676022077 146
1634596136758 0.8718437524395944 147
1634596207164 0.8711726217364862 148
1634596277163 0.8714194542495677 149
1634596347507 0.8713301259373808 150
1634596417690 0.8699951547213199 151
1634596487815 0.8712072338691408 152
1634596558244 0.8716206900789726 153
1634596628626 0.8702192480628714 154
1634596698706 0.8703758566530443 155
1634596768589 0.8698814850918568 156
1634596838602 0.8705162132976222 157
1634596909263 0.8695220196827426 158
1634596979398 0.8703588996012893 159
1634597051930 0.8704703754407737 160
1634597122202 0.8699698301698663 161
1634597192402 0.8694178645472289 162
1634597263334 0.8685367164395138 163
1634597333618 0.8681034492764635 164
1634597403892 0.8673547303571589 165
1634597474063 0.8680527459802441 166
1634597544278 0.8666722213915667 167
1634597615070 0.8670006567050209 168
1634597685281 0.8663846013978219 169
1634597755565 0.8657978339810969 170
1634597825728 0.8658402973525449 171
1634597896015 0.865500881551202 172
1634597966591 0.8662198833419881 173
1634598036510 0.8646415632628754 174
1634598106699 0.8653656653378491 175
1634598176695 0.8640425540293191 176
1634598246779 0.8640091485115601 177
1634598317350 0.8626154973370527 178
1634598387240 0.862498447728756 179
1634598459413 0.8595757734050962 180
1634598529962 0.8627003806659207 181
1634598600336 0.8620126256362202 182
1634598671240 0.8626027649117272 183
1634598741565 0.862598000305402 184
1634598811910 0.8610900794467656 185
1634598882129 0.8622296376363912 186
1634598952204 0.860269439729274 187
1634599022802 0.8620957791756347 188
1634599093167 0.8606107768019509 189
1634599163753 0.8611816838507255 190
1634599234091 0.8615053915246181 191
1634599303988 0.8616409662026856 192
1634599374802 0.8605029426960078 193
1634599445227 0.8609793326329044 194
1634599515765 0.8610851444496342 195
1634599586297 0.8609642995293761 196
1634599656594 0.8608586975525692 197
1634599727665 0.8599466948411271 198
1634599797820 0.8608876103495962 199
1634599870206 0.8612392570043161 200
1634599940639 0.861482068720046 201
1634600010977 0.8617056790373424 202
1634600081827 0.860258041835823 203
1634600152501 0.8630158395820114 204
1634600222862 0.863320756523159 205
1634600293450 0.8622778413542994 206
1634600363848 0.8626901428983555 207
1634600434631 0.8628051561177442 208
1634600504879 0.8585708153086996 209
1634600575531 0.8600324443400058 210
1634600645927 0.8609212549880368 211
1634600716419 0.8639564366596264 212
1634600787488 0.8657726886773782 213
1634600857749 0.8641315436503306 214
1634600928303 0.8649834678449868 215
1634600998694 0.8656252946590756 216
1634601069145 0.8645680850578485 217
1634601140252 0.8619698408430897 218
1634601210639 0.867512840112256 219
1634601283449 0.86589283505664 220
1634601353783 0.8658586546600955 221
1634601424389 0.8671646500325212 222
1634601495683 0.8673754817227833 223
1634601566473 0.8677431771987502 224
1634601637035 0.8628171874609101 225
1634601707469 0.8673465483425119 226
1634601777715 0.866006407010369 227
1634601848856 0.8650154797559494 228
1634601919400 0.8680636117933247 229
1634601990176 0.866136744980655 230
1634602060474 0.8677270840760856 231
1634602131293 0.8682394246133516 232
1634602202460 0.867924879547722 233
1634602273138 0.8686712399768829 234
1634602343875 0.8674792767608878 235
1634602414199 0.8674836779920775 236
1634602484881 0.8670297791135041 237
1634602556131 0.8646113102133984 238
1634602626678 0.8669362051864421 239
1634602699431 0.8669671367730845 240
1634602770147 0.8676220423910777 241
1634602840923 0.8647477359243271 242
1634602912299 0.8652082575055903 243
1634602982973 0.8617623763678387 244
1634603053765 0.8656950225980699 245
1634603124446 0.8651585597677928 246
1634603195099 0.8685527810194 247
1634603266393 0.8637105957179804 248
1634603337094 0.868725658249756 249
1634603407728 0.869220835492492 250
1634603478678 0.8695138386087933 251
1634603549417 0.8694976536150706 252
1634603620710 0.863120827500137 253
1634603691436 0.869152332337516 254
1634603762189 0.8686780508392021 255
1634603832848 0.869445472019582 256
1634603903432 0.8693029904693854 257
1634603974599 0.868134933753011 258
1634604045147 0.8679601322680902 259
1634604118293 0.8685088739651329 260
1634604189383 0.867330039191969 261
1634604260141 0.8674312057532176 262
1634604331521 0.8667441910340736 263
1634604402388 0.8669669519765861 264
1634604473467 0.8668562775873482 265
1634604544403 0.8665574549463895 266
1634604615220 0.8685285325920415 267
1634604686434 0.8674660565847682 268
1634604757066 0.8675327262273098 269
1634604828197 0.86802683440092 270
1634604899104 0.8686224542981129 271
1634604969828 0.8687848636891241 272
1634605041202 0.8698809947860978 273
1634605111860 0.8681594100758104 274
1634605182843 0.8693995184454755 275
1634605253434 0.8681017555513132 276
1634605324391 0.8674232249407982 277
1634605395889 0.8678221783008363 278
1634605466529 0.8679310458169032 279
1634605539528 0.8677754762626253 280
1634605610452 0.8685590730885234 281
1634605681329 0.8681004792382294 282
1634605752910 0.8692145311821095 283
1634605824134 0.8660489428747234 284
1634605895087 0.8633970268206214 285
1634605966219 0.8671604261070486 286
1634606037442 0.8679601951093258 287
1634606108649 0.8675624151694569 288
1634606179714 0.868216812779357 289
1634606250744 0.8677365344573836 290
1634606321618 0.8675427141661917 291
1634606392526 0.867263893801173 292
1634606463875 0.8671646923199554 293
1634606534665 0.8660526799063482 294
1634606605988 0.8656194157482114 295
1634606677023 0.8661219601999363 296
1634606748298 0.8659397288533299 297
1634606819673 0.8656965090509643 298
1634606890450 0.8652879322393187 299
1634606963430 0.8644003441483397 300
1634607034560 0.8657591587135008 301
1634607105519 0.8662485774423488 302
1634607177303 0.864388725114944 303
1634607248093 0.8645944103389406 304
1634607319115 0.864210112065157 305
1634607390055 0.8605248402737611 306
1634607460799 0.8643663968728846 307
1634607532321 0.8642031701458944 308
1634607603106 0.8647610611878322 309
1634607674081 0.8654202579731275 310
1634607745019 0.8642346403003602 311
1634607815784 0.8656824961440122 312
1634607887590 0.8654298937816374 313
1634607958689 0.8655941977148583 314
1634608029705 0.8663191751635305 315
1634608100991 0.8663726928115878 316
1634608172131 0.8650425348019153 317
1634608243666 0.8651048247354088 318
1634608314858 0.8653474041302933 319
1634608388186 0.8648529983716402 320
1634608459219 0.8656080656997315 321
1634608530440 0.8674754215635924 322
1634608601881 0.866283449960557 323
1634608672959 0.8650684397182515 324
1634608744406 0.8674572863507011 325
1634608815521 0.8660209844478386 326
1634608886999 0.8652825053956259 327
1634608958749 0.8663580360315829 328
1634609030084 0.8662928262587785 329
1634609101502 0.8668806265536543 330
1634609172742 0.8658090007835635 331
1634609244143 0.8661452453227416 332
1634609315811 0.86579563789503 333
1634609387104 0.8650988012915632 334
1634609458587 0.8651190428803719 335
1634609529699 0.865957975121616 336
1634609600773 0.866015303650259 337
1634609672351 0.8669067710257149 338
1634609743650 0.8668969954977604 339
1634609817340 0.8653811672914825 340
1634609888415 0.8665725546646432 341
1634609959749 0.865674335248646 342
1634610031689 0.8641137789216098 343
1634610103170 0.8634357410318245 344
1634610174556 0.8638082666083935 345
1634610245834 0.86307413025579 346
1634610317319 0.8626106442077376 347
1634610389355 0.8623876250737517 348
1634610460727 0.8624597197220301 349
1634610532282 0.8578737438168648 350
1634610603692 0.8618990659994948 351
1634610675120 0.8604891048163068 352
1634610747167 0.8610229303493616 353
1634610818551 0.8619130673179454 354
1634610889987 0.8572561138925394 355
1634610961194 0.8618554911742562 356
1634611032626 0.86216847617378 357
1634611104768 0.8628909858676763 358
1634611176408 0.8617286931049966 359
1634611250395 0.8624225703499154 360
1634611321641 0.8627089949639333 361
1634611393377 0.8620051978922211 362
1634611465559 0.8601671102871997 363
1634611536788 0.863308767129808 364
1634611608287 0.8639087078086269 365
1634611679835 0.8640914916063215 366
1634611751406 0.8650387078047012 367
1634611823589 0.8663007614440643 368
1634611894813 0.8658791626727906 369
1634611966610 0.8649055776443421 370
1634612038317 0.8639820543140175 371
1634612109722 0.8663485752596007 372
1634612181865 0.8663392162135749 373
1634612253419 0.8653523436830427 374
1634612325003 0.8662133298764023 375
1634612396269 0.863892622350058 376
1634612467884 0.8658791520877716 377
1634612540079 0.8668395778670698 378
1634612611536 0.8653015740300922 379
1634612685371 0.8636832368352305 380
1634612757086 0.8651883120988387 381
1634612828786 0.8653839357229366 382
1634612901087 0.8641627650515039 383
1634612972883 0.8599010864205092 384
1634613044555 0.864368231034088 385
1634613116306 0.8639273747123647 386
1634613188059 0.8628263744999162 387
1634613260166 0.8621023076285877 388
1634613331922 0.861805731248556 389
1634613403686 0.8620582007984171 390
1634613475442 0.8591091433488619 391
1634613546838 0.8599551364742429 392
1634613619118 0.8622473933536628 393
1634613690475 0.8617296042649941 394
1634613762326 0.8614399109893047 395
1634613833968 0.8626202901326075 396
1634613906138 0.862237669044805 397
1634613978442 0.8632565715183861 398
1634614050189 0.862477017154499 399
1634614123864 0.8601752494031285 400
1634614195419 0.8635010450302671 401
1634614267142 0.8641315617650837 402
1634614339228 0.863908494317062 403
1634614410748 0.8634305603059264 404
1634614482567 0.8614908314097914 405
1634614553834 0.8612631540525825 406
1634614625455 0.8571998859171553 407
1634614697622 0.8630166491153762 408
1634614769320 0.8616078494600709 409
1634614841126 0.8605453567808037 410
1634614912954 0.8580583532678728 411
1634614984752 0.8599499155085929 412
1634615056702 0.8600198610588976 413
1634615128635 0.8599208776013006 414
1634615200567 0.8606610089815319 415
1634615272102 0.8609127467144158 416
1634615343527 0.8593411718681684 417
1634615415566 0.8607533793314873 418
1634615487356 0.8584437816878965 419
1634615561585 0.8585437903185911 420
1634615633421 0.860111340647146 421
1634615705143 0.8546430863006901 422
1634615777314 0.8566801254958271 423
1634615849323 0.8566866054743324 424
1634615921122 0.8563541527463201 425
1634615992875 0.8556994120798117 426
1634616064610 0.8568357176708188 427
1634616136715 0.8532553070889364 428
1634616208692 0.8537989230633946 429
1634616280601 0.8525514461891118 430
1634616351984 0.8548861921802489 431
1634616423609 0.8511647892158466 432
1634616495921 0.8535123050265311 433
1634616567862 0.8540649231599138 434
1634616639446 0.8542159824899248 435
1634616711187 0.8538063259916763 436
1634616782766 0.8575153411274906 437
1634616854939 0.8533227688605021 438
1634616926794 0.8548337900733389 439
1634617001196 0.854609487828276 440
1634617072996 0.8581401184770997 441
1634617144513 0.8563697073473723 442
1634617217115 0.8560483385150311 443
1634617289007 0.8547302213423976 444
1634617361072 0.8547303947044222 445
1634617433239 0.8560593733987504 446
1634617505078 0.8564188699719405 447
1634617577738 0.8576682566730491 448
1634617649324 0.8564177515877717 449
1634617721456 0.8573699814107925 450
1634617793384 0.8588120181991717 451
1634617865322 0.8544826518066597 452
1634617938092 0.85474016553162 453
1634618010135 0.8530786133627588 454
1634618082096 0.8520287295787771 455
1634618153955 0.8533638321077623 456
1634618225477 0.8570173113718749 457
1634618297865 0.8554987768391755 458
1634618369442 0.8545269392112002 459
1634618443571 0.8550480341702478 460
1634618515674 0.8542332593612688 461
1634618587631 0.8565159978814951 462
1634618660090 0.8584850558646399 463
1634618732159 0.8536961522001841 464
1634618804378 0.8533343111685004 465
1634618876341 0.8548238011548769 466
1634618948191 0.8575313467503007 467
1634619020847 0.8587113798545338 468
1634619092894 0.8567499637006111 469
1634619165055 0.8573143593658191 470
1634619237146 0.854645690909568 471
1634619309151 0.8569636532587422 472
1634619381751 0.8555603312160052 473
1634619453765 0.8561502159094324 474
1634619526101 0.857290104162121 475
1634619598016 0.8567139442398605 476
1634619669942 0.8595801840580981 477
1634619742437 0.8569335513399933 478
1634619814631 0.8574556519955006 479
1634619889201 0.8585787838753718 480
1634619961500 0.8592278074378376 481
1634620033366 0.8591799363200485 482
1634620105947 0.8587464403333026 483
1634620178102 0.8615351718940151 484
1634620250700 0.8573168327292244 485
1634620323019 0.8582296143538987 486
1634620395022 0.8551767647538575 487
1634620467714 0.858545387913067 488
1634620539860 0.8596779365163197 489
1634620612364 0.8612819664906529 490
1634620684699 0.8560758354601735 491
1634620757192 0.8619518312762066 492
1634620829966 0.8602875524321012 493
1634620902075 0.8560819698922328 494
1634620974443 0.8618611989257993 495
1634621046796 0.8598964510632267 496
1634621119210 0.8600542884874328 497
1634621191829 0.8597040934161587 498
1634621263723 0.8602433139369549 499
1634621338503 0.85531737857134 500
1634621410516 0.8592729170144711 501
1634621483225 0.8552891275210408 502
1634621556631 0.8601214081672603 503
