1634585741475 0.8896707761953422 1
1634585812148 0.8858972393607683 2
1634585883193 0.8795622651371444 3
1634585953478 0.8687950895336972 4
1634586024134 0.8648840940003245 5
1634586094531 0.8571839390102368 6
1634586164925 0.8488243910922567 7
1634586235544 0.8389653916325343 8
1634586305552 0.8260790132501776 9
1634586376139 0.816734774370784 10
1634586446432 0.812153408056494 11
1634586516354 0.8151715078332471 12
1634586588609 0.8110633734754857 13
1634586660301 0.8041073021260294 14
1634586730678 0.7988481890269259 15
1634586801222 0.7865701513561131 16
1634586871290 0.7907340014306011 17
1634586942335 0.7916102646877816 18
1634587012750 0.8002044408747291 19
1634587085273 0.7970603624850683 20
1634587156863 0.8107769287046818 21
1634587229579 0.8143102074732353 22
1634587303630 0.8252475705681387 23
1634587374300 0.8365311844030415 24
1634587447470 0.8431876797400026 25
1634587522238 0.8515524905162191 26
1634587597758 0.8557970611878867 27
1634587673123 0.8664925180107741 28
1634587746970 0.8687216789026935 29
1634587821242 0.8742107591281912 30
1634587895422 0.8776587797889823 31
1634587969512 0.8823581301212637 32
1634588045015 0.8825389525138368 33
1634588119861 0.8850986376717409 34
1634588194131 0.8854821517099105 35
1634588270829 0.8874544283603242 36
1634588344879 0.888731463229637 37
1634588420414 0.8873499705405014 38
1634588494837 0.8884284984956575 39
1634588571472 0.8894139409212997 40
1634588647419 0.8887142024095274 41
1634588721889 0.8893368219283653 42
1634588797181 0.8877257600206591 43
1634588871989 0.8881440462921798 44
1634588946496 0.8883494154404037 45
1634589021728 0.888439335435187 46
1634589096416 0.887535466356697 47
1634589171683 0.8862350055550234 48
1634589246020 0.8847423804802118 49
1634589320712 0.8852363619369092 50
1634589393111 0.8858872695958008 51
1634589465465 0.8859214693262117 52
1634589539604 0.8871351979135462 53
1634589612879 0.8868608657328484 54
1634589686532 0.8856576776021506 55
1634589756284 0.887508564922975 56
1634589825502 0.8879296224317527 57
1634589895181 0.8888134811015916 58
1634589964812 0.8904508413494752 59
1634590037125 0.8898380347245841 60
1634590106637 0.8907915180435395 61
1634590176507 0.8915087153379115 62
1634590247331 0.8925053010404521 63
1634590317407 0.8917012174846827 64
1634590387292 0.8921654543239734 65
1634590456558 0.8921320738706671 66
1634590526067 0.8921929269370006 67
1634590596191 0.8921663700460887 68
1634590665469 0.8923714094714608 69
1634590735376 0.8914350351326246 70
1634590804849 0.8923504289076093 71
1634590874541 0.8912645025657723 72
1634590944539 0.8933150920608867 73
1634591014610 0.8919335320220403 74
1634591084338 0.8919647573550898 75
1634591153926 0.8899904500586642 76
1634591223591 0.8911826444834545 77
1634591293851 0.892730235739116 78
1634591363130 0.8922321625459374 79
1634591434898 0.8924033910619646 80
1634591504617 0.8923232413809753 81
1634591574200 0.8924073603458252 82
1634591644475 0.8922993292660653 83
1634591713946 0.8929653697368988 84
1634591783890 0.8920202197514336 85
1634591853397 0.8924793123062377 86
1634591923054 0.8928845268821972 87
1634591993294 0.8933216795806928 88
1634592063734 0.8936961964184799 89
1634592134494 0.8923060447240853 90
1634592204368 0.8930783822682661 91
1634592274233 0.8926497862864113 92
1634592344227 0.8921895853060927 93
1634592413722 0.892191760232728 94
1634592483582 0.8930295877451879 95
1634592553498 0.8928767962955433 96
1634592622999 0.8911676965400978 97
1634592693318 0.8904506349932796 98
1634592762853 0.8920529255278434 99
1634592834804 0.8931092061401753 100
1634592904315 0.8921562699176411 101
1634592974224 0.8919427206694595 102
1634593044594 0.8931144256173814 103
1634593114391 0.8928143461595084 104
1634593184218 0.892149230787649 105
1634593254077 0.893274018341924 106
1634593324178 0.8920173857824779 107
1634593394560 0.8922686977738545 108
1634593464548 0.8925307610501781 109
1634593534594 0.892618961192551 110
1634593604194 0.8934142101102187 111
1634593674046 0.8935847857026764 112
1634593744461 0.8941247646531134 113
1634593815153 0.8937220858720734 114
1634593885346 0.8928393844610162 115
1634593954995 0.8928436260532995 116
1634594024933 0.892978233163517 117
1634594095437 0.8919619587633639 118
1634594165406 0.8931543758002347 119
1634594237699 0.8926479764576194 120
1634594307788 0.8920284235877478 121
1634594377525 0.8920124687877566 122
1634594448085 0.892258445685478 123
1634594517978 0.8923117333495445 124
1634594588090 0.892224443078537 125
1634594658230 0.8919254250397306 126
1634594728302 0.8926503922314083 127
1634594798853 0.8926092892564612 128
1634594868582 0.892567563887954 129
1634594938601 0.8912003266213095 130
1634595008613 0.8924064262263348 131
1634595078648 0.892614517171478 132
1634595149346 0.892122466667216 133
1634595219410 0.8940233749603302 134
1634595289622 0.8924893776492193 135
1634595359476 0.8938500086611232 136
1634595429404 0.8943280505323203 137
1634595500895 0.8941164600890319 138
1634595570678 0.8942546544307918 139
1634595642594 0.8942041107491359 140
1634595712808 0.8944054149362897 141
1634595783675 0.8946664250248769 142
1634595855449 0.8961820332136472 143
1634595926518 0.8954429965729409 144
1634595996905 0.89487846983367 145
1634596066989 0.8933924772167074 146
1634596136757 0.8951347284413919 147
1634596207163 0.894398539149717 148
1634596277162 0.8946692993043727 149
1634596347506 0.8945713116149838 150
1634596417689 0.8931069299238967 151
1634596487814 0.8944365065401287 152
1634596558243 0.8948900426886687 153
1634596628624 0.8933527465995785 154
1634596698704 0.8935245366347171 155
1634596768588 0.8929822412997409 156
1634596838601 0.893678499280555 157
1634596909262 0.8925879297540288 158
1634596979397 0.8935059357871287 159
1634597051929 0.8936282179579915 160
1634597122201 0.8930791504414349 161
1634597192401 0.8924736779472152 162
1634597263333 0.8915071124208953 163
1634597333617 0.8910318448695899 164
1634597403891 0.8902105460550469 165
1634597474062 0.8909762264579209 166
1634597544277 0.8894618755060554 167
1634597615069 0.8898221489366303 168
1634597685280 0.8891463739823044 169
1634597755564 0.8885027260506931 170
1634597825727 0.8885493057693732 171
1634597896014 0.8881769874158593 172
1634597966590 0.8889656883598339 173
1634598036509 0.8872343678648889 174
1634598106698 0.888028663508355 175
1634598176694 0.8865772914097122 176
1634598246778 0.8865406476019666 177
1634598317349 0.8850118975891137 178
1634598387240 0.884883501335115 179
1634598459412 0.8816775065413045 180
1634598529961 0.8851050094039437 181
1634598600335 0.884350584243813 182
1634598671239 0.8849979308980682 183
1634598741564 0.88499270441664 184
1634598811909 0.8833386075564011 185
1634598882128 0.8845886331215517 186
1634598952203 0.8824384160295609 187
1634599022801 0.8799522463084338 188
1634599093166 0.8828128419000991 189
1634599163752 0.8789546295832791 190
1634599234090 0.8793079146080859 191
1634599303987 0.8839428965998849 192
1634599374800 0.8826945544879677 193
1634599445226 0.8832171250820128 194
1634599515764 0.8833331941666904 195
1634599586296 0.8832006346878364 196
1634599656593 0.883084795784706 197
1634599727664 0.8820843846471547 198
1634599797819 0.8831165113528733 199
1634599870205 0.8835022462037141 200
1634599940638 0.8837685957898466 201
1634600010976 0.8795265025026833 202
1634600081826 0.8824259132382751 203
1634600152500 0.8854510485210838 204
1634600222861 0.8857855237371387 205
1634600293449 0.8846415096488489 206
1634600363847 0.8850937791997266 207
1634600434630 0.8852199416597705 208
1634600504878 0.8805751290376045 209
1634600575530 0.8821784465974555 210
1634600645926 0.883153417461367 211
1634600716418 0.8864828259276515 212
1634600787487 0.888475143192022 213
1634600857748 0.8866749075756176 214
1634600928302 0.8876094162585316 215
1634600998693 0.8883134609780677 216
1634601069144 0.88715376677264 217
1634601140251 0.884303651945226 218
1634601210638 0.890383982776199 219
1634601283448 0.8886069364141714 220
1634601353782 0.8885694426118392 221
1634601424388 0.8900020395764902 222
1634601495682 0.890233309032645 223
1634601566472 0.8906366484578128 224
1634601637034 0.8852331393066105 225
1634601707468 0.8902015708859187 226
1634601777714 0.8887315178940272 227
1634601848855 0.8876445313649443 228
1634601919399 0.8909881455896164 229
1634601990175 0.8888744906675551 230
1634602060473 0.8906189952875428 231
1634602131292 0.8911810014891357 232
1634602202459 0.8908359648100009 233
1634602273137 0.8916546765052541 234
1634602343874 0.8903471658346475 235
1634602414198 0.8903519937157991 236
1634602484880 0.8898540944357317 237
1634602556130 0.8872011821218403 238
1634602626677 0.8897514495667604 239
1634602699430 0.8897853796235365 240
1634602770146 0.8905037709902127 241
1634602840922 0.8873508327741343 242
1634602912298 0.8878559967535813 243
1634602982972 0.8840760761177823 244
1634603053764 0.8883899482580868 245
1634603124445 0.8878014813779362 246
1634603195098 0.8915247342814847 247
1634603266392 0.886213153466152 248
1634603337093 0.891714370018865 249
1634603407727 0.8922575491371726 250
1634603478677 0.8925789556167885 251
1634603549416 0.8925612016695927 252
1634603620709 0.8855662138394361 253
1634603691435 0.8921824053702346 254
1634603762188 0.891662147604227 255
1634603832847 0.8925039616541333 256
1634603903431 0.8923476681169278 257
1634603974598 0.8910663814127417 258
1634604045146 0.8908746348859153 259
1634604118292 0.8914765709311406 260
1634604189382 0.8901834613585374 261
1634604260140 0.8902944348823559 262
1634604331520 0.8895408217975809 263
1634604402387 0.889785176913092 264
1634604473466 0.8896637738840809 265
1634604544402 0.8893359837422128 266
1634604615219 0.8914981352412701 267
1634604686433 0.8903326641108427 268
1634604757065 0.8904057966268961 269
1634604828196 0.8909478030418256 270
1634604899103 0.8916011616025219 271
1634604969826 0.8917793147610289 272
1634605041201 0.892981703464342 273
1634605111859 0.8910932304403024 274
1634605182842 0.8924535533968225 275
1634605253433 0.8910299869567977 276
1634605324390 0.890285680419753 277
1634605395888 0.890723307829999 278
1634605466528 0.8908427288297662 279
1634605539527 0.89067207855339 280
1634605610451 0.8915316362960843 281
1634605681328 0.8910285869194864 282
1634605752908 0.892250633694661 283
1634605824133 0.8887781771329873 284
1634605895086 0.885869187583845 285
1634605966218 0.8899974061888543 286
1634606037441 0.8908747038189033 287
1634606108648 0.890438363578741 288
1634606179713 0.8911561976916418 289
1634606250743 0.8906293617772321 290
1634606321617 0.8904167527843428 291
1634606392524 0.8901109039145519 292
1634606463874 0.8900020859632165 293
1634606534664 0.8887822764278819 294
1634606605987 0.8883070121727831 295
1634606677022 0.8888582726682974 296
1634606748297 0.8886583760380915 297
1634606819672 0.8883915788059046 298
1634606890449 0.8879433950584364 299
1634606963429 0.8869697652647603 300
1634607034559 0.888460301650014 301
1634607105518 0.888997164031148 302
1634607177302 0.8869570198964947 303
1634607248092 0.8871826439942462 304
1634607319114 0.8867610923163711 305
1634607390054 0.8827185747900951 306
1634607460798 0.8869325271819908 307
1634607532320 0.8867534774559556 308
1634607603105 0.8873654497723669 309
1634607674080 0.8880885482868489 310
1634607745018 0.8867879982886605 311
1634607815783 0.8883762075049112 312
1634607887589 0.8880991181788369 313
1634607958688 0.8882793495341561 314
1634608029704 0.8890746054089748 315
1634608100990 0.889133310992303 316
1634608172130 0.8876742090939375 317
1634608243665 0.8877425373373108 318
1634608314857 0.8880086320816991 319
1634608388185 0.8874662992341972 320
1634608459218 0.8882945618645012 321
1634608530439 0.8903429369192469 322
1634608601880 0.8890354170485699 323
1634608672958 0.8877026252011433 324
1634608744404 0.8903230437010241 325
1634608815520 0.8887475084504354 326
1634608886998 0.8879374421431612 327
1634608958748 0.8891172334019914 328
1634609030083 0.88904570227366 329
1634609101501 0.8896904832093655 330
1634609172741 0.8885149753493171 331
1634609244142 0.888883815022395 332
1634609315810 0.8885003170787319 333
1634609387103 0.8877359299881944 334
1634609458586 0.8877581337718364 335
1634609529698 0.8886783910772829 336
1634609600772 0.8887412769632944 337
1634609672350 0.8897191620945344 338
1634609743649 0.8897084389388699 339
1634609817339 0.8880456682023914 340
1634609888414 0.8893525472086647 341
1634609959748 0.8883672555023411 342
1634610031688 0.8866554207558476 343
1634610103169 0.885911654703277 344
1634610174555 0.8863202924530845 345
1634610245833 0.885514989821402 346
1634610317318 0.8850065740033854 347
1634610389354 0.8847619356676357 348
1634610460726 0.8848410190828391 349
1634610532281 0.879810484288908 350
1634610603691 0.884226016274956 351
1634610675119 0.8826793751811527 352
1634610747166 0.8832649491077184 353
1634610818550 0.8842413748640727 354
1634610889986 0.8791329820759999 355
1634610961193 0.8841782173595155 356
1634611032625 0.8845215427416466 357
1634611104767 0.8853140916405632 358
1634611176407 0.8840391276406849 359
1634611250394 0.8848002684960807 360
1634611321640 0.8851144587614574 361
1634611393376 0.8843424364634059 362
1634611465558 0.8823261668966731 363
1634611536787 0.8857723721066771 364
1634611608286 0.8864304703002795 365
1634611679834 0.8866309729355057 366
1634611751404 0.8876700111122996 367
1634611823588 0.889054406686091 368
1634611894812 0.8885919386461736 369
1634611966609 0.887523975477212 370
1634612038316 0.8865109269260907 371
1634612109720 0.889106855514358 372
1634612181864 0.8890965892138704 373
1634612253418 0.8880140504686438 374
1634612325002 0.8889584996093189 375
1634612396268 0.8864128255370535 376
1634612467883 0.8885919270350555 377
1634612540078 0.8896454553133675 378
1634612611535 0.8879583592677032 379
1634612685370 0.886183142446809 380
1634612757085 0.887834117863522 381
1634612828785 0.8880487050022008 382
1634612901086 0.8867091555411905 383
1634612972882 0.8820343550020893 384
1634613044554 0.8869345391445353 385
1634613116305 0.8864509467508082 386
1634613188058 0.8852432169259284 387
1634613260165 0.8844489598987059 388
1634613331921 0.8841236337675487 389
1634613403685 0.884400577406427 390
1634613475441 0.8811656419388023 391
1634613546837 0.882093644601848 392
1634613619117 0.8846081100563139 393
1634613690474 0.8840401271274169 394
1634613762325 0.8837223513403087 395
1634613833967 0.8850171549924013 396
1634613906137 0.8845974430848627 397
1634613978441 0.885715116716597 398
1634614050188 0.8848599933072311 399
1634614123863 0.8823350950085338 400
1634614195418 0.8859832891913645 401
1634614267141 0.8866749274463928 402
1634614339227 0.8864302361131038 403
1634614410747 0.8859059717641539 404
1634614482566 0.8837782079240059 405
1634614553833 0.8835284598025779 406
1634614625454 0.8835793613958379 407
1634614697621 0.8854519365296221 408
1634614769319 0.8839065695607919 409
1634614841125 0.8827410801422081 410
1634614912953 0.8800129895540445 411
1634614984751 0.8820879175221809 412
1634615056701 0.8821646435084844 413
1634615128634 0.8820560647157124 414
1634615200566 0.8828679435256596 415
1634615272101 0.8831440844061192 416
1634615343526 0.8814201630186541 417
1634615415565 0.8829692681442335 418
1634615487355 0.8804357809331519 419
1634615561584 0.8805454842780464 420
1634615633420 0.8822649910160021 421
1634615705142 0.8807603259212736 422
1634615777313 0.8785011580694024 423
1634615849322 0.8785082662090891 424
1634615921121 0.8781435859207083 425
1634615992874 0.8774253754957116 426
1634616064609 0.8786718331593167 427
1634616136714 0.8747443419598027 428
1634616208691 0.8753406554011723 429
1634616280600 0.8739722496462198 430
1634616351983 0.876533323054865 431
1634616423608 0.8769252804174719 432
1634616495920 0.8750262529627765 433
1634616567862 0.8756324412213341 434
1634616639445 0.875798144057826 435
1634616711186 0.8753487759602572 436
1634616782765 0.8794173384816861 437
1634616854938 0.8748183433928977 438
1634616926793 0.8764758411518769 439
1634617001195 0.8762297953218333 440
1634617072996 0.8801026809825327 441
1634617144512 0.8781606483657399 442
1634617217113 0.8778081264323048 443
1634617289006 0.880856397890336 444
1634617361071 0.876362422762504 445
1634617433238 0.8778202310241396 446
1634617505077 0.8782145767549348 447
1634617577737 0.8795850774729876 448
1634617649323 0.878213349955974 449
1634617721455 0.8792578877720427 450
1634617793383 0.8808397138409282 451
1634617865321 0.8805834366073427 452
1634617938091 0.8808673619964016 453
1634618010134 0.8790353942204777 454
1634618082095 0.8778778300483954 455
1634618153954 0.8748633872610658 456
1634618225476 0.8788710303313934 457
1634618297864 0.8772052909205242 458
1634618369442 0.8761392445428982 459
1634618443570 0.8767108538092004 460
1634618515673 0.8758170957279223 461
1634618587630 0.8783211201251095 462
1634618660089 0.880481056178049 463
1634618732158 0.8752279220563244 464
1634618804376 0.8748310045981001 465
1634618876340 0.8764648839198904 466
1634618948190 0.8794348956699726 467
1634619020846 0.8807293197383917 468
1634619092893 0.8785777663042418 469
1634619165054 0.8791968737941385 470
1634619237145 0.8762695078854955 471
1634619309150 0.8788121706664777 472
1634619381750 0.8772728123032708 473
1634619453764 0.8779198796965715 474
1634619526100 0.879170267320694 475
1634619598015 0.8785382551610714 476
1634619669941 0.8816823447576074 477
1634619742436 0.8787791507045845 478
1634619814630 0.8793518631583297 479
1634619889200 0.8805838700673722 480
1634619961499 0.8812958091792605 481
1634620033364 0.8812432974939308 482
1634620105946 0.8807677789370413 483
1634620178100 0.883826846720476 484
1634620250699 0.8791995869223637 485
1634620323018 0.8802008524800419 486
1634620395021 0.876852063377956 487
1634620467713 0.8805472367413746 488
1634620539859 0.8817895732194324 489
1634620612363 0.883549095895359 490
1634620684698 0.8823400237124992 491
1634620757191 0.8842838965529816 492
1634620829965 0.8824582845556213 493
1634620902074 0.8829470588103576 494
1634620974442 0.8841844784135043 495
1634621046795 0.8820292702989477 496
1634621119209 0.882202408289786 497
1634621191828 0.8818182657371129 498
1634621263722 0.8824097576349247 499
1634621338502 0.877006308126725 500
1634621410515 0.8813452916230167 501
1634621483224 0.8820773592705294 502
1634621556630 0.8822760344691887 503
