1634585741643 0.8896707761953422 1
1634585812469 0.8858972393607683 2
1634588271202 0.8874544283603242 36
1634588345266 0.888731463229637 37
1634588571929 0.8894139409212997 40
1634589965199 0.8904508413494752 59
1634590107068 0.8907915180435395 61
1634590176950 0.8915087153379115 62
1634590247777 0.8925053010404521 63
1634590944957 0.8933150920608867 73
1634591993720 0.8933216795806928 88
1634592064226 0.8936961964184799 89
1634593744990 0.8941247646531134 113
1634595429981 0.8943280505323203 137
1634595713384 0.8944054149362897 141
1634595784291 0.8946664250248769 142
1634595856026 0.8961820332136472 143
