1634585741478 3.534084913456908 1
1634585812151 3.561655256547841 2
1634585883196 3.61477550586117 3
1634585953481 3.7202424886189567 4
1634586024137 3.7129765577492986 5
1634586094533 3.801628742108729 6
1634586164928 3.8417135448940183 7
1634586235547 3.9326076727256307 8
1634586305555 4.015636150020078 9
1634586376142 4.0244088675631176 10
1634586446435 4.0719234981563215 11
1634586516357 4.023877778869975 12
1634586588611 4.012708851835482 13
1634586660303 4.068418368459049 14
1634586730680 4.082024761948621 15
1634586801225 4.172562937860095 16
1634586871292 4.171949966071668 17
1634586942338 4.148973058961993 18
1634587012752 4.082638182453439 19
1634587085276 4.109816951677503 20
1634587156868 4.010099274059637 21
1634587229581 4.027207606321259 22
1634587303634 3.9260108724535407 23
1634587374303 3.8092085901284882 24
1634587447473 3.782412213683263 25
1634587522241 3.720875806806524 26
1634587597760 3.7223648249237877 27
1634587673126 3.6436492514196055 28
1634587746973 3.630860370407463 29
1634587821245 3.5750489494084507 30
1634587895425 3.5612724320771885 31
1634587969514 3.531541551360697 32
1634588045018 3.543596846139037 33
1634588119864 3.5094561879772996 34
1634588194134 3.5290429535482093 35
1634588270832 3.5042972171934887 36
1634588344882 3.488801411154311 37
1634588420417 3.513034194437944 38
1634588494839 3.5046125940128032 39
1634588571475 3.478228273595138 40
1634588647421 3.4881190992983124 41
1634588721891 3.4838531736611977 42
1634588797183 3.464728213671406 43
1634588871991 3.4698706467945506 44
1634588946498 3.4688876368226933 45
1634589021731 3.451626604194434 46
1634589096419 3.464554041343543 47
1634589171686 3.4671102042965183 48
1634589246022 3.472219017079424 49
1634589320715 3.475960694198453 50
1634589393114 3.4666868485580693 51
1634589465467 3.4670021592026883 52
1634589539607 3.4546853051205626 53
1634589612882 3.4655912542411187 54
1634589686534 3.4559175547007324 55
1634589756287 3.454672577546506 56
1634589825505 3.4489867207574174 57
1634589895184 3.4529408290267756 58
1634589964815 3.4438120377494954 59
1634590037127 3.4613280151537698 60
1634590106640 3.448925291617695 61
1634590176510 3.4434055172235403 62
1634590247333 3.4399900973752113 63
1634590317410 3.451515705689043 64
1634590387294 3.452405193131873 65
1634590456562 3.457358788565606 66
1634590526069 3.4519171019922577 67
1634590596194 3.448644405845451 68
1634590665472 3.452958532802923 69
1634590735379 3.474063229156932 70
1634590804852 3.460872355219283 71
1634590874544 3.481254779370511 72
1634590944541 3.484719209854857 73
1634591014612 3.495474760560179 74
1634591084341 3.493821356767091 75
1634591153928 3.5140331308869865 76
1634591223594 3.5036200327163147 77
1634591293853 3.5024966578035834 78
1634591363132 3.5006770692037317 79
1634591434901 3.4839444156667145 80
1634591504620 3.485100175856451 81
1634591574203 3.487585779293792 82
1634591644477 3.494576290858637 83
1634591713948 3.465682956924921 84
1634591783892 3.4865952216057807 85
1634591853399 3.489847305179638 86
1634591923056 3.4926848261516588 87
1634591993296 3.4696162389372027 88
1634592063737 3.4735150522293257 89
1634592134497 3.487991263769131 90
1634592204371 3.4798583151500853 91
1634592274236 3.4907150009807864 92
1634592344229 3.484735155698887 93
1634592413725 3.506980772428915 94
1634592483584 3.4943552496357393 95
1634592553501 3.5175638919253203 96
1634592623001 3.5238551288439433 97
1634592693321 3.521493832381186 98
1634592762856 3.516016287398213 99
1634592834806 3.498285402779902 100
1634592904317 3.51525454039125 101
1634592974226 3.5185204779805668 102
1634593044596 3.4920072573950454 103
1634593114393 3.51579475118541 104
1634593184220 3.5128956350103433 105
1634593254079 3.4828735277701925 106
1634593324181 3.5016980590922895 107
1634593394562 3.4983948239100204 108
1634593464550 3.489961179332977 109
1634593534597 3.4939660981830896 110
1634593604196 3.471276939291585 111
1634593674049 3.4746046189602007 112
1634593744464 3.4731129440505333 113
1634593815156 3.4736077919543065 114
1634593885348 3.4873267845039044 115
1634593954997 3.5005525086082154 116
1634594024935 3.484960887111485 117
1634594095439 3.5171432406266705 118
1634594165408 3.4928762861920806 119
1634594237702 3.488831762594631 120
1634594307791 3.5059808952752265 121
1634594377527 3.5009294100286668 122
1634594448088 3.5095212463123864 123
1634594517981 3.5084052150427003 124
1634594588093 3.4998981905337363 125
1634594658232 3.5123130660210866 126
1634594728305 3.524413317393906 127
1634594798855 3.5106649949503104 128
1634594868585 3.508025662915321 129
1634594938604 3.539501799072759 130
1634595008616 3.510644051685343 131
1634595078651 3.5122240222298724 132
1634595149349 3.5211501397806937 133
1634595219412 3.5037067322346 134
1634595289625 3.5144339366237705 135
1634595359478 3.477050391310335 136
1634595429407 3.4937088591782284 137
1634595500897 3.494468790885523 138
1634595570680 3.477626320505385 139
1634595642596 3.4820669246571376 140
1634595712810 3.4933517717359877 141
1634595783678 3.4913788270106165 142
1634595855452 3.463620518041306 143
1634595926520 3.4752167835674648 144
1634595996907 3.4707642388457423 145
1634596066992 3.487600116749996 146
1634596136760 3.4781582594107605 147
1634596207165 3.476595222162254 148
1634596277165 3.4756009551546128 149
1634596347508 3.483832746970212 150
1634596417692 3.480471996788086 151
1634596487816 3.4858577091460967 152
1634596558246 3.483829891980881 153
1634596628627 3.490960456383174 154
1634596698707 3.4809175695980987 155
1634596768590 3.478860762727143 156
1634596838604 3.4901251254440857 157
1634596909265 3.4923586476318804 158
1634596979399 3.4843515903808147 159
1634597051932 3.4834778410188774 160
1634597122204 3.486823626058991 161
1634597192404 3.498359270247919 162
1634597263335 3.498126152498035 163
1634597333619 3.5037522525125664 164
1634597403894 3.4966568591871168 165
1634597474064 3.517134793668362 166
1634597544280 3.5191437168240194 167
1634597615071 3.5168378759885504 168
1634597685283 3.5175810838627948 169
1634597755567 3.519594418374328 170
1634597825730 3.51984687352383 171
1634597896016 3.5276129770870712 172
1634597966592 3.5005950144212683 173
1634598036511 3.5217916400499387 174
1634598106701 3.5296531848805968 175
1634598176697 3.521197651883815 176
1634598246780 3.5299900033667804 177
1634598317352 3.550877741578999 178
1634598387242 3.5667031097425164 179
1634598459415 3.568460538187055 180
1634598529963 3.5638095137458086 181
1634598600337 3.5956492822477135 182
1634598671241 3.5828418738672205 183
1634598741566 3.5788990659534807 184
1634598811912 3.612627039973797 185
1634598882131 3.5986542300040667 186
1634598952206 3.6637248801100064 187
1634599022803 3.61290106748809 188
1634599093169 3.6559110857744073 189
1634599163755 3.643079533067818 190
1634599234092 3.6161739386028056 191
1634599303989 3.6005756637862296 192
1634599374803 3.5919649043582655 193
1634599445228 3.583706659916981 194
1634599515767 3.5415828795268736 195
1634599586299 3.57583331114264 196
1634599656595 3.5851063191558086 197
1634599727666 3.614047524630286 198
1634599797822 3.5980722350220233 199
1634599870207 3.5896440492337467 200
1634599940641 3.5682291994632958 201
1634600010978 3.5591154213588214 202
1634600081829 3.5691377128706736 203
1634600152503 3.53370478870591 204
1634600222864 3.539273272258727 205
1634600293451 3.5339832180769886 206
1634600363850 3.537136135268627 207
1634600434633 3.5305549732137704 208
1634600504880 3.5244454390830415 209
1634600575532 3.5438633124463714 210
1634600645929 3.518740476453358 211
1634600716421 3.504591934696201 212
1634600787489 3.5162345132236354 213
1634600857750 3.5193908407929158 214
1634600928305 3.501072375695496 215
1634600998695 3.4900395838557445 216
1634601069147 3.4936414929769177 217
1634601140253 3.504588767706403 218
1634601210640 3.5061960784235966 219
1634601283450 3.4951516037681 220
1634601353784 3.502624560917334 221
1634601424391 3.495742373607727 222
1634601495684 3.4930996387072715 223
1634601566475 3.4890530376907622 224
1634601637037 3.5109999778938326 225
1634601707471 3.4985845628127525 226
1634601777716 3.509671204876515 227
1634601848857 3.521392082330824 228
1634601919401 3.492738483828517 229
1634601990177 3.4865187998452556 230
1634602060476 3.487385962327006 231
1634602131295 3.479721104606028 232
1634602202461 3.488932373482097 233
1634602273140 3.498365612481684 234
1634602343876 3.4739958875600694 235
1634602414201 3.476395392394119 236
1634602484882 3.4772485581597823 237
1634602556132 3.49583410855219 238
1634602626680 3.4892730571671247 239
1634602699433 3.494787747715203 240
1634602770148 3.485410054324744 241
1634602840924 3.485677304755985 242
1634602912301 3.4768868466230582 243
1634602982975 3.499301657647286 244
1634603053767 3.4908443191039655 245
1634603124447 3.4932212672678413 246
1634603195100 3.467297878809862 247
1634603266394 3.488571194395748 248
1634603337095 3.4663739602937573 249
1634603407729 3.472470266232896 250
1634603478680 3.4830452859067114 251
1634603549419 3.4574008162680108 252
1634603620712 3.4779484285005324 253
1634603691437 3.4572879167598796 254
1634603762191 3.481306729261951 255
1634603832850 3.452506020628653 256
1634603903434 3.47197571613146 257
1634603974601 3.4517071360444196 258
1634604045149 3.4610352981901658 259
1634604118295 3.458879443483014 260
1634604189384 3.474135453821696 261
1634604260143 3.4579574611057224 262
1634604331523 3.470680563783028 263
1634604402390 3.4686367851032442 264
1634604473469 3.468020489063724 265
1634604544404 3.480382233286521 266
1634604615221 3.466677912350499 267
1634604686435 3.4727266761595783 268
1634604757068 3.4746862880331246 269
1634604828198 3.464426462955989 270
1634604899105 3.460987728294459 271
1634604969829 3.4541079486532973 272
1634605041204 3.4821288545399565 273
1634605111861 3.4773045239898943 274
1634605182845 3.489071268409517 275
1634605253436 3.490758787427256 276
1634605324392 3.499838696814708 277
1634605395891 3.490373716945252 278
1634605466531 3.4931035031496753 279
1634605539529 3.496827335738116 280
1634605610454 3.4945697825571913 281
1634605681330 3.4949919491097226 282
1634605752911 3.4904243136630897 283
1634605824136 3.496396273429849 284
1634605895089 3.5051393975160847 285
1634605966220 3.5106081174331383 286
1634606037444 3.485609108890901 287
1634606108650 3.4879861816126967 288
1634606179715 3.4941169523780222 289
1634606250745 3.491199417940501 290
1634606321619 3.479687399531141 291
1634606392527 3.4924842711048303 292
1634606463877 3.4925139367625344 293
1634606534667 3.4879728084858512 294
1634606605990 3.5015435698140513 295
1634606677025 3.499207053177113 296
1634606748300 3.506360224475996 297
1634606819674 3.5120546421625725 298
1634606890451 3.518900427522045 299
1634606963431 3.525297974859053 300
1634607034562 3.505184869648548 301
1634607105521 3.501248685567106 302
1634607177304 3.5320702446623535 303
1634607248095 3.522568943373917 304
1634607319116 3.5117012989367784 305
1634607390057 3.5030948763898966 306
1634607460800 3.517799337830688 307
1634607532323 3.5134209690915212 308
1634607603108 3.5146242467668714 309
1634607674083 3.5188907649723364 310
1634607745021 3.545156410593704 311
1634607815786 3.5385138068914426 312
1634607887592 3.522303025664913 313
1634607958691 3.5210125342850245 314
1634608029707 3.5119788769774387 315
1634608100993 3.523056613411432 316
1634608172133 3.5290751915710907 317
1634608243667 3.510354615536523 318
1634608314859 3.5271453579072944 319
1634608388188 3.5278192849234262 320
1634608459221 3.51542318257508 321
1634608530441 3.5075986879056873 322
1634608601882 3.518571053362538 323
1634608672960 3.514036001098308 324
1634608744407 3.502819911392236 325
1634608815522 3.528679724934397 326
1634608887001 3.537909259521821 327
1634608958750 3.5365085518727506 328
1634609030085 3.526758581292401 329
1634609101504 3.5104716612151043 330
1634609172743 3.5342272106894983 331
1634609244145 3.516671968558414 332
1634609315813 3.5137255934212894 333
1634609387106 3.5159058338402214 334
1634609458589 3.519700520286419 335
1634609529701 3.5254070640373674 336
1634609600774 3.521737927499685 337
1634609672352 3.5119957245387785 338
1634609743651 3.5225268252188777 339
1634609817341 3.543266931993286 340
1634609888416 3.5218472502069216 341
1634609959751 3.547055929464233 342
1634610031691 3.559008002883589 343
1634610103172 3.558730727507137 344
1634610174557 3.557893089958134 345
1634610245835 3.5738030987196345 346
1634610317320 3.563002311993972 347
1634610389357 3.5705611637113677 348
1634610460728 3.5640028418532417 349
1634610532284 3.576349805428829 350
1634610603693 3.574328354526622 351
1634610675121 3.578155933546074 352
1634610747169 3.5767004579654995 353
1634610818553 3.5727786823581225 354
1634610889989 3.587958365267588 355
1634610961196 3.564092661704941 356
1634611032628 3.558419131109068 357
1634611104770 3.5619449081119425 358
1634611176409 3.5744180898499804 359
1634611250397 3.5442024077191565 360
1634611321643 3.545818656284068 361
1634611393378 3.5375702146695405 362
1634611465560 3.5532969340509637 363
1634611536790 3.520506661472012 364
1634611608288 3.5300347410226625 365
1634611679837 3.5425072365225323 366
1634611751407 3.530614738977889 367
1634611823591 3.5279240687128306 368
1634611894815 3.528821227313672 369
1634611966611 3.534602050395326 370
1634612038319 3.5389813881138634 371
1634612109723 3.530178478064568 372
1634612181867 3.538282641522943 373
1634612253420 3.5273275479912787 374
1634612325004 3.539463079000288 375
1634612396270 3.5393671093586003 376
1634612467885 3.5415274435745556 377
1634612540081 3.527272028519584 378
1634612611537 3.5380415960576417 379
1634612685372 3.5170428649291194 380
1634612757087 3.537923816560608 381
1634612828788 3.5345927594931434 382
1634612901088 3.52405956901589 383
1634612972884 3.5291571345260455 384
1634613044557 3.53728828498562 385
1634613116307 3.5330170704340946 386
1634613188060 3.550000469823903 387
1634613260167 3.5613966582143095 388
1634613331924 3.5418831030904068 389
1634613403688 3.553120352273911 390
1634613475444 3.541306569663303 391
1634613546839 3.5602064651526297 392
1634613619119 3.538231103749948 393
1634613690477 3.540159285988669 394
1634613762328 3.5382047401388568 395
1634613833969 3.525738778352472 396
1634613906139 3.5454389614102544 397
1634613978443 3.5367349304091666 398
1634614050191 3.5278167747856726 399
1634614123866 3.529887133841409 400
1634614195421 3.5243853223584645 401
1634614267144 3.524622702386298 402
1634614339229 3.5331377374973374 403
1634614410749 3.532394157966226 404
1634614482568 3.5368091367409824 405
1634614553836 3.542556187986668 406
1634614625456 3.538365439658941 407
1634614697623 3.5460019371751113 408
1634614769321 3.544688870213641 409
1634614841128 3.551521775279427 410
1634614912955 3.5510418847945466 411
1634614984753 3.542852127327273 412
1634615056704 3.5504630523557053 413
1634615128636 3.5505762152883777 414
1634615200569 3.541388553212389 415
1634615272103 3.5474099272121427 416
1634615343528 3.541324626219079 417
1634615415567 3.5589381927131005 418
1634615487357 3.561533320142071 419
1634615561586 3.570962780711018 420
1634615633423 3.5696657799143905 421
1634615705144 3.577482409255894 422
1634615777316 3.574773875721491 423
1634615849324 3.573794662781681 424
1634615921123 3.5882512467982814 425
1634615992877 3.6014040037493658 426
1634616064612 3.585577428995749 427
1634616136717 3.58998746692764 428
1634616208694 3.5846906980817557 429
1634616280602 3.6023733951063477 430
1634616351985 3.604936502466872 431
1634616423610 3.575582922800982 432
1634616495923 3.586008913637176 433
1634616567864 3.5742452712113244 434
1634616639448 3.5599140543419385 435
1634616711188 3.569721123835752 436
1634616782767 3.5601334666464455 437
1634616854940 3.562705810129786 438
1634616926796 3.5657433960406197 439
1634617001197 3.551134609221727 440
1634617072998 3.555695963502393 441
1634617144514 3.548509266621158 442
1634617217116 3.5530767668979957 443
1634617289008 3.5675996639988483 444
1634617361073 3.5563068098817747 445
1634617433240 3.5752977671195274 446
1634617505079 3.5631511441632706 447
1634617577740 3.5620388117116786 448
1634617649325 3.5569997966078 449
1634617721458 3.5475582525260365 450
1634617793385 3.5513367591428007 451
1634617865323 3.5482242960237462 452
1634617938093 3.549455693412097 453
1634618010136 3.5635227510079077 454
1634618082097 3.564880669343473 455
1634618153957 3.5600615758708427 456
1634618225478 3.5587606822454174 457
1634618297866 3.555680275829147 458
1634618369444 3.557200012046856 459
1634618443572 3.5609377860738607 460
1634618515675 3.5630176781235243 461
1634618587633 3.5558977977803305 462
1634618660092 3.544575935835088 463
1634618732161 3.560088396783964 464
1634618804379 3.5438294803018846 465
1634618876342 3.5465420414420605 466
1634618948193 3.531826702554446 467
1634619020849 3.545136258004861 468
1634619092895 3.543244282943512 469
1634619165057 3.559042214568874 470
1634619237148 3.5632875131068054 471
1634619309153 3.563743954694354 472
1634619381753 3.552449946469439 473
1634619453767 3.5330991824421405 474
1634619526103 3.5404847631819845 475
1634619598017 3.536085543476286 476
1634619669943 3.5274269494862027 477
1634619742439 3.535010296404458 478
1634619814633 3.5421363257327854 479
1634619889203 3.5541634669763607 480
1634619961501 3.535752090675439 481
1634620033367 3.546048350089436 482
1634620105948 3.53410380058803 483
1634620178103 3.5265557973857717 484
1634620250701 3.5281227365208987 485
1634620323021 3.525239703121625 486
1634620395023 3.544185382272644 487
1634620467716 3.5477616550769424 488
1634620539861 3.5476667764172265 489
1634620612365 3.537874959473903 490
1634620684700 3.540970294681205 491
1634620757195 3.544120214694569 492
1634620829967 3.5482508000152553 493
1634620902077 3.559201765602091 494
1634620974444 3.5452840324880697 495
1634621046797 3.550144321800695 496
1634621119212 3.5564409527912137 497
1634621191830 3.561490159757224 498
1634621263725 3.5426841903546955 499
1634621338504 3.5665746088459094 500
1634621410517 3.5672954151927043 501
1634621483226 3.573707026022881 502
1634621556632 3.5584281342805757 503
