1634585741646 3.534084913456908 1
1634585812472 3.561655256547841 2
1634588271205 3.5042972171934887 36
1634588345268 3.488801411154311 37
1634588571932 3.478228273595138 40
1634589965202 3.4438120377494954 59
1634590107071 3.448925291617695 61
1634590176953 3.4434055172235403 62
1634590247779 3.4399900973752113 63
1634590944960 3.484719209854857 73
1634591993722 3.4696162389372027 88
1634592064228 3.4735150522293257 89
1634593744993 3.4731129440505333 113
1634595429983 3.4937088591782284 137
1634595713387 3.4933517717359877 141
1634595784294 3.4913788270106165 142
1634595856028 3.463620518041306 143
