1634585741475 0.8027261383634059 1
1634585812149 0.8017051084189718 2
1634585883194 0.7878693315722962 3
1634585953479 0.7729436813252761 4
1634586024135 0.7667816465299753 5
1634586094531 0.7572064382047397 6
1634586164926 0.7452524009112534 7
1634586235545 0.7327868816591485 8
1634586305553 0.7167649869948812 9
1634586376140 0.7044613586448097 10
1634586446432 0.6994436266102871 11
1634586516355 0.7036285463509497 12
1634586588609 0.7028269796359845 13
1634586660301 0.6906659852335716 14
1634586730678 0.6849305380306906 15
1634586801223 0.6769377079062079 16
1634586871290 0.6765937671009837 17
1634586942336 0.6786667157361492 18
1634587012750 0.6887485141728028 19
1634587085274 0.685889102452025 20
1634587156865 0.7015118570264248 21
1634587229579 0.7063040321522046 22
1634587303631 0.7196351108127218 23
1634587374301 0.7380753606332612 24
1634587447471 0.7420196983582514 25
1634587522239 0.7566116077963244 26
1634587597758 0.7573723174842949 27
1634587673123 0.7712091949528144 28
1634587746970 0.7741505370885436 29
1634587821243 0.786050652308944 30
1634587895423 0.7904930512101246 31
1634587969512 0.7962369458897476 32
1634588045016 0.7928746008366018 33
1634588119862 0.800230818698414 34
1634588194132 0.7965638723878886 35
1634588270829 0.8035484866454985 36
1634588344880 0.8045488535169305 37
1634588420415 0.8033146699055825 38
1634588494837 0.8044092346189272 39
1634588571472 0.8055025168131227 40
1634588647419 0.8046621733775158 41
1634588721889 0.8052916162777893 42
1634588797181 0.8032498409277499 43
1634588871989 0.8036432865670903 44
1634588946496 0.8038783619232697 45
1634589021729 0.8040473751686205 46
1634589096416 0.8027279708967318 47
1634589171684 0.8010547115187125 48
1634589246020 0.7995147602754168 49
1634589320713 0.7998315143458259 50
1634589393112 0.8005336417208492 51
1634589465465 0.800471260580328 52
1634589539605 0.8020935277339052 53
1634589612880 0.8017894064098308 54
1634589686532 0.8007258430122597 55
1634589756284 0.8029840374632626 56
1634589825503 0.8040104644737616 57
1634589895182 0.8048831646828961 58
1634589964813 0.8070516139638474 59
1634590037125 0.806777752995416 60
1634590106638 0.8077460076261826 61
1634590176508 0.8086695997367428 62
1634590247331 0.8098118002958969 63
1634590317407 0.809093251217934 64
1634590387292 0.8094174687669246 65
1634590456558 0.8094794700143375 66
1634590526067 0.8096677225244306 67
1634590596191 0.8095526176255714 68
1634590665470 0.8098658258279103 69
1634590735377 0.804387666837234 70
1634590804850 0.809823147786165 71
1634590874542 0.8089869786753572 72
1634590944539 0.8107631044729426 73
1634591014610 0.8092172273823675 74
1634591084339 0.8093249118924718 75
1634591153926 0.8072714107797149 76
1634591223592 0.8082542380268773 77
1634591293851 0.8100372162504544 78
1634591363130 0.8093799733340211 79
1634591434899 0.8098150991374327 80
1634591504617 0.8098484093685088 81
1634591574200 0.8100605941772272 82
1634591644475 0.810041053139855 83
1634591713946 0.81064095245412 84
1634591783890 0.8097432178849195 85
1634591853397 0.8099459641389553 86
1634591923054 0.8106926924386259 87
1634591993294 0.8110435632151076 88
1634592063735 0.8111450367167942 89
1634592134495 0.8101727954976761 90
1634592204368 0.8107485713615519 91
1634592274234 0.8104088035465736 92
1634592344227 0.8098579673791227 93
1634592413723 0.8098037662568347 94
1634592483582 0.810530895418193 95
1634592553499 0.8105210014596651 96
1634592622999 0.8088372126137578 97
1634592693319 0.8081081939124262 98
1634592762853 0.8096164928838651 99
1634592834804 0.8104816369258833 100
1634592904315 0.809455217092948 101
1634592974224 0.8094131269508823 102
1634593044594 0.8102752827292575 103
1634593114391 0.8100139446315232 104
1634593184218 0.8093872748619632 105
1634593254078 0.8105820034812128 106
1634593324179 0.8093074506514347 107
1634593394560 0.8097938723737164 108
1634593464548 0.8098482893634653 109
1634593534595 0.8099220835387169 110
1634593604194 0.8106003805916044 111
1634593674047 0.8107244419083939 112
1634593744462 0.8112723779042923 113
1634593815154 0.8109251645938698 114
1634593885346 0.8101255054135114 115
1634593954995 0.8100443259703615 116
1634594024933 0.8099537055593714 117
1634594095437 0.8089392793561355 118
1634594165406 0.8100953456222074 119
1634594237700 0.809399429415394 120
1634594307789 0.8088931388605892 121
1634594377525 0.8087003020351287 122
1634594448086 0.8086995425471618 123
1634594517979 0.8090105045391973 124
1634594588090 0.8088028702691251 125
1634594658230 0.8087476834952311 126
1634594728303 0.8093454827352907 127
1634594798853 0.8091040995547495 128
1634594868583 0.8091337950092425 129
1634594938602 0.807430123942073 130
1634595008614 0.8087953429038568 131
1634595078649 0.8089596528788975 132
1634595149347 0.8086754839719194 133
1634595219410 0.8105561750037374 134
1634595289623 0.809133043320265 135
1634595359476 0.8105951620951865 136
1634595429405 0.8113124527126097 137
1634595500895 0.8110969724660322 138
1634595570678 0.8111940066289235 139
1634595642594 0.8109771663683534 140
1634595712808 0.8113926500292526 141
1634595783676 0.8118565689924002 142
1634595855450 0.8133586631243943 143
1634595926518 0.8125395013051224 144
1634595996905 0.8119085285915392 145
1634596066990 0.8102845858072307 146
1634596136758 0.8119712842205894 147
1634596207163 0.8111011377428289 148
1634596277163 0.8114851250295335 149
1634596347506 0.811539978666458 150
1634596417690 0.8099416396969861 151
1634596487814 0.8109784494931649 152
1634596558244 0.8116704232110853 153
1634596628625 0.8101205840595851 154
1634596698705 0.8103874220343738 155
1634596768588 0.8097653583829266 156
1634596838602 0.8097839049309543 157
1634596909263 0.809000467031196 158
1634596979397 0.8096064754427881 159
1634597051930 0.8095996154849591 160
1634597122201 0.80905990332467 161
1634597192402 0.8084363008317015 162
1634597263333 0.8072080475038642 163
1634597333617 0.8064702439139139 164
1634597403892 0.805722913681094 165
1634597474062 0.8063435344035053 166
1634597544278 0.8046148580720981 167
1634597615069 0.8049808194995504 168
1634597685281 0.8044855139003869 169
1634597755565 0.803854440134674 170
1634597825728 0.8039470670514215 171
1634597896014 0.803437243095224 172
1634597966590 0.8044758603150423 173
1634598036509 0.8020103478014242 174
1634598106699 0.8026409307921547 175
1634598176695 0.8009994679652445 176
1634598246778 0.8012216471342833 177
1634598317350 0.7989395720173064 178
1634598387240 0.7987641595499902 179
1634598459413 0.7954159517225895 180
1634598529961 0.7988995217994517 181
1634598600335 0.7979215717722096 182
1634598671239 0.7985926236403852 183
1634598741564 0.7985706335685492 184
1634598811910 0.7963477738204982 185
1634598882129 0.7979856436481201 186
1634598952204 0.7947291557858575 187
1634599022801 0.7975323380555802 188
1634599093167 0.7951218473374811 189
1634599163752 0.7959282886769077 190
1634599234090 0.7968420249411711 191
1634599303987 0.7973502830641002 192
1634599374801 0.7958690543049969 193
1634599445226 0.7966022780905727 194
1634599515765 0.7970930893102046 195
1634599586297 0.7965842237307365 196
1634599656593 0.7965860352447592 197
1634599727664 0.7951426770771534 198
1634599797820 0.7967971579214423 199
1634599870205 0.7972859500262469 200
1634599940638 0.7978311842447928 201
1634600010976 0.79807172773991 202
1634600081827 0.7965267554094174 203
1634600152501 0.8002234468366332 204
1634600222862 0.8005511598875014 205
1634600293449 0.7994476034430207 206
1634600363848 0.8000403506979764 207
1634600434630 0.8002714819845712 208
1634600504878 0.7960067033529793 209
1634600575530 0.7971179237512501 210
1634600645927 0.7984273059016886 211
1634600716419 0.8020227823583523 212
1634600787487 0.8043490314528745 213
1634600857748 0.8022883229571628 214
1634600928303 0.8034836529034893 215
1634600998693 0.8042490585703738 216
1634601069145 0.8029440616172858 217
1634601140251 0.8008746924369057 218
1634601210638 0.8065730502277284 219
1634601283448 0.8048635050019248 220
1634601353782 0.804803947096017 221
1634601424389 0.8063506420737638 222
1634601495682 0.8068305775863567 223
1634601566472 0.8071261471355176 224
1634601637035 0.8017924947664116 225
1634601707469 0.8068076339296605 226
1634601777714 0.8048225025411448 227
1634601848855 0.8036364892943046 228
1634601919399 0.8072737312053528 229
1634601990175 0.8052685456313947 230
1634602060473 0.8069648397445447 231
1634602131293 0.8075982847375416 232
1634602202459 0.8069984212590268 233
1634602273138 0.8077496269130566 234
1634602343874 0.806702511764583 235
1634602414199 0.8067086787598632 236
1634602484880 0.8062265613599128 237
1634602556130 0.8035413845237777 238
1634602626678 0.8063281227117757 239
1634602699431 0.8064169574457839 240
1634602770146 0.8068599706870873 241
1634602840922 0.8037937349741753 242
1634602912299 0.8041770469861312 243
1634602982973 0.8013527506418509 244
1634603053765 0.8047937451006244 245
1634603124445 0.8040764366127661 246
1634603195098 0.8081811152091198 247
1634603266392 0.8027821743879655 248
1634603337093 0.8083843167710999 249
1634603407727 0.8089734536115005 250
1634603478678 0.8090751417906031 251
1634603549417 0.809122013947368 252
1634603620710 0.8027899956461241 253
1634603691435 0.8082972612560364 254
1634603762188 0.8077607355799794 255
1634603832848 0.8093093336217191 256
1634603903431 0.8084835515390528 257
1634603974599 0.8076253163995145 258
1634604045147 0.8072386583175104 259
1634604118293 0.8077280369801503 260
1634604189382 0.8063361903021304 261
1634604260141 0.8066761316082801 262
1634604331521 0.8058940611957808 263
1634604402388 0.8060202368413943 264
1634604473467 0.8062456593005344 265
1634604544402 0.8054445978906515 266
1634604615219 0.8076895084271208 267
1634604686433 0.8065546788108343 268
1634604757066 0.8067348790993235 269
1634604828196 0.8071829768603037 270
1634604899103 0.8077945892263354 271
1634604969827 0.8082246852912296 272
1634605041202 0.8092231650660541 273
1634605111859 0.8066881802284678 274
1634605182843 0.8083253817192408 275
1634605253434 0.806814840157591 276
1634605324390 0.8059084358712582 277
1634605395889 0.8063221632642769 278
1634605466529 0.8061613557556185 279
1634605539527 0.8062469849942773 280
1634605610452 0.807364207760728 281
1634605681328 0.8070493387686679 282
1634605752909 0.8082998716123655 283
1634605824134 0.8046159952791035 284
1634605895087 0.8016148198883531 285
1634605966218 0.8056305443605062 286
1634606037442 0.8067924544958908 287
1634606108648 0.8066363266813157 288
1634606179713 0.8070612653186808 289
1634606250743 0.8065228010351064 290
1634606321617 0.8057034539913566 291
1634606392525 0.8051864064285486 292
1634606463875 0.8052783977619449 293
1634606534665 0.8035598736216158 294
1634606605988 0.8027292604153685 295
1634606677023 0.8036933752999926 296
1634606748298 0.8033581830044454 297
1634606819672 0.8034425416827754 298
1634606890449 0.8028705066195803 299
1634606963429 0.8019848655711552 300
1634607034560 0.8039435917552092 301
1634607105519 0.804376841473934 302
1634607177302 0.8015387200774295 303
1634607248093 0.8020791265894435 304
1634607319114 0.801721759132535 305
1634607390055 0.7986495825831613 306
1634607460798 0.8022312937229598 307
1634607532321 0.8018052518404317 308
1634607603106 0.8027358193959503 309
1634607674081 0.8034933368699018 310
1634607745019 0.8020700682450111 311
1634607815784 0.8038972320336797 312
1634607887590 0.8038761587669189 313
1634607958688 0.8038730391142281 314
1634608029705 0.8045742623291736 315
1634608100991 0.8049385657759488 316
1634608172131 0.8031052334810529 317
1634608243665 0.8033406845461488 318
1634608314857 0.8035019767156801 319
1634608388186 0.8027544845306702 320
1634608459219 0.8037909032395559 321
1634608530439 0.806098423446451 322
1634608601880 0.8045321943304176 323
1634608672958 0.8036915088596029 324
1634608744405 0.805721639810928 325
1634608815520 0.8035969915785774 326
1634608886999 0.802579329157241 327
1634608958748 0.8041864506250096 328
1634609030083 0.8043165737292556 329
1634609101502 0.8049355421970531 330
1634609172741 0.8032197771921711 331
1634609244143 0.804042090124494 332
1634609315811 0.8039167978875884 333
1634609387104 0.8030169350769492 334
1634609458587 0.803503605049741 335
1634609529699 0.8039519752050677 336
1634609600772 0.803913865751412 337
1634609672350 0.8049702386398494 338
1634609743649 0.8045901925674507 339
1634609817339 0.8026671934570357 340
1634609888414 0.8040691581058583 341
1634609959749 0.8028287867958492 342
1634610031689 0.8007948471116064 343
1634610103170 0.7999924573622567 344
1634610174555 0.8001659949184798 345
1634610245833 0.7990983273184701 346
1634610317318 0.7982990296073985 347
1634610389355 0.7981471772966184 348
1634610460726 0.7984994253379617 349
1634610532282 0.7939496211016084 350
1634610603691 0.7972281154787472 351
1634610675119 0.7952903939821055 352
1634610747167 0.7963955543830509 353
1634610818551 0.7973013460928269 354
1634610889987 0.7926014278556955 355
1634610961194 0.797987356929946 356
1634611032626 0.7978831252014905 357
1634611104768 0.7988521322952801 358
1634611176407 0.7976498880993267 359
1634611250395 0.7983405804991841 360
1634611321641 0.7986061779370746 361
1634611393376 0.7982020639291276 362
1634611465558 0.7957823001625004 363
1634611536788 0.8002421466551837 364
1634611608286 0.8013088798982172 365
1634611679835 0.8011097520594495 366
1634611751405 0.8025948156126641 367
1634611823589 0.804198496003653 368
1634611894813 0.8037665290633889 369
1634611966609 0.8028766072331713 370
1634612038317 0.8017146297630112 371
1634612109721 0.8047656978538634 372
1634612181865 0.8046460960555345 373
1634612253418 0.8030460775345246 374
1634612325002 0.8043417961467639 375
1634612396268 0.801652343457233 376
1634612467883 0.8040722869595971 377
1634612540079 0.8054792409520828 378
1634612611535 0.8033727710545767 379
1634612685370 0.8018842007874497 380
1634612757085 0.8032108054318476 381
1634612828785 0.803139585865909 382
1634612901086 0.8019385971802346 383
1634612972882 0.7977961333225972 384
1634613044554 0.8017143207759464 385
1634613116305 0.8009706733748531 386
1634613188058 0.7991404682144826 387
1634613260165 0.7986079369926534 388
1634613331922 0.7979402191771775 389
1634613403686 0.7979599941978053 390
1634613475442 0.7950898627475371 391
1634613546837 0.7954329771087087 392
1634613619117 0.7982000954477043 393
1634613690475 0.7979925962396038 394
1634613762326 0.7977273015711417 395
1634613833967 0.7990083861763053 396
1634613906137 0.7983129027850835 397
1634613978441 0.8000148895773055 398
1634614050189 0.7993140205389412 399
1634614123864 0.7972564042194196 400
1634614195419 0.8004202188104119 401
1634614267142 0.8011153618038841 402
1634614339227 0.8005762453699488 403
1634614410747 0.8003474120542351 404
1634614482567 0.7977842857609833 405
1634614553834 0.7971478144537749 406
1634614625454 0.7941205987891629 407
1634614697621 0.7993402078554017 408
1634614769319 0.7978943151469361 409
1634614841126 0.7966033948878206 410
1634614912953 0.7938496905154198 411
1634614984751 0.7964241710893528 412
1634615056702 0.7958612991162635 413
1634615128634 0.7957371443928013 414
1634615200567 0.7968455644626324 415
1634615272101 0.7970696670236649 416
1634615343527 0.79505983211581 417
1634615415565 0.7968641697425023 418
1634615487355 0.794315314580136 419
1634615561584 0.7937045863909685 420
1634615633421 0.7956154927377428 421
1634615705142 0.7910869618227969 422
1634615777314 0.7921720235756189 423
1634615849322 0.7924381446183937 424
1634615921121 0.7912382391815485 425
1634615992875 0.7903997850735573 426
1634616064610 0.7913324582005123 427
1634616136715 0.7879600144677291 428
1634616208692 0.7883905441076374 429
1634616280600 0.7867961479781872 430
1634616351983 0.7892489925232714 431
1634616423608 0.7862204220512493 432
1634616495921 0.7885618741740972 433
1634616567862 0.7891540995727095 434
1634616639446 0.7887668591728189 435
1634616711186 0.7896606327215848 436
1634616782765 0.7926379144914756 437
1634616854938 0.7895062926067652 438
1634616926794 0.7906753762384742 439
1634617001195 0.7909346610230469 440
1634617072996 0.7939149450380794 441
1634617144512 0.7923560017292377 442
1634617217114 0.7927584637654275 443
1634617289006 0.791418392924751 444
1634617361071 0.7914597697164426 445
1634617433238 0.7921706333080782 446
1634617505077 0.7922207979768958 447
1634617577738 0.7931339268737931 448
1634617649323 0.7923442350851566 449
1634617721456 0.793490850845851 450
1634617793383 0.794997755651029 451
1634617865321 0.7911523379377561 452
1634617938091 0.7914999151829467 453
1634618010134 0.790010165567301 454
1634618082095 0.7883271528617615 455
1634618153955 0.7897276577606271 456
1634618225476 0.7927438734241268 457
1634618297864 0.7904295947868896 458
1634618369442 0.7900638174131585 459
1634618443570 0.790379052282737 460
1634618515673 0.7903892945715996 461
1634618587631 0.7920754928047955 462
1634618660090 0.7943781288590218 463
1634618732159 0.7890412651971854 464
1634618804377 0.7889342719967346 465
1634618876340 0.79094971101242 466
1634618948191 0.7931766849764109 467
1634619020847 0.7945846140574481 468
1634619092893 0.7924952121255063 469
1634619165055 0.7931695529932222 470
1634619237146 0.7910317746894833 471
1634619309151 0.7925400977566731 472
1634619381751 0.7918809690604531 473
1634619453765 0.7931110527885724 474
1634619526101 0.7937491035739743 475
1634619598015 0.7931502043042241 476
1634619669942 0.7960797397179266 477
1634619742437 0.7934032912437365 478
1634619814631 0.7936567898999468 479
1634619889201 0.7949995488578796 480
1634619961499 0.7958076260685308 481
1634620033365 0.7958480536345717 482
1634620105946 0.7955953774776223 483
1634620178101 0.7987895102593227 484
1634620250699 0.794478748565558 485
1634620323019 0.7950601421754252 486
1634620395021 0.7924918917853202 487
1634620467714 0.7950403429840615 488
1634620539859 0.7961428058938044 489
1634620612363 0.7982188902155556 490
1634620684698 0.7933266550581546 491
1634620757192 0.7987377268588076 492
1634620829965 0.7967747208093868 493
1634620902075 0.7926968673220592 494
1634620974442 0.7984402885230695 495
1634621046795 0.7962403630016304 496
1634621119210 0.7961609807397175 497
1634621191828 0.7958739930149132 498
1634621263723 0.7967595425320465 499
1634621338502 0.7915783715159082 500
1634621410515 0.7955990106067077 501
1634621483224 0.7918922046475563 502
1634621556630 0.7968777627369277 503
