1634585741644 0.8027261383634059 1
1634585812470 0.8017051084189718 2
1634588271203 0.8035484866454985 36
1634588345266 0.8045488535169305 37
1634588571930 0.8055025168131227 40
1634589965200 0.8070516139638474 59
1634590107069 0.8077460076261826 61
1634590176951 0.8086695997367428 62
1634590247777 0.8098118002958969 63
1634590944958 0.8107631044729426 73
1634591993720 0.8110435632151076 88
1634592064226 0.8111450367167942 89
1634593744991 0.8112723779042923 113
1634595429981 0.8113124527126097 137
1634595713385 0.8113926500292526 141
1634595784292 0.8118565689924002 142
1634595856026 0.8133586631243943 143
