1634585741472 0.8484006414118839 1
1634585812146 0.8341820198650157 2
1634585883191 0.809457690685208 3
1634585953476 0.7852501078117625 4
1634586024132 0.7774463789346095 5
1634586094529 0.7638357020404509 6
1634586164923 0.7490642686390553 7
1634586235543 0.7335259604166469 8
1634586305551 0.7147499069036691 9
1634586376137 0.7005327004478452 10
1634586446430 0.6947442603372725 11
1634586516353 0.7000798668472127 12
1634586588607 0.6981910268555636 13
1634586660299 0.6859342507682773 14
1634586730676 0.6798615644819738 15
1634586801220 0.6706343314809706 16
1634586871288 0.6701902580353046 17
1634586942334 0.6732425224607596 18
1634587012748 0.6850235885081603 19
1634587085272 0.6817741322462866 20
1634587156861 0.7002396630255262 21
1634587229577 0.7055991255151 22
1634587303629 0.7218888231607821 23
1634587374298 0.7431200376378604 24
1634587447468 0.7507585484865664 25
1634587522235 0.7674418918130465 26
1634587597756 0.7706881367601593 27
1634587673121 0.7907121948422278 28
1634587746968 0.7987438709035878 29
1634587821240 0.8161632949657606 30
1634587895421 0.8225850915877796 31
1634587969510 0.8333956507606608 32
1634588045013 0.8285940436393395 33
1634588119859 0.8416130558157574 34
1634588194129 0.8391315572795449 35
1634588270827 0.8546628572067366 36
1634588344877 0.8643039210201408 37
1634588420413 0.8604094243136633 38
1634588494835 0.8658979406441565 39
1634588571470 0.8746267895816412 40
1634588647417 0.8777968476709721 41
1634588721887 0.8818008640023755 42
1634588797179 0.8835180927317299 43
1634588871987 0.8882658688996862 44
1634588946494 0.8866262946696201 45
1634589021727 0.8938897526615148 46
1634589096414 0.890712592065206 47
1634589171682 0.8966507298847021 48
1634589246018 0.8987296334925822 49
1634589320711 0.9007100157497198 50
1634589393109 0.899505703721871 51
1634589465463 0.9001685232139309 52
1634589539603 0.9015244816354454 53
1634589612877 0.900395176063591 54
1634589686530 0.9017221705458552 55
1634589756282 0.8985207732707651 56
1634589825500 0.8970471107601597 57
1634589895179 0.895592225172738 58
1634589964810 0.8933963283608519 59
1634590037123 0.8901796589939835 60
1634590106636 0.8876016593610795 61
1634590176505 0.8845361876914546 62
1634590247329 0.8810549764401908 63
1634590317405 0.8753066219571966 64
1634590387290 0.8763972001751803 65
1634590456555 0.8736012824133758 66
1634590526065 0.8741683192029401 67
1634590596189 0.8732965259289915 68
1634590665467 0.8738623782840639 69
1634590735375 0.8619601976612127 70
1634590804847 0.8727247854385217 71
1634590874539 0.8681917240971533 72
1634590944537 0.8693698787851915 73
1634591014608 0.8654171430659975 74
1634591084336 0.8686834457156876 75
1634591153924 0.8573739904202594 76
1634591223590 0.8628972196656862 77
1634591293849 0.8636716164107101 78
1634591363128 0.865318653041389 79
1634591434897 0.8661182786693732 80
1634591504615 0.8698996988116875 81
1634591574198 0.8698440906178594 82
1634591644473 0.8694823066488215 83
1634591713944 0.8732980992504655 84
1634591783888 0.8696343621635404 85
1634591853395 0.8678767226666586 86
1634591923052 0.8655085273544385 87
1634591993292 0.8700591780071071 88
1634592063733 0.8701725024483135 89
1634592134493 0.8686531945148243 90
1634592204366 0.871404103893247 91
1634592274232 0.8700624439457639 92
1634592344225 0.8708222187279986 93
1634592413720 0.8675361294573981 94
1634592483580 0.8687720131406919 95
1634592553497 0.8671966972328435 96
1634592622997 0.8634733201194297 97
1634592693317 0.8650310248816523 98
1634592762851 0.866775224680473 99
1634592834802 0.8694584537435723 100
1634592904313 0.8646436871693659 101
1634592974222 0.8667252275088906 102
1634593044592 0.8764239099145613 103
1634593114389 0.8682008812329798 104
1634593184216 0.8693677159122074 105
1634593254075 0.8738079528191502 106
1634593324176 0.8725474285247418 107
1634593394558 0.8748242914880914 108
1634593464546 0.8757666595393895 109
1634593534592 0.8760033264216135 110
1634593604192 0.8832649896911258 111
1634593674044 0.881798763964534 112
1634593744460 0.8846364183676683 113
1634593815151 0.8838889292199759 114
1634593885344 0.8823885625376423 115
1634593954993 0.8741746019951594 116
1634594024931 0.8826044722848234 117
1634594095435 0.8750868873353891 118
1634594165404 0.8769605404562394 119
1634594237698 0.879625641169011 120
1634594307787 0.8724910670682112 121
1634594377523 0.8713555105695769 122
1634594448083 0.8711574825357423 123
1634594517977 0.8730435365954757 124
1634594588088 0.8737013134377924 125
1634594658228 0.8714076628879474 126
1634594728300 0.8675241461714409 127
1634594798851 0.8674512489228303 128
1634594868580 0.8663192095372564 129
1634594938600 0.8601812480792462 130
1634595008611 0.8651479103642558 131
1634595078647 0.8703423230816666 132
1634595149344 0.8652635379198897 133
1634595219408 0.8726803011176142 134
1634595289620 0.8666618900017564 135
1634595359474 0.8776853209211284 136
1634595429402 0.8768679653235002 137
1634595500893 0.8748798647122139 138
1634595570676 0.8800787600906972 139
1634595642592 0.8814081750984326 140
1634595712806 0.8829789060286825 141
1634595783673 0.8824146067730366 142
1634595855448 0.8835573294911522 143
1634595926516 0.8838764412008121 144
1634595996903 0.8881992382056839 145
1634596066988 0.8860572984770214 146
1634596136755 0.8847400425240232 147
1634596207161 0.8880829177609422 148
1634596277161 0.8866754711723854 149
1634596347504 0.8829750003986294 150
1634596417688 0.8875667798621217 151
1634596487812 0.8846763171702702 152
1634596558242 0.8806214704372128 153
1634596628623 0.8817055945945051 154
1634596698703 0.879581317908992 155
1634596768586 0.8780431778545504 156
1634596838600 0.8753770623843896 157
1634596909261 0.87682300759957 158
1634596979395 0.8740334108050933 159
1634597051928 0.8723604901874148 160
1634597122199 0.8740308315600052 161
1634597192399 0.8745097955487428 162
1634597263331 0.8729794620542515 163
1634597333615 0.870905020372888 164
1634597403889 0.872204237378448 165
1634597474060 0.8721462414813524 166
1634597544275 0.8709509996746685 167
1634597615067 0.8716886483794519 168
1634597685278 0.8726677044805555 169
1634597755563 0.8719840880274715 170
1634597825726 0.8747354491144732 171
1634597896012 0.8755048453866298 172
1634597966588 0.8800295693211241 173
1634598036507 0.8767677971967873 174
1634598106696 0.877537837461649 175
1634598176692 0.8754357053395764 176
1634598246776 0.8793402165062155 177
1634598317348 0.8752613327696682 178
1634598387238 0.8727191828084343 179
1634598459411 0.8765800060765423 180
1634598529959 0.8689525630139894 181
1634598600333 0.8715079787348986 182
1634598671237 0.8705578378735885 183
1634598741562 0.8691891931514775 184
1634598811908 0.8737543513250344 185
1634598882126 0.8704207846468421 186
1634598952202 0.8665944918846886 187
1634599022799 0.8679651898720337 188
1634599093165 0.8660674491296229 189
1634599163750 0.8661161056832338 190
1634599234088 0.8693464698413563 191
1634599303985 0.8721057827806885 192
1634599374799 0.872650562500415 193
1634599445224 0.8723772937398707 194
1634599515763 0.8770995555507682 195
1634599586294 0.8715949998013125 196
1634599656591 0.8768098161225014 197
1634599727662 0.8795978860406622 198
1634599797818 0.8738392436444907 199
1634599870203 0.8764971919978874 200
1634599940636 0.8735481017872697 201
1634600010974 0.8770412098219635 202
1634600081824 0.8809021422836731 203
1634600152499 0.8794277918970218 204
1634600222860 0.8839261162911587 205
1634600293447 0.8808085805370711 206
1634600363845 0.8842676560281677 207
1634600434628 0.8845381583639504 208
1634600504876 0.8876696816381386 209
1634600575528 0.8902499532156798 210
1634600645925 0.8883422603168992 211
1634600716416 0.8857993170145049 212
1634600787485 0.8840946081807731 213
1634600857746 0.8811570336624548 214
1634600928300 0.8827146235375456 215
1634600998691 0.8868228372427904 216
1634601069142 0.8832999646520178 217
1634601140249 0.8832310656446033 218
1634601210636 0.8806929175646036 219
1634601283446 0.8825648740204021 220
1634601353780 0.8820258257090324 221
1634601424387 0.881310255459048 222
1634601495680 0.8810093952295369 223
1634601566470 0.8835206111378533 224
1634601637033 0.8812678422923501 225
1634601707467 0.8790068141476629 226
1634601777712 0.8766446816042088 227
1634601848853 0.8767179700398561 228
1634601919397 0.8779882658654468 229
1634601990173 0.8803206981013061 230
1634602060471 0.8797917427657307 231
1634602131290 0.8800854736751718 232
1634602202457 0.8787251241468029 233
1634602273136 0.8777342869104322 234
1634602343872 0.8832890904913077 235
1634602414196 0.8861089171207529 236
1634602484878 0.8857096175045425 237
1634602556128 0.8863112901683657 238
1634602626675 0.8891898484964621 239
1634602699428 0.8878395389588268 240
1634602770144 0.8888370210424016 241
1634602840920 0.8905725471159518 242
1634602912297 0.891697731028355 243
1634602982971 0.8910815562482794 244
1634603053763 0.8908947817165834 245
1634603124443 0.8878395375216445 246
1634603195096 0.8906007451014152 247
1634603266390 0.8885330014025196 248
1634603337091 0.8882990036764892 249
1634603407725 0.8858492534896066 250
1634603478675 0.8824638022697264 251
1634603549415 0.8783475972711631 252
1634603620708 0.8771469683407416 253
1634603691433 0.8749113893396668 254
1634603762186 0.8740546512796005 255
1634603832846 0.8808906366905729 256
1634603903429 0.8740510582003409 257
1634603974597 0.8824682325525641 258
1634604045144 0.8800321292834038 259
1634604118291 0.8819053089729845 260
1634604189380 0.8840911335981136 261
1634604260139 0.8854071397244401 262
1634604331519 0.8877850500639185 263
1634604402385 0.8898047732715312 264
1634604473464 0.8898170909861055 265
1634604544400 0.8896551883579282 266
1634604615217 0.8905603910117725 267
1634604686431 0.8894893635170604 268
1634604757064 0.8896212167863982 269
1634604828194 0.8871908636829782 270
1634604899101 0.8822180629567716 271
1634604969825 0.8824201860832216 272
1634605041199 0.8799801550173283 273
1634605111857 0.8767699582795273 274
1634605182840 0.8755679210323177 275
1634605253431 0.8771919846826652 276
1634605324388 0.8752730208493259 277
1634605395887 0.8759739307139376 278
1634605466526 0.8705617357519115 279
1634605539525 0.8764820712287558 280
1634605610449 0.8801468267670507 281
1634605681326 0.8792944983529094 282
1634605752907 0.8804549828845926 283
1634605824131 0.8847709995653806 284
1634605895084 0.884470735946508 285
1634605966216 0.883544273009247 286
1634606037440 0.8815434959140717 287
1634606108646 0.8856479016488263 288
1634606179711 0.881825999551495 289
1634606250741 0.8831878443052201 290
1634606321615 0.8702777947711848 291
1634606392523 0.8704094494816007 292
1634606463873 0.8723483066780018 293
1634606534663 0.8654789488360712 294
1634606605986 0.8623169885623058 295
1634606677021 0.8635119293140241 296
1634606748296 0.8656353942965671 297
1634606819670 0.8657041300104914 298
1634606890447 0.8688147204000037 299
1634606963427 0.8757800625118145 300
1634607034558 0.8733314263509389 301
1634607105516 0.8719826825334859 302
1634607177300 0.8690174201380945 303
1634607248090 0.8709304436620664 304
1634607319112 0.8729014869208934 305
1634607390052 0.8749562977311881 306
1634607460796 0.8740112435559726 307
1634607532319 0.8721768468487827 308
1634607603103 0.8713165834594108 309
1634607674079 0.8693994049295437 310
1634607745017 0.8704186610319404 311
1634607815782 0.8736781303067062 312
1634607887588 0.8763855830258004 313
1634607958686 0.8740191703112067 314
1634608029703 0.875254358072444 315
1634608100989 0.8762478108677861 316
1634608172128 0.8743172810591883 317
1634608243663 0.8754977129883407 318
1634608314855 0.8759259623411405 319
1634608388183 0.8757267211361527 320
1634608459217 0.8751027195019071 321
1634608530437 0.876768278713527 322
1634608601878 0.875561768106401 323
1634608672956 0.8804537936809609 324
1634608744403 0.8744671444525697 325
1634608815518 0.8705426843719893 326
1634608886996 0.8676205363006664 327
1634608958746 0.8696723234225491 328
1634609030081 0.8693783151182857 329
1634609101500 0.8728266562594001 330
1634609172739 0.8658732869243188 331
1634609244141 0.8706634100580595 332
1634609315808 0.8743188781695885 333
1634609387102 0.8760400202248118 334
1634609458585 0.8784819311532864 335
1634609529697 0.8739281369267475 336
1634609600770 0.8750089772172897 337
1634609672348 0.8725368918978087 338
1634609743647 0.871460610436779 339
1634609817337 0.8670886870372856 340
1634609888412 0.8724168825298962 341
1634609959747 0.8718784740703097 342
1634610031686 0.8707337077207681 343
1634610103168 0.8710825647969825 344
1634610174552 0.8685507220411439 345
1634610245831 0.867721623091183 346
1634610317316 0.8661544884747939 347
1634610389353 0.8700661663364538 348
1634610460724 0.8707456192261996 349
1634610532279 0.8723391625250593 350
1634610603689 0.8644965209559963 351
1634610675117 0.8596914296671951 352
1634610747165 0.8650396021590187 353
1634610818548 0.8657996778865374 354
1634610889984 0.8718472910743854 355
1634610961191 0.8703635474300477 356
1634611032624 0.8669502490989112 357
1634611104765 0.8655304148041554 358
1634611176405 0.8700988073736379 359
1634611250393 0.8660086729152308 360
1634611321639 0.8653837172499746 361
1634611393374 0.870644378624251 362
1634611465556 0.8631963419735044 363
1634611536786 0.8734150845580823 364
1634611608284 0.8767599574889121 365
1634611679832 0.8674685151027343 366
1634611751403 0.8690891197741818 367
1634611823587 0.8717171141301424 368
1634611894810 0.8719815261490157 369
1634611966607 0.8745837681150597 370
1634612038315 0.8756034226677114 371
1634612109719 0.8765730422466093 372
1634612181863 0.8760030434945614 373
1634612253416 0.8722121671594601 374
1634612325000 0.8783626064312527 375
1634612396266 0.8746491884085658 376
1634612467881 0.8772640510039049 377
1634612540077 0.8837227238221601 378
1634612611533 0.8814066058076477 379
1634612685368 0.8836159037269701 380
1634612757083 0.8786211490960754 381
1634612828783 0.8784154686051698 382
1634612901084 0.8778210700861216 383
1634612972880 0.8775348193990625 384
1634613044552 0.8729801395802053 385
1634613116303 0.8710435440557104 386
1634613188056 0.8676939802770116 387
1634613260163 0.871590996793804 388
1634613331919 0.8669008901167756 389
1634613403684 0.8676595578863678 390
1634613475440 0.8704406996414712 391
1634613546835 0.8660838709249521 392
1634613619115 0.869898984851353 393
1634613690472 0.8671851010348367 394
1634613762323 0.8731267055083286 395
1634613833965 0.8715662994527571 396
1634613906135 0.8691612331726629 397
1634613978439 0.8747581572402577 398
1634614050187 0.8820648785545506 399
1634614123862 0.8752965754596554 400
1634614195416 0.8719963059328077 401
1634614267140 0.8719404581029082 402
1634614339225 0.8709702629008209 403
1634614410745 0.8714676241725118 404
1634614482564 0.8682294916615242 405
1634614553832 0.8690262747838092 406
1634614625452 0.8663014624936392 407
1634614697619 0.8695507592119083 408
1634614769317 0.8702860221511427 409
1634614841123 0.8695035682850125 410
1634614912951 0.868642357124086 411
1634614984749 0.8697312740052766 412
1634615056700 0.8695408829240968 413
1634615128632 0.870522034418814 414
1634615200565 0.8768396660678778 415
1634615272099 0.8703238452439054 416
1634615343524 0.8738850366212444 417
1634615415563 0.8760351526969291 418
1634615487353 0.8766734890629237 419
1634615561582 0.8693900971488674 420
1634615633419 0.8667335575917559 421
1634615705140 0.8669615427161093 422
1634615777311 0.8663799790977081 423
1634615849320 0.8650782784675373 424
1634615921119 0.8598980893266983 425
1634615992872 0.858707803142678 426
1634616064607 0.8549987156612641 427
1634616136712 0.8563377266487908 428
1634616208689 0.8553195699682974 429
1634616280598 0.8541827059638644 430
1634616351981 0.8585981576498836 431
1634616423606 0.853742791176538 432
1634616495918 0.8621069344383221 433
1634616567860 0.8666609271958399 434
1634616639444 0.8665355005128241 435
1634616711184 0.8652444328709844 436
1634616782763 0.866839793619273 437
1634616854936 0.8637998162084615 438
1634616926792 0.8665613464023343 439
1634617001193 0.8682695073842756 440
1634617072994 0.8701759299434144 441
1634617144510 0.8690639483871644 442
1634617217112 0.8709310784666746 443
1634617289004 0.8673113852675084 444
1634617361069 0.8659646757385252 445
1634617433236 0.8682764890925483 446
1634617505075 0.8655189300075548 447
1634617577736 0.8634626507874915 448
1634617649321 0.863416206315248 449
1634617721454 0.8716669852345003 450
1634617793381 0.8753976632671023 451
1634617865319 0.8802286169887524 452
1634617938089 0.8823539486476366 453
1634618010132 0.8783299388286736 454
1634618082093 0.8763071796781975 455
1634618153953 0.8694320523553307 456
1634618225474 0.8734196159253744 457
1634618297862 0.8606991076200836 458
1634618369440 0.867522875715955 459
1634618443568 0.8684569476464666 460
1634618515671 0.8616822128685934 461
1634618587629 0.8677226964890287 462
1634618660087 0.8657360927660855 463
1634618732156 0.8642542127454113 464
1634618804375 0.8597595498553844 465
1634618876338 0.8657227852865047 466
1634618948189 0.8697634529921696 467
1634619020844 0.8658435905079616 468
1634619092891 0.868475711942869 469
1634619165052 0.8658346346867286 470
1634619237144 0.8705348694871589 471
1634619309148 0.8743875429658573 472
1634619381748 0.8663421985019538 473
1634619453763 0.8737833825532971 474
1634619526099 0.8705069411814116 475
1634619598013 0.8659028718581873 476
1634619669939 0.8746026218998643 477
1634619742435 0.8696385836635618 478
1634619814628 0.864130015533229 479
1634619889198 0.8675862084005934 480
1634619961497 0.8712947415293375 481
1634620033363 0.8738951249483029 482
1634620105944 0.8743419755729608 483
1634620178099 0.8759621998028783 484
1634620250697 0.8730601320213441 485
1634620323016 0.8715032407948622 486
1634620395019 0.8710738030510122 487
1634620467711 0.8717636723937114 488
1634620539857 0.8758029429043431 489
1634620612361 0.8766997734671955 490
1634620684696 0.8753686448829456 491
1634620757189 0.8787890372031293 492
1634620829963 0.869065868063703 493
1634620902072 0.8637765706623519 494
1634620974440 0.8665686992356718 495
1634621046793 0.8699206611690294 496
1634621119208 0.8649349459058515 497
1634621191826 0.8601088148746097 498
1634621263720 0.8644289615925065 499
1634621338500 0.8614750085331061 500
1634621410513 0.8666602160973165 501
1634621483222 0.860804073542427 502
1634621556628 0.8690470496531053 503
