1634585741640 0.8484006414118839 1
1634585812468 0.8341820198650157 2
1634588271200 0.8546628572067366 36
1634588345264 0.8643039210201408 37
1634588571927 0.8746267895816412 40
1634589965198 0.8933963283608519 59
1634590107067 0.8876016593610795 61
1634590176949 0.8845361876914546 62
1634590247775 0.8810549764401908 63
1634590944955 0.8693698787851915 73
1634591993718 0.8700591780071071 88
1634592064224 0.8701725024483135 89
1634593744989 0.8846364183676683 113
1634595429979 0.8768679653235002 137
1634595713383 0.8829789060286825 141
1634595784290 0.8824146067730366 142
1634595856024 0.8835573294911522 143
