1634585741646 0.8962168261273176 1
1634585812471 0.8925237877111138 2
1634588271205 0.8970976782804556 36
1634588345268 0.9006358095618863 37
1634588571931 0.9023248431741797 40
1634589965201 0.9036489765485658 59
1634590107070 0.9031188586690431 61
1634590176952 0.9032631071174325 62
1634590247779 0.9033244510749913 63
1634590944959 0.8999721959405488 73
1634591993722 0.899540877231753 88
1634592064228 0.8995519449644179 89
1634593744992 0.9027720752494166 113
1634595429983 0.90256260637719 137
1634595713386 0.9034405140878919 141
1634595784294 0.9037451459522619 142
1634595856028 0.9047387569360319 143
