1634585741477 0.8962168261273176 1
1634585812150 0.8925237877111138 2
1634585883195 0.884465587497674 3
1634585953480 0.8759063691618509 4
1634586024136 0.8726481738379601 5
1634586094533 0.8671831283309546 6
1634586164927 0.8607945933980787 7
1634586235546 0.8541312018939504 8
1634586305554 0.8454245372824643 9
1634586376141 0.8388491047010435 10
1634586446434 0.8364021805466082 11
1634586516356 0.8386751329707087 12
1634586588611 0.8356897388285421 13
1634586660303 0.8317331452010044 14
1634586730680 0.8287441520861788 15
1634586801224 0.8244067875637674 16
1634586871292 0.8242869918505406 17
1634586942337 0.8254450895995206 18
1634587012752 0.8309247671364867 19
1634587085276 0.8294254085446164 20
1634587156867 0.8378696783441129 21
1634587229581 0.8405154974120614 22
1634587303633 0.8479192913224404 23
1634587374302 0.8555560405278746 24
1634587447472 0.860253831995539 25
1634587522241 0.8658554034154833 26
1634587597760 0.8689706632462912 27
1634587673125 0.8769101076706173 28
1634587746972 0.8810668873246157 29
1634587821244 0.8854536158227504 30
1634587895425 0.8881577623134146 31
1634587969514 0.8916908763965108 32
1634588045017 0.8901079689642322 33
1634588119863 0.89429908677484 34
1634588194133 0.8926505039015146 35
1634588270831 0.8970976782804556 36
1634588344882 0.9006358095618863 37
1634588420416 0.8975825206189694 38
1634588494839 0.8986559739737552 39
1634588571474 0.9023248431741797 40
1634588647421 0.9021001035961237 41
1634588721891 0.9031730069878567 42
1634588797183 0.9021376482817193 43
1634588871991 0.9029505347361456 44
1634588946498 0.9007290571667477 45
1634589021731 0.9036385452857985 46
1634589096418 0.9007243082251071 47
1634589171686 0.9024304313463466 48
1634589246022 0.901857438267157 49
1634589320715 0.9021144927582696 50
1634589393114 0.9022977130324215 51
1634589465467 0.9024958920530796 52
1634589539606 0.9031407289860971 53
1634589612882 0.902843054081651 54
1634589686534 0.9019908397870461 55
1634589756286 0.9028412047730368 56
1634589825504 0.9029078473313668 57
1634589895183 0.9031328229516151 58
1634589964814 0.9036489765485658 59
1634590037127 0.9030086087886644 60
1634590106639 0.9031188586690431 61
1634590176509 0.9032631071174325 62
1634590247333 0.9033244510749913 63
1634590317409 0.9001388610195451 64
1634590387294 0.9024283796316348 65
1634590456561 0.9000104232455235 66
1634590526069 0.9001412975475819 67
1634590596193 0.8998000560792069 68
1634590665471 0.9000099407496518 69
1634590735379 0.8966782848709824 70
1634590804851 0.899717965357653 71
1634590874543 0.8986625860038617 72
1634590944541 0.8999721959405488 73
1634591014612 0.8987131784932302 74
1634591084340 0.8986246865120232 75
1634591153928 0.8944492047605909 76
1634591223594 0.8977859937225986 77
1634591293853 0.89867779517208 78
1634591363132 0.8985293824413347 79
1634591434900 0.8986680185200737 80
1634591504619 0.8989749638395728 81
1634591574202 0.8990060084771091 82
1634591644477 0.8988218974190596 83
1634591713948 0.899581283369212 84
1634591783892 0.8986767354193479 85
1634591853399 0.8988641620631274 86
1634591923055 0.8991206584699555 87
1634591993296 0.899540877231753 88
1634592063736 0.8995519449644179 89
1634592134496 0.8988259984753122 90
1634592204370 0.8994043110436337 91
1634592274235 0.899195825899756 92
1634592344229 0.898837308466938 93
1634592413724 0.8985666458148764 94
1634592483584 0.8989819579523868 95
1634592553500 0.8988910092392556 96
1634592623001 0.8976911413777927 97
1634592693321 0.8974656377646625 98
1634592762855 0.898299596306861 99
1634592834806 0.8989253937097382 100
1634592904316 0.8979563617516668 101
1634592974226 0.8980171305600169 102
1634593044596 0.9015734720820973 103
1634593114393 0.8984261441650925 104
1634593184220 0.898408469679991 105
1634593254079 0.8993212756888105 106
1634593324180 0.8985162800407442 107
1634593394562 0.8990055266677558 108
1634593464550 0.8991528083617187 109
1634593534596 0.8992616962627643 110
1634593604196 0.9022843535853404 111
1634593674048 0.9020770307476407 112
1634593744463 0.9027720752494166 113
1634593815155 0.9025394702045328 114
1634593885348 0.9019151991376125 115
1634593954997 0.8990978553551181 116
1634594024935 0.9018327083054529 117
1634594095439 0.8984387267197007 118
1634594165408 0.8991495734762949 119
1634594237701 0.9012625405349547 120
1634594307790 0.8982701729101543 121
1634594377527 0.897919239734144 122
1634594448087 0.8978912195993182 123
1634594517980 0.898246238319036 124
1634594588092 0.8982411279892892 125
1634594658232 0.8980702446554975 126
1634594728304 0.8980794881881909 127
1634594798855 0.8981223247971234 128
1634594868584 0.8980823113155975 129
1634594938603 0.896710263978336 130
1634595008615 0.8977859806866586 131
1634595078650 0.9006822876215398 132
1634595149348 0.8979634414072828 133
1634595219412 0.9018660177269385 134
1634595289624 0.8984172060212159 135
1634595359478 0.902266825179703 136
1634595429406 0.90256260637719 137
1634595500897 0.9003131968163643 138
1634595570680 0.9030140938405051 139
1634595642596 0.9030137630517158 140
1634595712810 0.9034405140878919 141
1634595783677 0.9037451459522619 142
1634595855451 0.9047387569360319 143
1634595926520 0.9043883619494266 144
1634595996907 0.9047391041781185 145
1634596066991 0.9033475684503205 146
1634596136759 0.9045656196086562 147
1634596207165 0.9043687041067382 148
1634596277164 0.9044287681827775 149
1634596347508 0.9041992756362558 150
1634596417691 0.9037645959547866 151
1634596487816 0.9040976883986903 152
1634596558246 0.9040711245717342 153
1634596628627 0.9034581353316655 154
1634596698706 0.9039463905757461 155
1634596768590 0.903288252528663 156
1634596838603 0.9028076884568003 157
1634596909264 0.9025088016576004 158
1634596979399 0.9030576863938368 159
1634597051931 0.9028184295636289 160
1634597122203 0.9028478630166404 161
1634597192403 0.9028490806941574 162
1634597263335 0.9020505905396371 163
1634597333619 0.9016595662686536 164
1634597403893 0.9013748702908357 165
1634597474064 0.9016909808543577 166
1634597544279 0.901025586490421 167
1634597615071 0.9012613245171699 168
1634597685282 0.9008409549574955 169
1634597755566 0.9006492508255409 170
1634597825730 0.9005464518736882 171
1634597896016 0.9003067244783398 172
1634597966592 0.9014321272109513 173
1634598036511 0.9001110314764369 174
1634598106700 0.9003627970329597 175
1634598176696 0.8995733776818539 176
1634598246780 0.8999539064442347 177
1634598317351 0.8992328537440382 178
1634598387242 0.8988256231180205 179
1634598459414 0.896434443561923 180
1634598529963 0.8983135593676174 181
1634598600337 0.8981424042399783 182
1634598671241 0.8980358507740527 183
1634598741566 0.8979403706634179 184
1634598811911 0.8969109038176423 185
1634598882130 0.8977219923533434 186
1634598952205 0.8962665116003822 187
1634599022803 0.897239825458992 188
1634599093168 0.8961877484120302 189
1634599163754 0.8965374026884746 190
1634599234092 0.8969682072967037 191
1634599303989 0.8971014626492118 192
1634599374803 0.8962890197686727 193
1634599445228 0.8964238969272117 194
1634599515766 0.8964497980426452 195
1634599586298 0.8964047385124438 196
1634599656595 0.8965772255656986 197
1634599727666 0.8962419156694138 198
1634599797821 0.8963863034719037 199
1634599870207 0.8969592719815463 200
1634599940640 0.89675168957436 201
1634600010978 0.897132905824162 202
1634600081828 0.8962161753759972 203
1634600152502 0.8982631748325971 204
1634600222863 0.8987794100088072 205
1634600293451 0.8978015964765228 206
1634600363849 0.8984148122680827 207
1634600434632 0.8986584450758844 208
1634600504880 0.8958993742095884 209
1634600575532 0.8972271513505806 210
1634600645928 0.8976235885670052 211
1634600716420 0.8992570871923061 212
1634600787489 0.9004858116301868 213
1634600857750 0.8993107184827632 214
1634600928304 0.8998694501855193 215
1634600998695 0.9003590439666986 216
1634601069146 0.8990920250821657 217
1634601140253 0.8972829067056028 218
1634601210640 0.9009726423235698 219
1634601283450 0.8997883945389327 220
1634601353784 0.8995506351526763 221
1634601424390 0.9003559672608803 222
1634601495684 0.9006866483592991 223
1634601566474 0.9008658608003853 224
1634601637036 0.8972233016613349 225
1634601707470 0.900309861059392 226
1634601777716 0.8990724620816468 227
1634601848857 0.898199453745101 228
1634601919400 0.9006975405991859 229
1634601990177 0.8993469107713875 230
1634602060475 0.9007264453672645 231
1634602131294 0.9011095088449074 232
1634602202461 0.9006234954006013 233
1634602273139 0.901233429944903 234
1634602343876 0.9009170034387789 235
1634602414200 0.9013459278132872 236
1634602484882 0.9008189330874958 237
1634602556132 0.8991843534296399 238
1634602626679 0.9011394662142145 239
1634602699432 0.9010888409410974 240
1634602770148 0.9016395365661662 241
1634602840924 0.8999983260203328 242
1634602912300 0.9002712122553868 243
1634602982974 0.8983105355632983 244
1634603053766 0.9006207944095647 245
1634603124447 0.9001918351249191 246
1634603195100 0.9026062818933133 247
1634603266394 0.8992651278751481 248
1634603337095 0.9025587938972828 249
1634603407729 0.9025567653656514 250
1634603478679 0.9023303321752657 251
1634603549419 0.901905650356939 252
1634603620712 0.8977459685538404 253
1634603691437 0.9011733201693566 254
1634603762190 0.9008705202443552 255
1634603832850 0.902242900926219 256
1634603903433 0.9013958851639038 257
1634603974600 0.9014200536272926 258
1634604045148 0.9011584248855838 259
1634604118294 0.9017086583910617 260
1634604189384 0.9011950913368397 261
1634604260142 0.9015499273535786 262
1634604331522 0.9012757902020817 263
1634604402389 0.901530869351912 264
1634604473468 0.9017832105998795 265
1634604544404 0.9013995327496975 266
1634604615221 0.9026368716400864 267
1634604686435 0.9019186619787243 268
1634604757067 0.9019016360255661 269
1634604828198 0.9019487810372019 270
1634604899105 0.9016375742283566 271
1634604969829 0.9019041261559068 272
1634605041203 0.9024226245424108 273
1634605111861 0.900741509930753 274
1634605182844 0.9016510002429544 275
1634605253435 0.9007803276597066 276
1634605324392 0.9003853701112453 277
1634605395890 0.900493070782729 278
1634605466530 0.9004289088321105 279
1634605539529 0.9010949644127827 280
1634605610453 0.9018643478855285 281
1634605681330 0.9016430181096158 282
1634605752911 0.9025143390059498 283
1634605824135 0.9007077341930082 284
1634605895088 0.8986328547155273 285
1634605966220 0.9012600098497343 286
1634606037443 0.901804101570364 287
1634606108650 0.9016772946463356 288
1634606179715 0.9019803716139659 289
1634606250745 0.9017296755961783 290
1634606321619 0.9002566311996978 291
1634606392527 0.8999940604120411 292
1634606463876 0.9001574206069184 293
1634606534666 0.8987637245410007 294
1634606605989 0.8985032230920449 295
1634606677024 0.8988570582193656 296
1634606748299 0.8987229462962469 297
1634606819674 0.8988644875957443 298
1634606890451 0.8988740004727555 299
1634606963431 0.8987913749591238 300
1634607034561 0.8997568767255774 301
1634607105520 0.8999875619506603 302
1634607177304 0.8984949683895688 303
1634607248094 0.8991974328096576 304
1634607319116 0.8987878064275108 305
1634607390056 0.895880835760419 306
1634607460800 0.898987715897848 307
1634607532322 0.8980421956228105 308
1634607603107 0.898607750806994 309
1634607674082 0.8992021265362002 310
1634607745020 0.8978719919617814 311
1634607815785 0.8993865721854115 312
1634607887591 0.8991836117885365 313
1634607958690 0.8994771174718116 314
1634608029707 0.9001892498804602 315
1634608100992 0.9001422101397657 316
1634608172132 0.8987090971869098 317
1634608243667 0.8990867419554569 318
1634608314859 0.8990504139481114 319
1634608388187 0.8985458076129526 320
1634608459220 0.8991385125968228 321
1634608530441 0.9005971351711693 322
1634608601882 0.899368117349098 323
1634608672960 0.8991979609285413 324
1634608744407 0.9002199823880214 325
1634608815522 0.8986937961508662 326
1634608887000 0.898175718342011 327
1634608958750 0.8990961441291637 328
1634609030085 0.8988419880579034 329
1634609101503 0.8993747648458029 330
1634609172743 0.8982575463607909 331
1634609244144 0.8985434745620579 332
1634609315812 0.8987979035151967 333
1634609387106 0.898356539549921 334
1634609458588 0.8987204502591695 335
1634609529700 0.8989919879237956 336
1634609600774 0.8988080631336962 337
1634609672352 0.8991243149890562 338
1634609743651 0.8992151786235891 339
1634609817341 0.8978326611019262 340
1634609888416 0.8988496845194218 341
1634609959750 0.8979854846512104 342
1634610031690 0.8970622150156374 343
1634610103171 0.8969418777577879 344
1634610174557 0.8969078705477329 345
1634610245835 0.8969015700178008 346
1634610317320 0.8965641747989949 347
1634610389356 0.8964291570433347 348
1634610460728 0.8965575775694452 349
1634610532283 0.892997002927014 350
1634610603693 0.8961057967767416 351
1634610675121 0.8946055542177536 352
1634610747168 0.8952415856495206 353
1634610818552 0.8957418788104121 354
1634610889988 0.8929101082102829 355
1634610961195 0.8959318752098597 356
1634611032627 0.8961231468756605 357
1634611104769 0.8968800780780842 358
1634611176409 0.8957216407119907 359
1634611250396 0.8958226072556035 360
1634611321642 0.8960132719299367 361
1634611393378 0.8960616549481546 362
1634611465560 0.8933122737491547 363
1634611536790 0.8967577439699269 364
1634611608288 0.8996184670829311 365
1634611679836 0.8966296137896205 366
1634611751407 0.8977342565492714 367
1634611823590 0.8992028368734011 368
1634611894814 0.898717540929363 369
1634611966611 0.8980387027091584 370
1634612038318 0.89705909736685 371
1634612109723 0.899301469667675 372
1634612181866 0.8992577431444465 373
1634612253420 0.8978107817004574 374
1634612325004 0.9011006829936189 375
1634612396270 0.8971229240337755 376
1634612467885 0.8986475179455594 377
1634612540080 0.9019601261118655 378
1634612611537 0.8985359086383079 379
1634612685372 0.8972994373638591 380
1634612757087 0.8979813770267063 381
1634612828787 0.8981121649363115 382
1634612901088 0.8970540703656371 383
1634612972884 0.8936984984268187 384
1634613044556 0.8972497155505071 385
1634613116307 0.8965220664669762 386
1634613188060 0.8952470743595944 387
1634613260167 0.8961241273760084 388
1634613331923 0.8947175058195 389
1634613403687 0.8950657762654504 390
1634613475443 0.8928643977728281 391
1634613546839 0.8937379450098614 392
1634613619119 0.8960046502273241 393
1634613690476 0.8952826011199784 394
1634613762327 0.894722295916982 395
1634613833969 0.8960619287242259 396
1634613906139 0.8954465175227522 397
1634613978443 0.8966512427509508 398
1634614050190 0.898204593783132 399
1634614123866 0.8935020182470474 400
1634614195420 0.8959908773348723 401
1634614267143 0.8961832324676035 402
1634614339229 0.8962788260517067 403
1634614410749 0.8956674833063565 404
1634614482568 0.8935461412286978 405
1634614553835 0.8934659123329685 406
1634614625456 0.8895792023771754 407
1634614697623 0.8955753314655683 408
1634614769321 0.8940396468615424 409
1634614841127 0.8934555648436746 410
1634614912955 0.8916806828716168 411
1634614984753 0.8930147956473197 412
1634615056703 0.8931854451630323 413
1634615128636 0.8931842026359508 414
1634615200568 0.8967964206311155 415
1634615272103 0.8945336141694596 416
1634615343528 0.8953940750905042 417
1634615415567 0.8968289813334671 418
1634615487357 0.894997372621914 419
1634615561586 0.8925191568488491 420
1634615633422 0.8937635661034742 421
1634615705144 0.8885456235978708 422
1634615777315 0.8906299608442086 423
1634615849324 0.8903368957199055 424
1634615921123 0.8897304611386193 425
1634615992876 0.889388093516514 426
1634616064611 0.8901057886838868 427
1634616136716 0.8870024697850153 428
1634616208693 0.8872114162770434 429
1634616280602 0.8863218524628084 430
1634616351985 0.89124994210272 431
1634616423610 0.8845874576107104 432
1634616495922 0.8878987909090134 433
1634616567863 0.8904316734129469 434
1634616639448 0.8909229574748746 435
1634616711188 0.8900996116772103 436
1634616782767 0.8928587033998409 437
1634616854940 0.8871592210707105 438
1634616926795 0.8908810364870656 439
1634617001197 0.8903301622986968 440
1634617072998 0.8932277366917444 441
1634617144514 0.8918611217674995 442
1634617217116 0.8912374821000089 443
1634617289008 0.8900041013247738 444
1634617361073 0.8896928671591402 445
1634617433240 0.8913936973916938 446
1634617505079 0.8914145851354895 447
1634617577739 0.8922043702209441 448
1634617649325 0.8891671556505315 449
1634617721457 0.893036643329689 450
1634617793385 0.8944322761812689 451
1634617865323 0.8913959245046431 452
1634617938093 0.8915460000085735 453
1634618010136 0.8910514420164674 454
1634618082097 0.8894629231405247 455
1634618153956 0.8894905828981788 456
1634618225478 0.8929870446946703 457
1634618297866 0.8907462967684913 458
1634618369443 0.890531361261752 459
1634618443572 0.8909181392789347 460
1634618515675 0.8873776961121629 461
1634618587632 0.8923173605349749 462
1634618660091 0.8916206342543974 463
1634618732160 0.8898009294352653 464
1634618804379 0.8870524989937829 465
1634618876342 0.8886484655498582 466
1634618948192 0.8930483038128568 467
1634619020848 0.8916641336361651 468
1634619092895 0.8904992283397077 469
1634619165056 0.8908866614183301 470
1634619237147 0.8907362221989575 471
1634619309152 0.8935849578844427 472
1634619381752 0.889345679486158 473
1634619453767 0.8921343069444905 474
1634619526102 0.8908498473707638 475
1634619598016 0.8896232055803921 476
1634619669943 0.8947050495542095 477
1634619742438 0.8900739267575074 478
1634619814632 0.890136770382816 479
1634619889202 0.891455779478515 480
1634619961501 0.8920121436162783 481
1634620033367 0.8928479748245379 482
1634620105948 0.894387605106439 483
1634620178103 0.8968164062442857 484
1634620250700 0.8913253395598304 485
1634620323020 0.892019439885249 486
1634620395023 0.8893751262374624 487
1634620467715 0.8922795690952107 488
1634620539861 0.8934922360469406 489
1634620612365 0.8948725671117994 490
1634620684700 0.8902418577190955 491
1634620757194 0.8977448844833263 492
1634620829967 0.8933961667239813 493
1634620902076 0.8939669766141138 494
1634620974443 0.8945223889033075 495
1634621046796 0.8930938472162546 496
1634621119211 0.8928987416498433 497
1634621191830 0.8926331373043339 498
1634621263724 0.8933506161433872 499
1634621338504 0.8887796669452208 500
1634621410516 0.8925019760433037 501
1634621483226 0.8932381794514939 502
1634621556632 0.8934703033204647 503
