1634585741472 0.913734662448163 1
1634585812147 0.926792832995796 2
1634585883192 0.934020468021314 3
1634585953477 0.9433586661719211 4
1634586024133 0.9449693519426419 5
1634586094530 0.9486765918191715 6
1634586164924 0.9514361611937511 7
1634586235543 0.9544348675266286 8
1634586305551 0.9565838625870374 9
1634586376138 0.9582554502676763 10
1634586446431 0.9592622409327639 11
1634586516353 0.9580936940853707 12
1634586588607 0.9573002786232343 13
1634586660300 0.958633102164402 14
1634586730677 0.9587396091173952 15
1634586801221 0.9596925179072308 16
1634586871289 0.959878139912508 17
1634586942334 0.9587281012149304 18
1634587012749 0.9573449311310417 19
1634587085272 0.9576923825614013 20
1634587156862 0.9550988538007295 21
1634587229578 0.9548572853376851 22
1634587303629 0.9523408407607463 23
1634587374299 0.9487753618528092 24
1634587447469 0.9461984961728388 25
1634587522236 0.9435208218378877 26
1634587597757 0.9422539763639733 27
1634587673122 0.9363016695395452 28
1634587746969 0.9350984713416507 29
1634587821241 0.9288628190813316 30
1634587895421 0.9272126969017387 31
1634587969511 0.922186429391576 32
1634588045014 0.91999658801207 33
1634588119860 0.918005062277914 34
1634588194130 0.9125359685411416 35
1634588270828 0.9078600880265781 36
1634588344878 0.9033374185845227 37
1634588420413 0.9012551919557703 38
1634588494836 0.8967863984410491 39
1634588571471 0.8939399190199322 40
1634588647418 0.8891523415677611 41
1634588721888 0.8864107094778072 42
1634588797180 0.8815749864423585 43
1634588871988 0.877833224263208 44
1634588946495 0.8750670546894495 45
1634589021727 0.872805692138422 46
1634589096415 0.8698910708250093 47
1634589171682 0.8663011410024964 48
1634589246019 0.8624481093910474 49
1634589320711 0.8607555962988913 50
1634589393110 0.8629073645275892 51
1634589465464 0.8623785490824951 52
1634589539603 0.8628748197410203 53
1634589612878 0.8636494608877535 54
1634589686531 0.8605293710085238 55
1634589756283 0.8665686539441171 56
1634589825501 0.8690435610061842 57
1634589895180 0.8714996633198311 58
1634589964811 0.8761561171993936 59
1634590037124 0.8788922030983989 60
1634590106636 0.8826097127837437 61
1634590176506 0.8868567259844616 62
1634590247330 0.891744463532473 63
1634590317406 0.8919090443016243 64
1634590387291 0.8958419653098423 65
1634590456556 0.8941855005827142 66
1634590526066 0.893936966054619 67
1634590596190 0.8943993442940087 68
1634590665468 0.8945360072412184 69
1634590735375 0.8965203830971895 70
1634590804848 0.8954286314989853 71
1634590874540 0.8987574826240899 72
1634590944538 0.9003138310267577 73
1634591014609 0.902367271236796 74
1634591084337 0.8985190135361038 75
1634591153925 0.9034040946678994 76
1634591223590 0.903589548038076 77
1634591293850 0.9050870556344215 78
1634591363129 0.9026752314816932 79
1634591434897 0.9022484258411189 80
1634591504616 0.8983145952798395 81
1634591574199 0.8986482847332573 82
1634591644474 0.8986964918027005 83
1634591713945 0.89578743500868 84
1634591783889 0.8981612245152576 85
1634591853396 0.9006763703340238 86
1634591923052 0.903950662842488 87
1634591993293 0.8995799388670948 88
1634592063733 0.8996887645860323 89
1634592134493 0.8997410677380444 90
1634592204367 0.897700142645764 91
1634592274232 0.8988551444518876 92
1634592344226 0.8973822031770401 93
1634592413721 0.9008585225223453 94
1634592483581 0.900461801457428 95
1634592553497 0.9017367399353401 96
1634592622998 0.9037062178411454 97
1634592693317 0.9011961556146015 98
1634592762852 0.9011543171628982 99
1634592834803 0.8994253663105312 100
1634592904314 0.9031943815507156 101
1634592974223 0.9006700440583169 102
1634593044593 0.8967385455708223 103
1634593114390 0.9000591634691183 104
1634593184217 0.8982630502479867 105
1634593254076 0.8951100745936924 106
1634593324177 0.894795320188436 107
1634593394559 0.8930157118724057 108
1634593464547 0.8922419381314177 109
1634593534593 0.8920592206880664 110
1634593604193 0.8897920074980925 111
1634593674045 0.8914295183858818 112
1634593744460 0.88940288601371 113
1634593815152 0.889739647689639 114
1634593885345 0.8902040155342756 115
1634593954994 0.8939906027668877 116
1634594024932 0.8898355775175779 117
1634594095436 0.8915933675177047 118
1634594165405 0.8911157875745463 119
1634594237698 0.8919391951021983 120
1634594307787 0.8941856061117892 121
1634594377524 0.8950496172590572 122
1634594448084 0.8948893352022516 123
1634594517978 0.8934817906531607 124
1634594588089 0.8925628003851949 125
1634594658229 0.8951857110341984 126
1634594728301 0.8995119153551181 127
1634594798852 0.8996099411443967 128
1634594868581 0.9008139765410685 129
1634594938600 0.9047917288411401 130
1634595008612 0.9013784997806644 131
1634595078647 0.9009407497420571 132
1634595149345 0.9012678762967755 133
1634595219409 0.9007183146173253 134
1634595289621 0.9003312447514782 135
1634595359475 0.8953792600191187 136
1634595429403 0.8970956163705793 137
1634595500894 0.8945291959966898 138
1634595570677 0.8937002679191781 139
1634595642593 0.8922878076883013 140
1634595712807 0.8908552553413872 141
1634595783674 0.8921851240235451 142
1634595855448 0.8932332668670118 143
1634595926517 0.8917960045479331 144
1634595996904 0.8870216032436322 145
1634596066988 0.8865256741940829 146
1634596136756 0.8904873337840631 147
1634596207162 0.8859524732279971 148
1634596277161 0.8877586498371641 149
1634596347505 0.8916639871839891 150
1634596417688 0.8851110567207959 151
1634596487813 0.889033735632749 152
1634596558242 0.8941107771313236 153
1634596628623 0.8911177015246449 154
1634596698703 0.8943761143902357 155
1634596768587 0.8950212448776097 156
1634596838600 0.8974258196910077 157
1634596909261 0.8948916533662168 158
1634596979396 0.8992384143108684 159
1634597051928 0.9008201029801838 160
1634597122200 0.8985269416596742 161
1634597192400 0.8975713276947559 162
1634597263332 0.897445041658672 163
1634597333616 0.898898370593994 164
1634597403890 0.896576522072326 165
1634597474061 0.8973196189329332 166
1634597544276 0.8965674387880932 167
1634597615068 0.8962654927675985 168
1634597685279 0.8940646019526759 169
1634597755563 0.8942869074237447 170
1634597825726 0.8908484055801529 171
1634597896012 0.8892505913327574 172
1634597966589 0.8860964774647999 173
1634598036508 0.886467641762095 174
1634598106697 0.8861879420369629 175
1634598176693 0.8866739233209612 176
1634598246777 0.8828327922840793 177
1634598317348 0.8850915866373257 178
1634598387238 0.8875085665937806 179
1634598459411 0.8780062043162528 180
1634598529960 0.8913158035759102 181
1634598600334 0.8872720681829906 182
1634598671238 0.8887437156808403 183
1634598741563 0.8902722531008911 184
1634598811908 0.8822110567209842 185
1634598882127 0.8881502853161914 186
1634598952202 0.8883853654588302 187
1634599022800 0.8902940441347655 188
1634599093165 0.889316509477409 189
1634599163751 0.8903020064496802 190
1634599234089 0.8876625555069692 191
1634599303986 0.8850283919867407 192
1634599374799 0.8823209024816481 193
1634599445225 0.8836012401631339 194
1634599515763 0.8788996042240709 195
1634599586295 0.8841571029544687 196
1634599656592 0.8785074582819026 197
1634599727663 0.873817219525051 198
1634599797818 0.8818515641843624 199
1634599870204 0.8800017342035062 200
1634599940637 0.8835033417915897 201
1634600010975 0.880254364602497 202
1634600081825 0.8740154257599247 203
1634600152499 0.88037659060295 204
1634600222860 0.8764451461835182 205
1634600293448 0.8778307104291513 206
1634600363846 0.8752389583616003 207
1634600434629 0.8754656319688854 208
1634600504877 0.8663753366226902 209
1634600575529 0.8661363728426005 210
1634600645925 0.8695063360921885 211
1634600716417 0.8761757576086017 212
1634600787486 0.880981336760826 213
1634600857747 0.8815442860160166 214
1634600928301 0.8815420984853976 215
1634600998691 0.8781220341999983 216
1634601069143 0.8796826122136409 217
1634601140250 0.8763705049781723 218
1634601210637 0.887125767130843 219
1634601283447 0.882978250091754 220
1634601353781 0.8832131355918773 221
1634601424387 0.8859343487075833 222
1634601495680 0.886909266238693 223
1634601566471 0.8846005366043641 224
1634601637033 0.8795621051118846 225
1634601707467 0.8888467973696887 226
1634601777713 0.8886551083878803 227
1634601848854 0.8867390307822107 228
1634601919398 0.8904842904957374 229
1634601990174 0.8849206064223165 230
1634602060472 0.88849850922082 231
1634602131291 0.8890031991334234 232
1634602202458 0.8895801159638563 233
1634602273136 0.8917195879008055 234
1634602343873 0.8844748204988357 235
1634602414197 0.8817717872980998 236
1634602484879 0.8812614391185072 237
1634602556129 0.8773749913610722 238
1634602626676 0.8780149353250866 239
1634602699429 0.8795809414784089 240
1634602770145 0.8791510497917758 241
1634602840920 0.8739715425474592 242
1634602912297 0.8730547193325117 243
1634602982971 0.8695290519956633 244
1634603053763 0.8746961886017073 245
1634603124444 0.8773478925504099 246
1634603195097 0.8793084057932051 247
1634603266391 0.874918892042879 248
1634603337092 0.8820392632003794 249
1634603407726 0.8852049643938282 250
1634603478676 0.8887772075367241 251
1634603549415 0.892994455799271 252
1634603620708 0.8859655069672923 253
1634603691434 0.8955845877971262 254
1634603762187 0.8959010520383401 255
1634603832846 0.890451672875378 256
1634603903430 0.8965597719491433 257
1634603974597 0.8865176697084263 258
1634604045145 0.8887582504731458 259
1634604118291 0.8875352484083572 260
1634604189381 0.8832685621384241 261
1634604260139 0.8827003774271894 262
1634604331519 0.8791063692764611 263
1634604402386 0.8769094326986903 264
1634604473465 0.8776445154038105 265
1634604544401 0.8764003389784524 266
1634604615218 0.8780688838319685 267
1634604686432 0.8780054936425489 268
1634604757064 0.8780229328828253 269
1634604828195 0.8811803496624598 270
1634604899102 0.8865981310326612 271
1634604969825 0.8872123869206645 272
1634605041200 0.8911645422591647 273
1634605111858 0.8914276173347456 274
1634605182841 0.8946766147704923 275
1634605253432 0.8906413939724955 276
1634605324389 0.8916831257232313 277
1634605395887 0.8911651147941214 278
1634605466527 0.8972170874782901 279
1634605539526 0.8910702777686752 280
1634605610450 0.8885071414375255 281
1634605681327 0.888988556068486 282
1634605752907 0.8897340196739801 283
1634605824132 0.8802902256386271 284
1634605895085 0.8765742108468273 285
1634605966217 0.8823390009397784 286
1634606037440 0.8861576626352384 287
1634606108647 0.8812667839325254 288
1634606179712 0.8862048451361553 289
1634606250742 0.8839082962500124 290
1634606321616 0.8965478168301024 291
1634606392523 0.8957197357157435 292
1634606463873 0.8936198215329232 293
1634606534663 0.8987061864775018 294
1634606605986 0.9017796600044852 295
1634606677021 0.9015010162781028 296
1634606748296 0.8982440875388298 297
1634606819671 0.8984616732277915 298
1634606890448 0.894252701462465 299
1634606963428 0.8852834026406213 300
1634607034558 0.8907246066214892 301
1634607105517 0.8929954480129046 302
1634607177301 0.8924631879905863 303
1634607248091 0.8916412091103103 304
1634607319113 0.8884423052643392 305
1634607390053 0.8806187950828758 306
1634607460797 0.8878677774843777 307
1634607532319 0.8883254782095846 308
1634607603104 0.8908550299137485 309
1634607674079 0.8946831681643337 310
1634607745017 0.89044457521352 311
1634607815782 0.8900080169066686 312
1634607887588 0.8865119050980891 313
1634607958687 0.8896738371559656 314
1634608029703 0.8897882660950326 315
1634608100989 0.888599336417511 316
1634608172129 0.8877520545936011 317
1634608243664 0.8870710652127634 318
1634608314856 0.8867086748605363 319
1634608388184 0.8859657911454959 320
1634608459217 0.8883064104400599 321
1634608530438 0.8897940581254007 322
1634608601879 0.8886228883360802 323
1634608672957 0.882400878302777 324
1634608744403 0.891892059870242 325
1634608815519 0.893077651995255 326
1634608886997 0.8951090350311963 327
1634608958747 0.8949557419716075 328
1634609030082 0.8950680080296318 329
1634609101500 0.892043076911328 330
1634609172740 0.89772412833311 331
1634609244141 0.8928848284377909 332
1634609315809 0.888726144792604 333
1634609387102 0.8854024692956008 334
1634609458585 0.8835369390445823 335
1634609529698 0.8895575845341971 336
1634609600771 0.8878980760258751 337
1634609672349 0.8921858110701238 338
1634609743648 0.8932964673333905 339
1634609817338 0.8950132815292227 340
1634609888413 0.8913321400889609 341
1634609959747 0.8897972133762748 342
1634610031687 0.8886691698426777 343
1634610103168 0.8873615718583726 344
1634610174554 0.8903068305543088 345
1634610245832 0.8906543407558044 346
1634610317317 0.8914686323562168 347
1634610389353 0.8863799874455544 348
1634610460725 0.8862058869238407 349
1634610532280 0.8765090368535382 350
1634610603690 0.8922605418399311 351
1634610675118 0.8946689616722188 352
1634610747165 0.8897497200744985 353
1634610818549 0.8900331968071142 354
1634610889985 0.8759349982434061 355
1634610961192 0.8852521413513855 356
1634611032624 0.8895935211801103 357
1634611104766 0.893148811221082 358
1634611176406 0.8850072394516179 359
1634611250393 0.8905996217614529 360
1634611321639 0.8917790955161141 361
1634611393375 0.885165281537185 362
1634611465557 0.8886463004470392 363
1634611536786 0.8845968050584574 364
1634611608285 0.8867058326392481 365
1634611679833 0.8917490024465716 366
1634611751403 0.8925020271629992 367
1634611823587 0.8926695622216022 368
1634611894811 0.8914748275720368 369
1634611966608 0.8868457189220998 370
1634612038315 0.8837233808561398 371
1634612109719 0.8875465819758349 372
1634612181863 0.88813012576012 373
1634612253416 0.8894427596302864 374
1634612325001 0.8893053997725703 375
1634612396267 0.884738134800688 376
1634612467882 0.885273853025298 377
1634612540077 0.8849586812001459 378
1634612611534 0.8798882634929046 379
1634612685369 0.8752108852231046 380
1634612757084 0.8822396701655748 381
1634612828784 0.882667882085531 382
1634612901085 0.8810527210236239 383
1634612972881 0.8741021536816986 384
1634613044553 0.8870507134462312 385
1634613116304 0.8873438838819778 386
1634613188057 0.888339880067723 387
1634613260164 0.8847495365574316 388
1634613331920 0.8877168182768549 389
1634613403684 0.8874772150252929 390
1634613475440 0.8791065772225701 391
1634613546836 0.8855738388767327 392
1634613619116 0.8861421491921772 393
1634613690473 0.8882806782397148 394
1634613762324 0.8803795454629598 395
1634613833966 0.8847869265772158 396
1634613906136 0.8864633998015199 397
1634613978440 0.8827845656703854 398
1634614050187 0.8775360062958623 399
1634614123862 0.8757184913143163 400
1634614195417 0.8853245475976596 401
1634614267140 0.8860850527247836 402
1634614339226 0.8872239004089754 403
1634614410746 0.8854757839818451 404
1634614482565 0.884845846321777 405
1634614553832 0.8831579112613384 406
1634614625452 0.8779835969233623 407
1634614697620 0.8871445385675808 408
1634614769318 0.8829724860761204 409
1634614841124 0.8823000973835369 410
1634614912951 0.8790115101130022 411
1634614984750 0.8812901058515434 412
1634615056700 0.8814166514095493 413
1634615128633 0.8802123054395465 414
1634615200565 0.88025403546277 415
1634615272100 0.8832107930718682 416
1634615343525 0.8806045849287193 417
1634615415564 0.8811212790878943 418
1634615487354 0.8763187055171374 419
1634615561583 0.8793088975420212 420
1634615633419 0.8855799383777884 421
1634615705141 0.8741638755466713 422
1634615777312 0.8792418945286059 423
1634615849321 0.8804980784159956 424
1634615921120 0.8850753131036135 425
1634615992873 0.8854160905497921 426
1634616064608 0.8913737203924503 427
1634616136713 0.8831019788674535 428
1634616208690 0.8847057144354977 429
1634616280599 0.8839826063238744 430
1634616351982 0.889092544200398 431
1634616423607 0.880663403844362 432
1634616495919 0.8779504939589348 433
1634616567860 0.8777303438360178 434
1634616639444 0.8787332693997874 435
1634616711185 0.8791565583839156 436
1634616782764 0.8839087394360433 437
1634616854937 0.8752212332551664 438
1634616926792 0.8798069645124795 439
1634617001194 0.8771391455845428 440
1634617072995 0.8813419013872761 441
1634617144511 0.8799466957012265 442
1634617217112 0.8764412147104349 443
1634617289005 0.8780481856513356 444
1634617361070 0.8792308080037725 445
1634617433237 0.8803244471198244 446
1634617505076 0.8835919866109421 447
1634617577736 0.88745441502989 448
1634617649322 0.8811551449796649 449
1634617721454 0.8788644375328469 450
1634617793382 0.8773562342861075 451
1634617865320 0.8643444381306865 452
1634617938090 0.8623510772601076 453
1634618010133 0.866232360351272 454
1634618082094 0.8646121766261484 455
1634618153953 0.8729739517545295 456
1634618225475 0.8760130268704023 457
1634618297863 0.8865763722084711 458
1634618369440 0.8779432986225089 459
1634618443569 0.8774930169133596 460
1634618515672 0.8782739222208753 461
1634618587629 0.8816937610874689 462
1634618660088 0.8828605758778854 463
1634618732157 0.8804255777633222 464
1634618804375 0.880034949716044 465
1634618876339 0.876368329757891 466
1634618948189 0.8812191087250837 467
1634619020845 0.8829708114476361 468
1634619092892 0.8770590076696682 469
1634619165053 0.8810874012565703 470
1634619237144 0.8748868895972935 471
1634619309149 0.8759402393672667 472
1634619381749 0.8776262492507702 473
1634619453763 0.8747495737828427 474
1634619526099 0.8760803338577028 475
1634619598014 0.8792537342365745 476
1634619669940 0.8797718888339202 477
1634619742435 0.8757346042638818 478
1634619814629 0.8827761345037274 479
1634619889199 0.8812451042594353 480
1634619961498 0.8780434935630927 481
1634620033364 0.8764765169419512 482
1634620105945 0.8796752514727744 483
1634620178099 0.8828672736472112 484
1634620250698 0.8741888612997961 485
1634620323017 0.8776316758184629 486
1634620395020 0.8717971836756747 487
1634620467712 0.8773788013577543 488
1634620539858 0.8752590779841407 489
1634620612362 0.8772373455829262 490
1634620684697 0.8683488479944117 491
1634620757189 0.8808887453674561 492
1634620829964 0.8834188152806539 493
1634620902073 0.8859033710326455 494
1634620974441 0.8890296735369754 495
1634621046794 0.8816098879794183 496
1634621119208 0.8869865994780533 497
1634621191827 0.8924704847423236 498
1634621263721 0.8889533814535318 499
1634621338501 0.8824803154825756 500
1634621410514 0.8841219503435022 501
1634621483223 0.8878513797731158 502
1634621556629 0.8836965433784045 503
