1634585741641 0.913734662448163 1
1634585812468 0.926792832995796 2
1634588271201 0.9078600880265781 36
1634588345264 0.9033374185845227 37
1634588571928 0.8939399190199322 40
1634589965198 0.8761561171993936 59
1634590107067 0.8826097127837437 61
1634590176949 0.8868567259844616 62
1634590247776 0.891744463532473 63
1634590944956 0.9003138310267577 73
1634591993719 0.8995799388670948 88
1634592064225 0.8996887645860323 89
1634593744989 0.88940288601371 113
1634595429980 0.8970956163705793 137
1634595713383 0.8908552553413872 141
1634595784290 0.8921851240235451 142
1634595856025 0.8932332668670118 143
