1634585741476 0.9390309686451137 1
1634585812150 0.9424328895990521 2
1634585883195 0.9424520117937716 3
1634585953480 0.9417609186815593 4
1634586024136 0.9412812960598151 5
1634586094532 0.9403076413288807 6
1634586164927 0.9391654036417997 7
1634586235546 0.9380729719344382 8
1634586305554 0.9362746284513419 9
1634586376141 0.9342453718138038 10
1634586446434 0.9354344384012299 11
1634586516356 0.9368567189097676 12
1634586588610 0.9371504368248798 13
1634586660302 0.936627081712468 14
1634586730679 0.9367507494640808 15
1634586801224 0.9360060796496651 16
1634586871291 0.9360635899116236 17
1634586942337 0.9372546834640677 18
1634587012751 0.9388984334126903 19
1634587085275 0.9387549905465977 20
1634587156866 0.9412973342589969 21
1634587229580 0.9417863204475251 22
1634587303632 0.9441416433128148 23
1634587374302 0.9458723612174018 24
1634587447472 0.9462842689196992 25
1634587522240 0.9470803501728817 26
1634587597759 0.947266805814701 27
1634587673124 0.9477935533641467 28
1634587746971 0.9477501211219135 29
1634587821244 0.9470658090265118 30
1634587895424 0.9470251253057572 31
1634587969513 0.9462561537351786 32
1634588045017 0.9456413119405318 33
1634588119863 0.9453459495110033 34
1634588194133 0.943677891266773 35
1634588270831 0.9426316590633433 36
1634588344881 0.9413205656079441 37
1634588420416 0.9404390564967687 38
1634588494838 0.938957748906945 39
1634588571474 0.9382728204672331 40
1634588647420 0.9363109005335448 41
1634588721890 0.9356665137361273 42
1634588797182 0.9335221942028 43
1634588871990 0.9321431470547408 44
1634588946497 0.9309597828257106 45
1634589021730 0.9301100822723157 46
1634589096418 0.9287167260082145 47
1634589171685 0.9272016033367797 48
1634589246021 0.925416541703151 49
1634589320714 0.9247283210735685 50
1634589393113 0.9256326076116247 51
1634589465466 0.9254800254260326 52
1634589539606 0.925651103471101 53
1634589612881 0.9258658729938586 54
1634589686533 0.9243752275207193 55
1634589756286 0.9268552851646021 56
1634589825504 0.9277832767370446 57
1634589895183 0.9286394036210214 58
1634589964814 0.9303900820779814 59
1634590037126 0.931233924960096 60
1634590106639 0.9325706924494568 61
1634590176509 0.9340713014629154 62
1634590247332 0.9356852466075566 63
1634590317408 0.9355322372181738 64
1634590387293 0.9367469856379761 65
1634590456560 0.9359770760981317 66
1634590526068 0.9358451236057012 67
1634590596192 0.935713202527397 68
1634590665471 0.9356978219496186 69
1634590735378 0.93613570193845 70
1634590804851 0.9357873306534831 71
1634590874543 0.9364816745057999 72
1634590944540 0.9373928974873255 73
1634591014611 0.9376484472003719 74
1634591084340 0.9360870596009815 75
1634591153927 0.9371460133708652 76
1634591223593 0.9375472615131183 77
1634591293852 0.9380060130503028 78
1634591363131 0.9371778136286295 79
1634591434900 0.9369292035036182 80
1634591504619 0.9357602812164998 81
1634591574202 0.935692385561351 82
1634591644476 0.9355853166561598 83
1634591713947 0.9348533845215705 84
1634591783891 0.9354261842565798 85
1634591853398 0.9363799944079341 86
1634591923055 0.9376301911401826 87
1634591993295 0.936200714371125 88
1634592063736 0.935927283689498 89
1634592134496 0.9359432198442823 90
1634592204370 0.9353137759779468 91
1634592274235 0.9357098373337202 92
1634592344228 0.9348442084205034 93
1634592413724 0.935721467683067 94
1634592483583 0.9356096626541673 95
1634592553500 0.9362739935862812 96
1634592623000 0.9363854078069278 97
1634592693320 0.9354973719127078 98
1634592762854 0.9357205497677898 99
1634592834805 0.9351135319185241 100
1634592904316 0.9361241126956802 101
1634592974225 0.9353186870491099 102
1634593044595 0.9342242230744272 103
1634593114392 0.9350508660733615 104
1634593184219 0.9346992148994735 105
1634593254079 0.9338416722346975 106
1634593324180 0.9334861174092797 107
1634593394561 0.9330816876021558 108
1634593464549 0.9329124576556825 109
1634593534596 0.9329476794993897 110
1634593604195 0.9322627740152154 111
1634593674048 0.932580182573526 112
1634593744463 0.9321515215148092 113
1634593815155 0.9322511542146696 114
1634593885347 0.9323440397844539 115
1634593954996 0.9335677851528627 116
1634594024934 0.9319782581436439 117
1634594095438 0.9322265987222896 118
1634594165407 0.9322357315185215 119
1634594237701 0.9326034610321622 120
1634594307790 0.9332854917312947 121
1634594377526 0.9333124700650093 122
1634594448087 0.9333755222366817 123
1634594517980 0.932815788780915 124
1634594588091 0.9326592253201648 125
1634594658231 0.9335588193358655 126
1634594728304 0.9351982072766128 127
1634594798854 0.9353838671164111 128
1634594868584 0.9358508360888479 129
1634594938603 0.9371740709861959 130
1634595008615 0.9360908199215604 131
1634595078650 0.936242645005655 132
1634595149348 0.9365062767537811 133
1634595219411 0.9366267183468784 134
1634595289624 0.9363847009827572 135
1634595359477 0.9351811098834628 136
1634595429406 0.9357264116093468 137
1634595500896 0.9350819520813027 138
1634595570679 0.9350058914082859 139
1634595642595 0.9342333411093552 140
1634595712809 0.9342030467168422 141
1634595783677 0.9348018245504132 142
1634595855451 0.935394729112751 143
1634595926519 0.9349596644224185 144
1634595996906 0.9335934207271417 145
1634596066991 0.9330517710877454 146
1634596136759 0.9349359961269914 147
1634596207164 0.9333176814966062 148
1634596277164 0.9340564356242521 149
1634596347507 0.9354506974784035 150
1634596417691 0.9329063827066372 151
1634596487815 0.9346669322119405 152
1634596558245 0.9364215787867451 153
1634596628626 0.9352325320728434 154
1634596698706 0.9367555456788118 155
1634596768589 0.936672875902479 156
1634596838603 0.9374362606416125 157
1634596909264 0.9363708577825928 158
1634596979398 0.9382259679484997 159
1634597051931 0.9388336287543876 160
1634597122202 0.938086950372622 161
1634597192403 0.9378660127478576 162
1634597263334 0.9377053225808087 163
1634597333618 0.9382658145924969 164
1634597403893 0.9373932746001432 165
1634597474063 0.9376105377174264 166
1634597544279 0.9374379678616834 167
1634597615070 0.9374967906577099 168
1634597685282 0.9364366875837697 169
1634597755566 0.936390851204914 170
1634597825729 0.9350499781766415 171
1634597896015 0.9343347713742969 172
1634597966591 0.9334875253533786 173
1634598036510 0.9334213044306782 174
1634598106700 0.9332723115221091 175
1634598176696 0.9334514177193631 176
1634598246779 0.9320026514235263 177
1634598317351 0.9330496119595382 178
1634598387241 0.9338217242880611 179
1634598459414 0.9292806401377238 180
1634598529962 0.9348409271590938 181
1634598600336 0.9331743745421978 182
1634598671240 0.933510875281058 183
1634598741565 0.9340431972349154 184
1634598811911 0.9305995490545373 185
1634598882130 0.9330770417157471 186
1634598952205 0.9326778614254738 187
1634599022802 0.9335034967513471 188
1634599093168 0.9330202152071274 189
1634599163754 0.9333794166640387 190
1634599234091 0.932504048863843 191
1634599303988 0.9315019200127 192
1634599374802 0.930482720842161 193
1634599445227 0.9308771510546185 194
1634599515766 0.9290681398311535 195
1634599586298 0.9310498994265294 196
1634599656594 0.9287791957662148 197
1634599727665 0.9269297848881854 198
1634599797821 0.929973089020184 199
1634599870206 0.9294054496985662 200
1634599940640 0.9305713952948005 201
1634600010977 0.9293599061816065 202
1634600081828 0.926650735233347 203
1634600152502 0.929595073289105 204
1634600222863 0.9281332542164261 205
1634600293450 0.9284595852094708 206
1634600363849 0.9276621607263508 207
1634600434632 0.927780904458306 208
1634600504879 0.9236794514785026 209
1634600575531 0.9239249213026551 210
1634600645928 0.9252057274349529 211
1634600716420 0.9279797615935766 212
1634600787488 0.9301223308213822 213
1634600857749 0.9301635466150645 214
1634600928304 0.9300716868873935 215
1634600998694 0.9286752038542733 216
1634601069146 0.9289321581922039 217
1634601140252 0.9272397411368977 218
1634601210639 0.9319950245946201 219
1634601283449 0.9299363688892186 220
1634601353783 0.9298353115984034 221
1634601424390 0.9309220808972776 222
1634601495683 0.931445533054722 223
1634601566474 0.9304401292030958 224
1634601637036 0.9278425328869416 225
1634601707470 0.9319677715011627 226
1634601777715 0.9317347382269778 227
1634601848856 0.9309036832382424 228
1634601919400 0.9328691498021024 229
1634601990176 0.9305272913284071 230
1634602060474 0.932253698655153 231
1634602131294 0.932475243209395 232
1634602202460 0.9326011127483324 233
1634602273139 0.9337211411600431 234
1634602343875 0.9311622894036883 235
1634602414200 0.9303970285479474 236
1634602484881 0.9300115885030834 237
1634602556131 0.9280241401865582 238
1634602626679 0.9288256228989239 239
1634602699432 0.9293833124255765 240
1634602770147 0.9294936452053756 241
1634602840923 0.9270821996178019 242
1634602912300 0.9267557951419265 243
1634602982974 0.925207004427489 244
1634603053766 0.9276348605470329 245
1634603124446 0.9285021776932897 246
1634603195099 0.9298169724566921 247
1634603266393 0.9272147491980692 248
1634603337094 0.9307552417449605 249
1634603407728 0.9319024560739781 250
1634603478679 0.9331049846753063 251
1634603549418 0.9344523802300267 252
1634603620711 0.930765252066048 253
1634603691436 0.9352410444478975 254
1634603762190 0.9352714082089002 255
1634603832849 0.933813267073023 256
1634603903432 0.9360522537099335 257
1634603974600 0.9323474417957865 258
1634604045148 0.9331491958986112 259
1634604118294 0.9329053504782493 260
1634604189383 0.9314238178381562 261
1634604260142 0.9311945994351359 262
1634604331522 0.9298898073668491 263
1634604402389 0.9291947246688096 264
1634604473468 0.9293917033321037 265
1634604544403 0.9291184710837481 266
1634604615220 0.9299937177353186 267
1634604686434 0.9297041638358009 268
1634604757067 0.929639142197529 269
1634604828197 0.9307151338893508 270
1634604899104 0.9328065457736492 271
1634604969828 0.9328716789731292 272
1634605041203 0.9345132134269807 273
1634605111860 0.9341110173619821 274
1634605182844 0.9356091966107036 275
1634605253435 0.9339995531611556 276
1634605324391 0.9345879367755596 277
1634605395890 0.9344725228361384 278
1634605466530 0.936982145607821 279
1634605539528 0.9351161939488596 280
1634605610453 0.9341484033482454 281
1634605681329 0.9344207307419566 282
1634605752910 0.9348031785515226 283
1634605824135 0.930812750802913 284
1634605895088 0.928910713397644 285
1634605966219 0.9320688253161464 286
1634606037443 0.9336105579534407 287
1634606108649 0.9316390671398318 288
1634606179714 0.933730444099939 289
1634606250744 0.9326723190311605 290
1634606321618 0.9372296401197551 291
1634606392526 0.9368589698325874 292
1634606463876 0.9361244905325689 293
1634606534666 0.9378566502015275 294
1634606605989 0.9390175009510341 295
1634606677024 0.9387641413414045 296
1634606748299 0.9375675142555054 297
1634606819673 0.9377385069593871 298
1634606890450 0.9362781103732044 299
1634606963430 0.9329396965438977 300
1634607034561 0.935190548866506 301
1634607105519 0.9361325698297569 302
1634607177303 0.9358315864701037 303
1634607248094 0.9357275298632177 304
1634607319115 0.9343116951765523 305
1634607390056 0.9305688769255753 306
1634607460799 0.9340638564315031 307
1634607532322 0.9340434119707244 308
1634607603107 0.9349108952241468 309
1634607674082 0.9365162407225261 310
1634607745020 0.9345724195716326 311
1634607815785 0.9346127209040165 312
1634607887591 0.9331666931917837 313
1634607958690 0.9346680064729412 314
1634608029706 0.9349025498027072 315
1634608100992 0.93437690858494 316
1634608172132 0.9337213310364567 317
1634608243666 0.9335822301108013 318
1634608314858 0.9333892133951801 319
1634608388187 0.9328451136783391 320
1634608459220 0.9337567586802473 321
1634608530440 0.9344608527951189 322
1634608601882 0.9337663980980695 323
1634608672959 0.9312263166928352 324
1634608744406 0.9351992979704365 325
1634608815521 0.935347544772991 326
1634608887000 0.9361894486271177 327
1634608958749 0.9361246307881421 328
1634609030084 0.9360341209533185 329
1634609101503 0.9351477753409886 330
1634609172742 0.9370382141369933 331
1634609244144 0.9352054358559152 332
1634609315812 0.9338518784952856 333
1634609387105 0.9324177889695447 334
1634609458588 0.9314528343317366 335
1634609529700 0.9338308947610108 336
1634609600773 0.9332254463285736 337
1634609672351 0.934610860183097 338
1634609743650 0.9350891511813864 339
1634609817340 0.9356342067420371 340
1634609888415 0.9342874070442032 341
1634609959750 0.9335234437269508 342
1634610031690 0.9329406006814613 343
1634610103171 0.9326486754857002 344
1634610174556 0.9338546514759813 345
1634610245834 0.9340223794784598 346
1634610317319 0.9343258715058971 347
1634610389356 0.9323105435321676 348
1634610460727 0.9321404806533036 349
1634610532283 0.9277853159207197 350
1634610603692 0.9346649523734925 351
1634610675120 0.9353281734868549 352
1634610747168 0.9335788271354292 353
1634610818552 0.933893069521048 354
1634610889988 0.9279620306430875 355
1634610961195 0.9318552603613541 356
1634611032627 0.9338366235430078 357
1634611104768 0.9354008062965764 358
1634611176408 0.9319954429901194 359
1634611250396 0.9340501705402567 360
1634611321642 0.9346172528198103 361
1634611393377 0.9320624327660032 362
1634611465559 0.9327144020964946 363
1634611536789 0.9316552389823937 364
1634611608287 0.9325881770623633 365
1634611679836 0.9342387336719281 366
1634611751406 0.9347720631481239 367
1634611823590 0.9350891203287018 368
1634611894814 0.9343433411905671 369
1634611966610 0.9324140877450076 370
1634612038318 0.9310047384848719 371
1634612109722 0.9329496914446548 372
1634612181866 0.9332174397066824 373
1634612253419 0.9333491130549547 374
1634612325003 0.9334217901593983 375
1634612396269 0.9312973483237745 376
1634612467884 0.9319662406785933 377
1634612540080 0.9319934009807715 378
1634612611536 0.9299302179357604 379
1634612685371 0.9278002129944865 380
1634612757086 0.9307664045388975 381
1634612828786 0.9309692386340521 382
1634612901087 0.9300974856455381 383
1634612972883 0.9268890472694267 384
1634613044555 0.9324662276917046 385
1634613116306 0.9326662775077676 386
1634613188059 0.9328185453368838 387
1634613260166 0.9319141571714782 388
1634613331923 0.9327090752249825 389
1634613403687 0.9327506251176199 390
1634613475443 0.9292096879076018 391
1634613546838 0.9319829892519127 392
1634613619118 0.932749139851465 393
1634613690476 0.9331391567783903 394
1634613762327 0.9299994645837515 395
1634613833968 0.9318480994031476 396
1634613906138 0.9323647347731935 397
1634613978442 0.9311204612506248 398
1634614050190 0.9289192550562265 399
1634614123865 0.9276898720375995 400
1634614195420 0.9316652918896913 401
1634614267143 0.9319735468998654 402
1634614339228 0.9322772008705077 403
1634614410748 0.9315445526560201 404
1634614482567 0.9307605045587392 405
1634614553835 0.930313106577497 406
1634614625455 0.9278786211294477 407
1634614697622 0.9324738313749075 408
1634614769320 0.9305299751919804 409
1634614841127 0.930304728539022 410
1634614912954 0.9288563196443792 411
1634614984752 0.9297885786602563 412
1634615056703 0.9300223258190309 413
1634615128635 0.9295175946961334 414
1634615200568 0.929886728936911 415
1634615272102 0.9311172642971017 416
1634615343528 0.9298016033700768 417
1634615415566 0.930293392677921 418
1634615487356 0.928060031395421 419
1634615561585 0.9293283388305842 420
1634615633422 0.9316756998960274 421
1634615705143 0.9263764823229156 422
1634615777315 0.928567385973169 423
1634615849323 0.9287775792855872 424
1634615921122 0.930233903851846 425
1634615992876 0.9305859421163548 426
1634616064611 0.9328665324732551 427
1634616136716 0.9292226921029393 428
1634616208693 0.930050244822886 429
1634616280601 0.929403601922959 430
1634616351984 0.9319038336011942 431
1634616423609 0.9282262641432374 432
1634616495922 0.9278095539517708 433
1634616567863 0.9278684711688874 434
1634616639447 0.9283490535458693 435
1634616711187 0.9282505557598846 436
1634616782766 0.9301466048389984 437
1634616854939 0.9262563154913656 438
1634616926795 0.9281916212925965 439
1634617001196 0.9269275072167611 440
1634617072997 0.9289765017675643 441
1634617144513 0.9279163149503538 442
1634617217115 0.926631938266079 443
1634617289007 0.9268536825971432 444
1634617361072 0.9272130276931614 445
1634617433239 0.9276693959049637 446
1634617505078 0.9288261985053862 447
1634617577739 0.9304593325525462 448
1634617649324 0.9282929842380488 449
1634617721457 0.9280968863572491 450
1634617793384 0.9279271062668674 451
1634617865322 0.9227912681989676 452
1634617938092 0.9219868547829131 453
1634618010135 0.9232330139194189 454
1634618082096 0.9226250901334282 455
1634618153956 0.9259196014061266 456
1634618225477 0.9275360720622331 457
1634618297865 0.9307483609962162 458
1634618369443 0.9274957138863482 459
1634618443571 0.9273173701626051 460
1634618515674 0.9274020253230588 461
1634618587632 0.9289039657505973 462
1634618660091 0.9295138077307553 463
1634618732160 0.9274745978707462 464
1634618804378 0.927382405081909 465
1634618876341 0.92648114630811 466
1634618948192 0.9284134119649758 467
1634619020848 0.9293302006327085 468
1634619092894 0.9270830116243247 469
1634619165056 0.9286263038475973 470
1634619237147 0.9260114193352476 471
1634619309152 0.9269374292062007 472
1634619381752 0.9270811631103288 473
1634619453766 0.9261694661942872 474
1634619526102 0.9268601159723088 475
1634619598016 0.9276573616195288 476
1634619669943 0.928253616537215 477
1634619742438 0.9262624548210161 478
1634619814632 0.9287244757272262 479
1634619889202 0.928670264864586 480
1634619961500 0.9275683179612525 481
1634620033366 0.9271057977420756 482
1634620105947 0.9281377286964085 483
1634620178102 0.929945453590406 484
1634620250700 0.9262740254154724 485
1634620323020 0.9275699743186547 486
1634620395022 0.9252205707098701 487
1634620467715 0.9276974372534872 488
1634620539860 0.9270210219909203 489
1634620612364 0.9283456400549994 490
1634620684699 0.9240458875974553 491
1634620757193 0.929428714619504 492
1634620829966 0.9297889414288477 493
1634620902076 0.9308536850379039 494
1634620974443 0.9320062810078098 495
1634621046796 0.9290493755581809 496
1634621119211 0.9309940771327827 497
1634621191829 0.932754634746093 498
1634621263724 0.9316162336711982 499
1634621338503 0.9283116196644151 500
1634621410516 0.9297036870893776 501
1634621483225 0.9312806459096834 502
1634621556631 0.9299043286961586 503
