1634585741645 0.9390309686451137 1
1634585812471 0.9424328895990521 2
1634588271204 0.9426316590633433 36
1634588345267 0.9413205656079441 37
1634588571931 0.9382728204672331 40
1634589965200 0.9303900820779814 59
1634590107070 0.9325706924494568 61
1634590176952 0.9340713014629154 62
1634590247778 0.9356852466075566 63
1634590944959 0.9373928974873255 73
1634591993721 0.936200714371125 88
1634592064227 0.935927283689498 89
1634593744992 0.9321515215148092 113
1634595429982 0.9357264116093468 137
1634595713386 0.9342030467168422 141
1634595784293 0.9348018245504132 142
1634595856027 0.935394729112751 143
