1634585741642 0.9653837324746032 1
1634585812469 0.9596295017322976 2
1634588271202 0.9779151418766965 36
1634588345265 0.9797628549987003 37
1634588571929 0.9828480474822495 40
1634589965199 0.9849760925173328 59
1634590107068 0.9829435409785953 61
1634590176950 0.9817838127661588 62
1634590247776 0.9802006403606469 63
1634590944956 0.9753225057476687 73
1634591993719 0.9737181632205788 88
1634592064225 0.973147118257418 89
1634593744990 0.9758170905456992 113
1634595429980 0.9753143974420877 137
1634595713384 0.9783903108823893 141
1634595784291 0.978255816737588 142
1634595856025 0.978332453179693 143
