1634585741474 0.9653837324746032 1
1634585812147 0.9596295017322976 2
1634585883192 0.952777998311275 3
1634585953478 0.9424334557993189 4
1634586024133 0.9403128233075609 5
1634586094530 0.9344612438663016 6
1634586164925 0.9298219234710896 7
1634586235544 0.9248882343383282 8
1634586305552 0.919159091885732 9
1634586376138 0.9141802561190597 10
1634586446431 0.9152949254284473 11
1634586516354 0.9192043285372559 12
1634586588608 0.9207728106424061 13
1634586660300 0.9184525844542509 14
1634586730677 0.9186772393535381 15
1634586801222 0.9159098316653261 16
1634586871289 0.9159255031089523 17
1634586942335 0.9192993814378287 18
1634587012749 0.9237003352818917 19
1634587085273 0.9228921953761288 20
1634587156863 0.930555034366271 21
1634587229578 0.9314143074320964 22
1634587303630 0.9385014630796471 23
1634587374299 0.9452559844245529 24
1634587447469 0.9484964734754356 25
1634587522237 0.9525669365125861 26
1634587597757 0.9541170697575145 27
1634587673122 0.9608236461247448 28
1634587746969 0.9618412006283786 29
1634587821242 0.9664892590047837 30
1634587895422 0.9679276225363334 31
1634587969511 0.9712660620203892 32
1634588045015 0.9721009756830316 33
1634588119861 0.9734822140618747 34
1634588194130 0.9754232241236698 35
1634588270828 0.9779151418766965 36
1634588344878 0.9797628549987003 37
1634588420414 0.9800290429175231 38
1634588494836 0.9814447804230453 39
1634588571471 0.9828480474822495 40
1634588647418 0.983656006581749 41
1634588721888 0.9850730863368704 42
1634588797180 0.9855036316727382 43
1634588871988 0.9865470747368957 44
1634588946495 0.9869275547210986 45
1634589021728 0.9874759998741159 46
1634589096415 0.9876055236373982 47
1634589171683 0.9881495680185433 48
1634589246019 0.9884369981390025 49
1634589320712 0.9887634129235175 50
1634589393111 0.9884258281369974 51
1634589465464 0.9886483374140533 52
1634589539604 0.9885477942095607 53
1634589612878 0.9881896739850341 54
1634589686531 0.9883694344143376 55
1634589756283 0.9873394535042769 56
1634589825502 0.9867121353631115 57
1634589895180 0.9860463015590085 58
1634589964811 0.9849760925173328 59
1634590037124 0.9839488095630803 60
1634590106637 0.9829435409785953 61
1634590176507 0.9817838127661588 62
1634590247330 0.9802006403606469 63
1634590317406 0.9797277751040293 64
1634590387291 0.97828115991644 65
1634590456557 0.9784390630871882 66
1634590526066 0.9783964612825137 67
1634590596190 0.9777784809617425 68
1634590665468 0.977616315446028 69
1634590735376 0.9765049659533059 70
1634590804848 0.9769258586767258 71
1634590874540 0.9750084808591358 72
1634590944538 0.9753225057476687 73
1634591014609 0.9738500867966801 74
1634591084338 0.974537183320625 75
1634591153925 0.9718623836803613 76
1634591223591 0.9724248512202435 77
1634591293850 0.9719453713629149 78
1634591363129 0.9726105396143944 79
1634591434898 0.9725590426804073 80
1634591504616 0.9741032447530357 81
1634591574199 0.9736478331312887 82
1634591644474 0.9733954065693873 83
1634591713945 0.974767722989662 84
1634591783889 0.9736186526133522 85
1634591853396 0.9729868378960832 86
1634591923053 0.9722084904951543 87
1634591993293 0.9737181632205788 88
1634592063734 0.973147118257418 89
1634592134494 0.9730872604645139 90
1634592204367 0.9738256587346956 91
1634592274233 0.9734208574242718 92
1634592344226 0.9731884040510842 93
1634592413722 0.971540135661182 94
1634592483581 0.9717922568297984 95
1634592553498 0.9718152964698935 96
1634592622998 0.9700236764867683 97
1634592693318 0.9707235139505437 98
1634592762852 0.9712041913047548 99
1634592834803 0.9718608685307699 100
1634592904314 0.970090939767534 101
1634592974223 0.9710094391925861 102
1634593044593 0.9726345944512316 103
1634593114390 0.9710719259082643 104
1634593184217 0.9721080964951131 105
1634593254076 0.9734934627332104 106
1634593324178 0.9730762189263048 107
1634593394559 0.9740301105053583 108
1634593464547 0.9744738464139384 109
1634593534594 0.9746670819340503 110
1634593604193 0.9756198891340964 111
1634593674046 0.9746919986293857 112
1634593744461 0.9758170905456992 113
1634593815153 0.9756184640670867 114
1634593885345 0.9753129856461804 115
1634593954994 0.9740417011153586 116
1634594024932 0.9750195013732161 117
1634594095436 0.9737839028708597 118
1634594165405 0.97437219286994 119
1634594237699 0.9742762530142032 120
1634594307788 0.9733598626292168 121
1634594377524 0.9726501037567861 122
1634594448084 0.972942195928382 123
1634594517978 0.9732184636695548 124
1634594588089 0.973886906034782 125
1634594658229 0.9730152799137205 126
1634594728302 0.9719071845263395 127
1634594798852 0.9722741375580541 128
1634594868582 0.972023654859694 129
1634594938601 0.9706065542872379 130
1634595008613 0.971887235021495 131
1634595078648 0.9726699640476877 132
1634595149346 0.9727599510697867 133
1634595219409 0.9736670180393904 134
1634595289622 0.9734482992265178 135
1634595359475 0.9759216547674271 136
1634595429403 0.9753143974420877 137
1634595500894 0.9765371836748659 138
1634595570677 0.9772217687665197 139
1634595642593 0.9771495635311727 140
1634595712807 0.9783903108823893 141
1634595783674 0.978255816737588 142
1634595855449 0.978332453179693 143
1634595926517 0.9788991746853991 144
1634595996904 0.9808163883838895 145
1634596066989 0.9803011276476461 146
1634596136756 0.9800974236773498 147
1634596207162 0.9813066037487618 148
1634596277162 0.9809920324436215 149
1634596347505 0.9799770823779642 150
1634596417689 0.9813708764472308 151
1634596487813 0.9810183110698144 152
1634596558243 0.9794842331495691 153
1634596628624 0.9801185574818522 154
1634596698704 0.9798898315186174 155
1634596768587 0.9791667750870436 156
1634596838601 0.9782956846891797 157
1634596909262 0.9787451540459108 158
1634596979396 0.9781125873287869 159
1634597051929 0.9777064063559281 160
1634597122200 0.9784794476374564 161
1634597192400 0.9789645312170111 162
1634597263332 0.9787859599427485 163
1634597333616 0.9784479082579229 164
1634597403891 0.9791069088679013 165
1634597474061 0.9787324428526523 166
1634597544276 0.9791400853858903 167
1634597615068 0.9794615502780516 168
1634597685280 0.9796400897516585 169
1634597755564 0.9793563915206047 170
1634597825727 0.9800360666067972 171
1634597896013 0.9802378151158765 172
1634597966589 0.9816498884807231 173
1634598036508 0.9811295785515141 174
1634598106698 0.9810474498107428 175
1634598176694 0.9810101821450522 176
1634598246777 0.9819389006346371 177
1634598317349 0.9817260992481629 178
1634598387239 0.9809167379189848 179
1634598459412 0.9813149187729093 180
1634598529960 0.979199997830479 181
1634598600334 0.9799120563443189 182
1634598671238 0.979168560757106 183
1634598741563 0.9786406053828048 184
1634598811909 0.9798700886597613 185
1634598882128 0.978894069747535 186
1634598952203 0.977895051396295 187
1634599022800 0.9776541635276846 188
1634599093166 0.9775974120785542 189
1634599163751 0.9774284576529443 190
1634599234089 0.9782641737330845 191
1634599303986 0.978869989105761 192
1634599374800 0.9795304199464452 193
1634599445225 0.9790327211114118 194
1634599515764 0.9801313253436686 195
1634599586296 0.9787596032696102 196
1634599656592 0.9798680926918338 197
1634599727663 0.980805225925961 198
1634599797819 0.9789391141322005 199
1634599870204 0.9795078643795845 200
1634599940637 0.9785127734078723 201
1634600010975 0.9793636441565936 202
1634600081826 0.9801108942784683 203
1634600152500 0.9796595148023608 204
1634600222861 0.9806772296615701 205
1634600293448 0.9799600084877347 206
1634600363847 0.9808974154505846 207
1634600434629 0.980860190670478 208
1634600504877 0.9818045145964105 209
1634600575529 0.9823863778934404 210
1634600645926 0.9817276409356354 211
1634600716418 0.9806556686987495 212
1634600787486 0.9801113838253763 213
1634600857747 0.9795672037390859 214
1634600928302 0.9794493585610687 215
1634600998692 0.9800875539987008 216
1634601069144 0.9791113092873297 217
1634601140250 0.9790516152500988 218
1634601210637 0.9778367273030828 219
1634601283447 0.9778403031322452 220
1634601353781 0.9774971819412488 221
1634601424388 0.9769497327203218 222
1634601495681 0.9770021535695261 223
1634601566471 0.9773063062815428 224
1634601637034 0.9771485196696406 225
1634601707468 0.9761174398195152 226
1634601777713 0.9758598081837817 227
1634601848854 0.9761500204717877 228
1634601919398 0.9762640408321669 229
1634601990174 0.9771409008242251 230
1634602060472 0.9769589011119872 231
1634602131292 0.9769049320027963 232
1634602202458 0.9765873366347467 233
1634602273137 0.9766596538718556 234
1634602343873 0.9786705635477769 235
1634602414198 0.9797592329510545 236
1634602484879 0.9795210179833036 237
1634602556129 0.9794532281870046 238
1634602626676 0.980351599290779 239
1634602699430 0.9799564399049467 240
1634602770145 0.9805720683124826 241
1634602840921 0.980894671800021 242
1634602912298 0.9811298258869262 243
1634602982972 0.9815510216935583 244
1634603053764 0.9812267972422088 245
1634603124444 0.9803335306145753 246
1634603195097 0.9809718103527075 247
1634603266391 0.980172733417046 248
1634603337092 0.9801438540125187 249
1634603407726 0.9793379701031135 250
1634603478677 0.9782319982336242 251
1634603549416 0.976771454359521 252
1634603620709 0.9764708811465552 253
1634603691434 0.9758160490843346 254
1634603762187 0.9756134599224294 255
1634603832847 0.9780214318433932 256
1634603903430 0.9764136856106942 257
1634603974598 0.9789414153067422 258
1634604045146 0.9782963153412227 259
1634604118292 0.9789887463467505 260
1634604189381 0.9801763726924617 261
1634604260140 0.9803562468199912 262
1634604331520 0.9812826337088678 263
1634604402387 0.9820669090505172 264
1634604473466 0.9817534645965782 265
1634604544401 0.9823726780956324 266
1634604615218 0.9824832265722871 267
1634604686432 0.9819469596559979 268
1634604757065 0.9818585526654929 269
1634604828195 0.9809089474114127 270
1634604899102 0.9797069525630927 271
1634604969826 0.9792481759076533 272
1634605041200 0.9786217307459867 273
1634605111858 0.9776211126230109 274
1634605182842 0.9773675277230884 275
1634605253432 0.9781676436949217 276
1634605324389 0.9782871918410138 277
1634605395888 0.978535250359409 278
1634605466528 0.9775246905856 279
1634605539526 0.9797788116626872 280
1634605610451 0.9804589276639665 281
1634605681327 0.9804744421370452 282
1634605752908 0.9804977073831628 283
1634605824133 0.9819024259831548 284
1634605895086 0.9818792033700618 285
1634605966217 0.9822996226187846 286
1634606037441 0.9816510255328617 287
1634606108647 0.9825476841941834 288
1634606179712 0.9817982937733388 289
1634606250742 0.982026971761193 290
1634606321616 0.978618503768629 291
1634606392524 0.9786985143579661 292
1634606463874 0.9792973239820111 293
1634606534664 0.9777709822200109 294
1634606605987 0.9770383121461038 295
1634606677022 0.9768515697741262 296
1634606748297 0.9776848902743263 297
1634606819671 0.9777654763404935 298
1634606890448 0.9790283026975055 299
1634606963428 0.9811789192431909 300
1634607034559 0.9803086820883824 301
1634607105518 0.9799188709494737 302
1634607177301 0.9798229712754828 303
1634607248092 0.9803959086578429 304
1634607319113 0.9807710830101287 305
1634607390054 0.981127121530124 306
1634607460797 0.9808711368354305 307
1634607532320 0.9803453607416897 308
1634607603104 0.979651384521323 309
1634607674080 0.9790738000721884 310
1634607745018 0.9794321486248654 311
1634607815783 0.9798970667296313 312
1634607887589 0.980538653517984 313
1634607958687 0.9803705577342122 314
1634608029704 0.980706859146212 315
1634608100990 0.9808907953494287 316
1634608172130 0.9804617585813693 317
1634608243664 0.9808730169916531 318
1634608314856 0.9808182399599161 319
1634608388185 0.9805353392920542 320
1634608459218 0.9800092496321031 321
1634608530438 0.9800012136281032 322
1634608601879 0.9797865391585716 323
1634608672957 0.9809334517587606 324
1634608744404 0.9794059520063477 325
1634608815519 0.9784763438362694 326
1634608886998 0.9781359154416056 327
1634608958747 0.9782053717364406 328
1634609030082 0.9778774395997146 329
1634609101501 0.9790382346727544 330
1634609172740 0.9772331114005977 331
1634609244142 0.9783436403361426 332
1634609315810 0.9797210324601316 333
1634609387103 0.9801954158138861 334
1634609458586 0.9802198356867631 335
1634609529698 0.9789410807337855 336
1634609600771 0.9793468572486999 337
1634609672349 0.9778770386795131 338
1634609743648 0.9777596948817777 339
1634609817338 0.9771142056150036 340
1634609888413 0.978102314399344 341
1634609959748 0.9781231528257028 342
1634610031688 0.978103896871466 343
1634610103169 0.9787976418308154 344
1634610174554 0.9782013645666683 345
1634610245832 0.9781868634120074 346
1634610317317 0.9780517889213002 347
1634610389354 0.9790944118829897 348
1634610460725 0.9789337375463338 349
1634610532280 0.9798944078296372 350
1634610603690 0.9779115858701164 351
1634610675118 0.9768677212883964 352
1634610747166 0.9782758839943535 353
1634610818550 0.9785295662127427 354
1634610889986 0.9806846827049933 355
1634610961192 0.979291044113459 356
1634611032625 0.9788415813301514 357
1634611104767 0.9784147409981576 358
1634611176406 0.9797044133733218 359
1634611250394 0.9783351046428516 360
1634611321640 0.9782539726584351 361
1634611393375 0.979698290023828 362
1634611465557 0.9776108535631781 363
1634611536787 0.979507292146871 364
1634611608285 0.9793072851935387 365
1634611679834 0.9776090768914063 366
1634611751404 0.9779014108928502 367
1634611823588 0.9783382158828814 368
1634611894812 0.9781168030143449 369
1634611966608 0.978822517889053 370
1634612038316 0.979112190409488 371
1634612109720 0.9791599401422977 372
1634612181864 0.9791164463435773 373
1634612253417 0.9781432175749215 374
1634612325001 0.9784843760676968 375
1634612396267 0.9787522291233454 376
1634612467882 0.9795189173304477 377
1634612540078 0.9798590334597228 378
1634612611534 0.9807540177905885 379
1634612685369 0.9811537896072695 380
1634612757084 0.9801098101302144 381
1634612828784 0.9800972035901517 382
1634612901085 0.9799452212261879 383
1634612972881 0.9804727298679585 384
1634613044553 0.9787184237551324 385
1634613116304 0.978835641326172 386
1634613188057 0.9781753110172983 387
1634613260164 0.9798427806385259 388
1634613331921 0.97856593427411 389
1634613403685 0.978868088988857 390
1634613475441 0.9801130797602905 391
1634613546836 0.979183254670332 392
1634613619116 0.9800921386957688 393
1634613690474 0.9788657543140128 394
1634613762325 0.980446764948447 395
1634613833966 0.9797865847009741 396
1634613906136 0.9791097256617117 397
1634613978440 0.9802306458638689 398
1634614050188 0.9810764369355649 399
1634614123863 0.9804569377561184 400
1634614195418 0.9788848615271213 401
1634614267141 0.9787892994404559 402
1634614339226 0.978324422413087 403
1634614410746 0.9786134075591331 404
1634614482566 0.9777296543260229 405
1634614553833 0.9784418211704897 406
1634614625453 0.9787287378996032 407
1634614697620 0.9787510540668085 408
1634614769318 0.9790169446059976 409
1634614841125 0.9791635696535623 410
1634614912952 0.9795934490097113 411
1634614984750 0.9792069749549087 412
1634615056701 0.9794835814425353 413
1634615128633 0.9796483185442278 414
1634615200566 0.9803761625665877 415
1634615272100 0.9798366549071472 416
1634615343526 0.9798532492896309 417
1634615415564 0.9802864630762013 418
1634615487354 0.9806216631092898 419
1634615561583 0.9801696018522241 420
1634615633420 0.9786607227472457 421
1634615705141 0.9794257120737936 422
1634615777312 0.9787746276766817 423
1634615849321 0.977971751984994 424
1634615921120 0.9763412239035331 425
1634615992874 0.9766903728185701 426
1634616064609 0.9753488731404506 427
1634616136714 0.9763438511529092 428
1634616208691 0.9763597093160944 429
1634616280599 0.9758522575444415 430
1634616351982 0.9757185805866669 431
1634616423607 0.9768283930648034 432
1634616495920 0.978545286616321 433
1634616567861 0.9789137023724976 434
1634616639445 0.9788898297000911 435
1634616711185 0.978322822825665 436
1634616782764 0.9773765514987462 437
1634616854937 0.9782704179205205 438
1634616926793 0.9775837284220144 439
1634617001194 0.9777678557610983 440
1634617072995 0.9776360552597109 441
1634617144511 0.9769816322223173 442
1634617217113 0.9779065328394266 443
1634617289005 0.9768290262263685 444
1634617361070 0.9763359516678952 445
1634617433237 0.9761554125306 446
1634617505076 0.9752641225462938 447
1634617577737 0.9747537956065034 448
1634617649322 0.9765094636434282 449
1634617721455 0.9783473757316558 450
1634617793382 0.9794216427024278 451
1634617865320 0.9820406308865486 452
1634617938090 0.9824128125011165 453
1634618010133 0.9811023077268627 454
1634618082094 0.981451250952413 455
1634618153954 0.9797817338409899 456
1634618225475 0.979951354793788 457
1634618297863 0.9759972883442126 458
1634618369441 0.9780611807981991 459
1634618443569 0.978176671341693 460
1634618515672 0.9775458769066301 461
1634618587630 0.9771180806957936 462
1634618660088 0.9771721761865618 463
1634618732158 0.9756515738108004 464
1634618804376 0.9757674414178139 465
1634618876339 0.9775843414829843 466
1634618948190 0.9766770866471628 467
1634619020846 0.9766990700175606 468
1634619092892 0.9780824473751121 469
1634619165054 0.9771062136908419 470
1634619237145 0.9781448484228078 471
1634619309150 0.9788408610246604 472
1634619381750 0.9774962552656181 473
1634619453764 0.978624799634191 474
1634619526100 0.9786343660045804 475
1634619598014 0.9771479175170564 476
1634619669940 0.9778222364124735 477
1634619742436 0.9778826945323938 478
1634619814630 0.9758582307428627 479
1634619889200 0.9771806231133887 480
1634619961498 0.9781353133428327 481
1634620033364 0.9787275370492385 482
1634620105945 0.9776737483694319 483
1634620178100 0.9780725303865513 484
1634620250698 0.9793048685631041 485
1634620323018 0.9785304490066968 486
1634620395020 0.9795715253191456 487
1634620467713 0.9789724365655564 488
1634620539858 0.9797031047495831 489
1634620612362 0.9803171966690226 490
1634620684697 0.9806403576910017 491
1634620757190 0.9789340144494542 492
1634620829964 0.9772401402274502 493
1634620902073 0.9769029349277564 494
1634620974441 0.9761486273579347 495
1634621046794 0.9775629280181721 496
1634621119209 0.9761439370666172 497
1634621191827 0.9742640097913772 498
1634621263722 0.9754489644945655 499
1634621338501 0.9752449435035326 500
1634621410514 0.9764030730272407 501
1634621483223 0.9758068331259288 502
1634621556629 0.9771413724663428 503
