1634585738194 -0.12106517770073631 0
1634585809262 -0.11991367324606164 0
1634585880290 -0.13023483753204346 0
1634585950598 -0.11226533140454974 0
1634586021254 -0.11449183001146689 0
1634586091634 -0.0976457278449814 0
1634586162019 -0.09709062204732523 0
1634586232653 -0.09194234207079008 0
1634586302674 -0.07827833565798673 0
1634586373242 -0.07903399405541359 0
1634586443525 -0.06373376815350025 0
1634586513359 -0.05345129560340534 0
1634586585633 -0.043311883489806934 0
1634586657391 -0.027704163418187724 0
1634586727773 -0.01588854125954888 0
1634586798347 -0.009321984097168043 0
1634586868390 -0.0006439661903476173 0
1634586939448 0.008484203828039107 0
1634587009855 0.007033445703035051 0
1634587080324 0.015967282768967864 0
1634587153746 0.02082186501908612 0
1634587226476 0.026140220366515123 0
1634587300513 0.037288838005685186 0
1634587371257 0.04552974310014155 0
1634587444430 0.05591654390483707 0
1634587519007 0.0560515873230897 0
1634587594596 0.059465796916515795 0
1634587670049 0.0664303225356263 0
1634587743911 0.060519252891664384 0
1634587818178 0.06227492744272405 0
1634587892355 0.06187671771297207 0
1634587966473 0.06218803586897912 0
1634588041945 0.06844690093746433 0
1634588116780 0.06337304200444903 0
1634588191031 0.06881714931556157 0
1634588267728 0.06091839810470482 0
1634588341665 0.06053250331383247 0
1634588417464 0.06097844378514723 0
1634588491750 0.049474551693185584 0
1634588566154 0.04876857725056735 0
1634588644295 0.04884630848060955 0
1634588718778 0.05080689780123822 0
1634588794035 0.05252590175572928 0
1634588868872 0.04923922520179253 0
1634588943369 0.04753199413225248 0
1634589018601 0.04297014219420297 0
1634589093295 0.04496996240182356 0
1634589168558 0.041622644314518224 0
1634589242904 0.03539460568459003 0
1634589317696 0.030958215427863135 0
1634589389941 0.02991451235947671 0
1634589462394 0.02783966741778634 0
1634589536427 0.026049634659445133 0
1634589609741 0.017447279645250988 0
1634589683460 0.01674947698975538 0
1634589753337 0.01419672616696977 0
1634589822573 0.012806348067212415 0
1634589892232 0.014115156581649533 0
1634589961885 0.0026612356909877294 0
1634590032008 -0.002436769037664711 0
1634590103666 -0.0019376630011897582 0
1634590173534 -0.0025828484832853466 0
1634590244273 -0.007313848739223821 0
1634590314458 -0.0076526678469661 0
1634590384330 0.001215664173972297 0
1634590453538 0.004553777625324664 0
1634590523081 0.004794530180440127 0
1634590593240 0.007243608051983567 0
1634590662494 0.007452123217865244 0
1634590732418 0.011804393383783179 0
1634590801882 0.005291342602244445 0
1634590871566 0.0024512248391938673 0
1634590941565 0.005233273563253415 0
1634591011652 -0.0003044403720550336 0
1634591081390 0.0029276157185048252 0
1634591150984 0.003143303942951289 0
1634591220623 0.004737782279972906 0
1634591290893 0.009330215101892298 0
1634591360168 0.013047917588771163 0
1634591429842 0.02196807220771715 0
1634591501609 0.02254878981159879 0
1634591571210 0.019753646250669058 0
1634591641440 0.01780314893498049 0
1634591710942 0.013242352028171738 0
1634591780897 0.012599714051980477 0
1634591850366 0.009518333287401632 0
1634591920049 0.009371690839141994 0
1634591990280 0.007465947540355967 0
1634592060734 0.0071403586438723975 0
1634592131469 0.012935424296112804 0
1634592201369 0.014010866450798977 0
1634592271225 0.013034413532390222 0
1634592341229 0.01070329909781357 0
1634592410712 0.011998909344146777 0
1634592480570 0.010090721625979845 0
1634592550490 0.009875733937535967 0
1634592620004 0.00835835396662935 0
1634592690313 0.009260404830822697 0
1634592759860 0.008962684831061921 0
1634592829782 0.0063738674409203715 0
1634592901292 0.004381805573674766 0
1634592971187 0.005643839149602822 0
1634593041548 0.006463076121040753 0
1634593111354 0.008286003990993872 0
1634593181171 0.012405697353087462 0
1634593251045 0.009731136310797233 0
1634593320950 0.009739157102711789 0
1634593391527 0.010168489213887747 0
1634593461513 0.00813673073788742 0
1634593531558 0.008690044138725702 0
1634593601153 0.0039702156776344625 0
1634593670952 0.0005903822375921073 0
1634593741414 -0.0014383249263000954 0
1634593812072 -0.003590280456202371 0
1634593882277 -0.002155142854415364 0
1634593951972 0.0002718314213992713 0
1634594021904 -0.00011714301737291472 0
1634594092372 -0.0004154530009133862 0
1634594162372 0.0008440668053634755 0
1634594232555 -0.00012182795696637847 0
1634594304719 -0.0008740061107877787 0
1634594374442 0.00040398554138645725 0
1634594444949 0.00034206115048040044 0
1634594514880 0.0005389311072694791 0
1634594585012 -0.0018220969125047907 0
1634594655092 -0.0007165137001059272 0
1634594725236 -0.0016130955297161233 0
1634594795780 -0.0029007037678225474 0
1634594865447 -0.004639697309535045 0
1634594935536 -0.002978364731390755 0
1634595005526 -0.0003278272667923918 0
1634595075519 7.646197646662786e-05 0
1634595146217 -8.838841473901427e-05 0
1634595216334 0.0007462117839120812 0
1634595286525 -0.0006181800121127011 0
1634595356393 -0.00019684046289169944 0
1634595426336 0.0010339058421600562 0
1634595497829 0.0037154018903126965 0
1634595567590 0.004710675906631854 0
1634595637442 0.006835618649016727 0
1634595709694 0.0047458030416497165 0
1634595780524 0.004623451717681699 0
1634595852322 0.002722169429837883 0
1634595923400 0.000908062421390182 0
1634595993793 -0.0030693325649511502 0
1634596063814 -0.004041683485175108 0
1634596133638 -0.004554168889661888 0
1634596204064 -0.0034492573513371216 0
1634596273952 -0.00725781126552588 0
1634596344386 -0.00976678179939846 0
1634596414576 -0.010757568110893298 0
1634596484624 -0.010675743077095453 0
1634596555131 -0.01221880829566485 0
1634596625330 -0.011325341443736831 0
1634596695553 -0.009782417762008581 0
1634596765477 -0.010773576263870512 0
1634596835497 -0.0064802281860891105 0
1634596906089 -0.004468037644038339 0
1634596976249 -0.003359534705130311 0
1634597046598 -0.0014826248448293704 0
1634597119048 -0.00048388212665238166 0
1634597189252 0.0012186529362791933 0
1634597260174 0.00396421750668775 0
1634597330471 0.0022050224897729887 0
1634597400726 0.005009533123826826 0
1634597470888 0.003932259771247189 0
1634597541124 0.00408913226580465 0
1634597611916 0.003918450579724528 0
1634597682126 0.005776304207355171 0
1634597752409 0.010842530589018549 0
1634597822544 0.011877948007026276 0
1634597892862 0.011980450288815931 0
1634597963438 0.013768183091631183 0
1634598033326 0.013428177345882763 0
1634598103502 0.012404333074371537 0
1634598173531 0.008971001130419893 0
1634598243618 0.00637487026971656 0
1634598314133 0.005422747851192177 0
1634598384084 0.0022403375312153783 0
1634598454170 0.0028433496156683217 0
1634598526748 0.0021655055083479586 0
1634598597139 0.002032025587176541 0
1634598668064 0.0033064820688798444 0
1634598738357 0.0011401919242865466 0
1634598808722 0.002793539502936137 0
1634598878948 0.0016635896051423503 0
1634598949016 0.003697876866858501 0
1634599019598 0.006019093834057257 0
1634599089970 0.007111253579715629 0
1634599160509 0.010671518839798964 0
1634599230890 0.011969028742282421 0
1634599300809 0.012876777921791201 0
1634599371612 0.013069472094247867 0
1634599442042 0.01153940184936895 0
1634599512580 0.013383840972726995 0
1634599583105 0.010386074614989292 0
1634599653413 0.008360901121775826 0
1634599724426 0.00529687488814453 0
1634599794636 0.0012851568247348845 0
1634599864979 0.002640658354556019 0
1634599937390 0.005076079580981236 0
1634600007747 0.004873253828422589 0
1634600078569 0.005457073292852222 0
1634600149263 0.0076059526098626 0
1634600219640 0.009815332854723002 0
1634600290206 0.008148332791669028 0
1634600360604 0.008830142824293731 0
1634600431400 0.0070402667579519285 0
1634600501639 0.0023297871305764497 0
1634600572298 -0.0007401540808911834 0
1634600642668 -0.005920875720776521 0
1634600713163 -0.007963207006067424 0
1634600784249 -0.009542739768693973 0
1634600854514 -0.011152529435885418 0
1634600925016 -0.013208453531389112 0
1634600995472 -0.014075626945727832 0
1634601065908 -0.015285207515026067 0
1634601137030 -0.015959240689680174 0
1634601207414 -0.012563531226538992 0
1634601278044 -0.01500844345851378 0
1634601350503 -0.018257921972832124 0
1634601421077 -0.01863224059343338 0
1634601492386 -0.016950115658246077 0
1634601563187 -0.014472499876827388 0
1634601633764 -0.013607359406622973 0
1634601704153 -0.013798339316597233 0
1634601774443 -0.01028141084235984 0
1634601845538 -0.00890489604759526 0
1634601916066 -0.006191599001358082 0
1634601986887 -0.004961190116289374 0
1634602057201 0.002076288174184692 0
1634602128020 0.0027018209266198145 0
1634602199176 0.0024781141478519937 0
1634602269744 0.00462078336964954 0
1634602340564 0.006086765824780836 0
1634602410920 0.008131937813255694 0
1634602481510 0.005917308670650055 0
1634602552852 0.0053790178778883695 0
1634602623393 0.004060830053111369 0
1634602693960 0.003063399042305234 0
1634602766809 0.0012730012992517902 0
1634602837617 -0.003196399976414713 0
1634602908988 -0.00569651492375445 0
1634602979657 -0.007122656693319221 0
1634603050436 -0.008502565275926095 0
1634603121122 -0.011191333656187182 0
1634603191773 -0.013217008539608546 0
1634603263091 -0.012947586691611774 0
1634603333792 -0.012776316276618413 0
1634603404385 -0.013799435084129308 0
1634603475263 -0.009919395283251614 0
1634603546112 -0.009975225265536989 0
1634603617337 -0.009415766127504312 0
1634603688120 -0.005573114839854178 0
1634603758876 0.003765616807844732 0
1634603829539 0.005055843017898597 0
1634603900124 0.007148493202282237 0
1634603971295 0.008012226093318555 0
1634604041819 0.009473736748679892 0
1634604112806 0.011701729487289082 0
1634604186026 0.0091666772284291 0
1634604256782 0.011200315814900708 0
1634604328193 0.012185444498991038 0
1634604399046 0.0084403000481717 0
1634604470124 0.005664124062841201 0
1634604541071 0.0029876902215666586 0
1634604611829 8.619740278786652e-05 0
1634604683080 -0.003337035315449942 0
1634604753733 -0.00663855548512626 0
1634604824766 -0.008854508883767313 0
1634604895757 -0.01256163732765557 0
1634604966469 -0.012168535503087106 0
1634605037865 -0.01053228582461159 0
1634605108516 -0.007281999502863202 0
1634605179508 -0.0041411591076908946 0
1634605250079 0.000476410932984058 0
1634605321009 0.002455670746381987 0
1634605392523 0.0002538862686555881 0
1634605463187 0.0006059251616817791 0
1634605534093 0.002558528389721238 0
1634605607074 0.0023271212076115145 0
1634605677941 0.0019921695650252816 0
1634605749513 0.006359309160646486 0
1634605820723 0.005195090740725591 0
1634605891702 0.002225741075787258 0
1634605962846 -0.0010447832332416015 0
1634606034019 -0.003187268917968908 0
1634606105240 -0.0031817189248448067 0
1634606176228 -0.005841998891396956 0
1634606247365 -0.008712639330656498 0
1634606318231 -0.005490127515483213 0
1634606389136 -0.006033304183707609 0
1634606460486 -0.006016259710606817 0
1634606531274 -0.003509065862019341 0
1634606602609 -0.0013330534687144803 0
1634606673641 0.0032036659585965143 0
1634606744829 0.004885747859423811 0
1634606816252 0.008084937784965936 0
1634606887050 0.01000482685767211 0
1634606957920 0.010564942880497351 0
1634607031089 0.010480452280539971 0
1634607102100 0.009476480545935693 0
1634607173878 0.00866783531261729 0
1634607244650 0.007137358817574266 0
1634607315625 0.002816019020369881 0
1634607386622 -0.0006925450613746396 0
1634607457376 -0.003910763376670612 0
1634607528873 -0.00844965038167966 0
1634607599668 -0.009455371357790836 0
1634607670651 -0.005272507265379483 0
1634607741590 -0.001822182923773086 0
1634607812315 0.0018069278206918147 0
1634607884107 0.0019024651854407865 0
1634607955258 0.002550711135633967 0
1634608026246 0.0020048320384139754 0
1634608097358 0.0018041112956095051 0
1634608168708 0.0027435177380775474 0
1634608240240 0.0009676280866872955 0
1634608311436 0.0005237259660158065 0
1634608382591 0.0038368486430399216 0
1634608455641 0.002464702618973596 0
1634608526939 0.00046459342316760644 0
1634608598404 -0.00042767631942285345 0
1634608669475 0.005086443157165082 0
1634608740945 0.008426734814783196 0
1634608812064 0.004787919915873896 0
1634608883496 0.004689214980931251 0
1634608955264 0.00759645573214277 0
1634609026511 0.006403773902105047 0
1634609098042 0.009907534612076623 0
1634609169256 0.010910832698081996 0
1634609240669 0.010946309169778576 0
1634609312313 0.015490117736838081 0
1634609383562 0.013785755189208241 0
1634609455070 0.012492000621247602 0
1634609526231 0.012952199616989532 0
1634609597283 0.009461115537719294 0
1634609668876 0.010294000243211721 0
1634609740205 0.01042809361567745 0
1634609811716 0.01465106736142914 0
1634609884891 0.011972768353177355 0
1634609956148 0.011945132456429593 0
1634610028201 0.016686761292157234 0
1634610099666 0.014458362206623152 0
1634610171060 0.012550840420382363 0
1634610242314 0.009802922437136824 0
1634610313774 0.010247086162690992 0
1634610385845 0.00940756465901028 0
1634610457213 0.005980044603347778 0
1634610528812 0.00841166562848277 0
1634610600174 0.005994390865618532 0
1634610671586 0.011450366879051382 0
1634610743694 0.010513930883887527 0
1634610814865 0.010484461563748198 0
1634610886388 0.0084539239911677 0
1634610957644 0.007643840916745075 0
1634611029130 0.006177810649689916 0
1634611101253 0.0058466531336307526 0
1634611172894 0.0072305568239905615 0
1634611244557 0.004400372964801726 0
1634611318094 0.003359537257196067 0
1634611389825 0.0007633513910091156 0
1634611462023 -0.0002940167043987033 0
1634611533238 -0.0001800537786700509 0
1634611604690 5.2606819995812005e-05 0
1634611676272 -0.0018767059732276898 0
1634611747881 -0.0015590984053764638 0
1634611820021 -0.0016566488873697334 0
1634611891217 -0.0026325565133872744 0
1634611963068 0.0017757854400226821 0
1634612034771 0.004267521517036797 0
1634612106163 0.003996415583828053 0
1634612178308 0.004263165243598935 0
1634612249844 0.0023682646259859013 0
1634612321454 0.0020819031875338647 0
1634612392730 0.0038231199413731503 0
1634612464293 0.007521139772294403 0
1634612536444 0.006755349419817522 0
1634612608001 0.009307206378548176 0
1634612679742 0.012259505737524528 0
1634612753480 0.006874005564234473 0
1634612825159 0.006729046148913247 0
1634612897511 0.005110718146595475 0
1634612969285 0.004837289089699845 0
1634613040966 0.0070446598307265865 0
1634613112738 0.008154344636124449 0
1634613184493 0.006863273027074801 0
1634613256492 0.00373764799351429 0
1634613328375 0.0033903022949862017 0
1634613400120 0.005265518781039622 0
1634613471849 0.0037797763459868246 0
1634613543275 0.004966382783922282 0
1634613615475 0.0028021215678906285 0
1634613686851 4.9910689522693684e-05 0
1634613758725 -0.0010321140500970862 0
1634613830380 -0.0029766232307468143 0
1634613902536 -0.0013569674194584807 0
1634613974790 0.0013012013839581956 0
1634614046596 -0.0006449404293550299 0
1634614118232 -0.002550451671583699 0
1634614191824 -0.005454181076644303 0
1634614263536 -0.004883629185232249 0
1634614335520 -0.006033067047208934 0
1634614407144 -0.0029628459158559124 0
1634614478939 0.003450367001018354 0
1634614550226 0.003771565615671215 0
1634614621848 0.0018934810401073524 0
1634614693947 0.0044544888176507764 0
1634614765716 0.00539502189434194 0
1634614837526 0.0036063963462683287 0
1634614909282 0.004360066884040058 0
1634614981148 0.004792345412583513 0
1634615053078 0.007739405232396993 0
1634615125023 0.007369481849593002 0
1634615196935 0.00573953947463593 0
1634615268501 0.004533932120962577 0
1634615339907 0.0030257574875246396 0
1634615411912 0.0028134986830802705 0
1634615483770 0.0016888788985935125 0
1634615555844 0.004939167592493067 0
1634615629770 0.0035802901468493724 0
1634615701501 0.0037352367691308648 0
1634615773616 0.0022200761792286264 0
1634615845666 0.003907233446401048 0
1634615917332 0.0011374891898897174 0
1634615989198 -0.0018728244868288567 0
1634616060967 -0.0001610868259683832 0
1634616133066 0.005474714657545767 0
1634616205058 0.006781189684308581 0
1634616276789 0.005704047382119801 0
1634616348364 0.007451156468747498 0
1634616419972 0.005747987828277922 0
1634616492265 0.007688766732424884 0
1634616564216 0.004499596573847842 0
1634616635822 -0.0023082577466190636 0
1634616707490 -1.525370307363473e-05 0
1634616779133 -0.0007750086589147906 0
1634616851253 -0.0018469455149992334 0
1634616923118 -0.0010609536631298916 0
1634616995277 -0.0002650698017957923 0
1634617069319 -0.0016166995666534096 0
1634617140822 0.0001767207384593301 0
1634617213362 -0.0015744706766994355 0
1634617285303 -0.002563928477708008 0
1634617357281 -0.0002185690894045613 0
1634617429554 -0.0006873750236707848 0
1634617501391 0.0029022226944662535 0
1634617573945 0.004176042843972902 0
1634617645636 0.009033214954006207 0
1634617717772 0.016341376517500197 0
1634617789682 0.015156424181027845 0
1634617861625 0.008706116208250259 0
1634617934331 0.005892067675950465 0
1634618006401 0.0023701942870514347 0
1634618078280 -4.881262089815233e-05 0
1634618150208 -0.0013936935809090152 0
1634618221781 -0.007167683829638091 0
1634618294130 -0.008244359817404252 0
1634618365778 -0.002121954203837297 0
1634618437600 -0.00015428904806832214 0
1634618511952 0.0023284379888761355 0
1634618583860 0.0005563617118501238 0
1634618656301 6.92067558986026e-05 0
1634618728446 4.021317831107548e-07 0
1634618800587 0.00022133789630002015 0
1634618872637 -0.0006703281164314453 0
1634618944445 -0.0016500288681066655 0
1634619017044 -0.001163152481925178 0
1634619089166 -0.0022349285820571635 0
1634619161332 0.0020411615683273835 0
1634619233401 0.0021690875019684626 0
1634619305398 -0.0005589409719233389 0
1634619378016 0.0003307748362180087 0
1634619450045 -0.0019659272262028287 0
1634619522294 -0.002662119966653454 0
1634619594303 -0.005530914001457103 0
1634619666202 -0.002788277869052314 0
1634619738662 -0.011749057437885891 0
1634619810867 -0.008041896627514393 0
1634619883093 -0.003980348660767853 0
1634619957698 0.001310731302463002 0
1634620029554 0.0023160038739684728 0
1634620102180 -0.0007408073522731082 0
1634620174337 -0.0026870972730896688 0
1634620246832 -0.001591189301802547 0
1634620319239 -0.0005695039085898693 0
1634620391242 -0.0002859626449160762 0
1634620463928 0.001187814955974554 0
1634620536085 0.0013654038019768604 0
1634620608564 0.0013735486140063443 0
1634620680934 -0.00012239945641198715 0
1634620753313 -0.00108381729216206 0
1634620826183 -0.007176931173383415 0
1634620898318 -0.006163184367749211 0
1634620970680 -0.003429169745438478 0
1634621043021 -0.004719704728234898 0
1634621115362 -0.0022381132214584136 0
1634621188032 -0.0012637464323552786 0
1634621259892 0.0008359253678664371 0
1634621332481 0.003811451437121088 0
1634621406682 0.001292029900669858 0
1634621479436 0.002849069163928945 0
1634621552693 0.005721666100253532 0
