1634585738195 2.7811851509205705 0
1634585809263 1.3358333010178107 0
1634585880291 1.3675349168963247 0
1634585950599 1.196467237426089 0
1634586021255 1.230844110637516 0
1634586091635 1.1760049446836693 0
1634586162021 1.138005764066399 0
1634586232654 1.2010786258555077 0
1634586302675 1.3931343172277724 0
1634586373243 1.158048414564752 0
1634586443526 1.0481538579061433 0
1634586513360 1.133680747700976 0
1634586585634 1.07119008279466 0
1634586657392 1.0564396938720306 0
1634586727774 1.0286194091880476 0
1634586798348 1.0337697526851257 0
1634586868391 1.1562544544795892 0
1634586939449 1.0619491644493946 0
1634587009856 1.092709596667971 0
1634587080325 1.1819806778198714 0
1634587153748 1.0740430699540424 0
1634587226477 1.1777368543984055 0
1634587300514 0.9523910059557332 0
1634587371257 1.1563681453079373 0
1634587444431 1.0907883771828242 0
1634587519009 1.2126897825049114 0
1634587594597 1.2988629852022444 0
1634587670050 1.2853332517983078 0
1634587743913 1.584356811913577 0
1634587818179 1.3322431650254634 0
1634587892356 1.079435802318833 0
1634587966474 1.2002816643420753 0
1634588041946 1.1167084551476814 0
1634588116781 1.0243174077628494 0
1634588191032 1.0388528565307715 0
1634588267729 1.0325399025694115 0
1634588341666 1.1630807677646735 0
1634588417465 1.2121009967930905 0
1634588491751 1.2934213512903685 0
1634588566155 1.2765725812354645 0
1634588644296 1.4287474004479197 0
1634588718779 1.3536582612372063 0
1634588794036 1.4276259901461663 0
1634588868873 1.2690457922297638 0
1634588943370 1.4574843873451282 0
1634589018602 1.5066218213601545 0
1634589093296 1.5431306733713521 0
1634589168560 1.8486810953586132 0
1634589242905 1.881294024842126 0
1634589317697 1.8642999882047826 0
1634589389942 1.591729990847699 0
1634589462395 1.7422444541732987 0
1634589536428 1.8836755295852563 0
1634589609742 2.190600984282308 0
1634589683461 1.5501002708038727 0
1634589753338 1.29042556069114 0
1634589822574 1.4704831219338752 0
1634589892233 1.2502469625565913 0
1634589961886 1.0737458629074035 0
1634590032009 1.5694494390642488 0
1634590103667 1.3913201480716855 0
1634590173535 1.4688641297352778 0
1634590244274 1.502001537324546 0
1634590314459 1.7093553767575846 0
1634590384331 1.6147796484557064 0
1634590453539 1.7016844095347763 0
1634590523082 1.5006990049566542 0
1634590593241 1.282210308235961 0
1634590662495 1.2448840481894357 0
1634590732418 1.1203508400297784 0
1634590801883 1.1254456952794807 0
1634590871567 0.9067002312316523 0
1634590941566 1.082044042163081 0
1634591011653 0.9905402691333325 0
1634591081391 0.9453860498093939 0
1634591150985 1.0357625755396755 0
1634591220624 0.8545137876039975 0
1634591290894 1.010964542433813 0
1634591360169 0.9409642192450437 0
1634591429843 0.8017503638546188 0
1634591501610 0.8559125710230369 0
1634591571210 0.873583957939953 0
1634591641441 0.847209309409191 0
1634591710943 0.8526250896128741 0
1634591780898 0.8660358370511563 0
1634591850367 0.7566484975350367 0
1634591920050 0.7772139486941424 0
1634591990281 0.8112351598290654 0
1634592060735 0.6093089195427956 0
1634592131470 0.5953524654561823 0
1634592201370 0.5923309751919338 0
1634592271226 0.6483034152876247 0
1634592341230 0.5912712740820724 0
1634592410713 0.5519088647969357 0
1634592480571 0.6718110269927359 0
1634592550491 0.5832198443157333 0
1634592620005 0.4758110520514575 0
1634592690314 0.5337905754129608 0
1634592759861 0.6677349250424992 0
1634592829783 0.568089402050941 0
1634592901293 0.48302007118215806 0
1634592971187 0.4404413978774826 0
1634593041549 0.48178030802057936 0
1634593111355 0.4278806720848207 0
1634593181172 0.39691140454310875 0
1634593251046 0.44937030680767903 0
1634593320951 0.41060124289292793 0
1634593391528 0.42782048194052336 0
1634593461514 0.4022960469320223 0
1634593531559 0.46540822146774885 0
1634593601154 0.47362714851057375 0
1634593670953 0.41585931985022184 0
1634593741415 0.4326985688372092 0
1634593812073 0.4601182964715091 0
1634593882278 0.34172979461682307 0
1634593951973 0.3851099201998153 0
1634594021905 0.3674561313607476 0
1634594092373 0.3557787292769977 0
1634594162373 0.282210222892947 0
1634594232557 0.3898064865694418 0
1634594304719 0.32220744777035404 0
1634594374443 0.32918169184938656 0
1634594444950 0.455685333385096 0
1634594514881 0.4329354925589128 0
1634594585013 0.41731014838079356 0
1634594655093 0.30281896744068565 0
1634594725236 0.2640261799097061 0
1634594795781 0.31735117438358146 0
1634594865448 0.38101122209003996 0
1634594935537 0.34056726639921014 0
1634595005527 0.3172565357058079 0
1634595075520 0.29423455613387095 0
1634595146218 0.29803932022738766 0
1634595216335 0.27704762377135167 0
1634595286526 0.2319801285282358 0
1634595356394 0.2534019828036234 0
1634595426337 0.24901879017616246 0
1634595497830 0.2987717910633459 0
1634595567591 0.27694324336268683 0
1634595637443 0.2529558433921306 0
1634595709695 0.2680441802004715 0
1634595780525 0.2765695323998278 0
1634595852323 0.26782000345456136 0
1634595923401 0.23145094978344904 0
1634595993794 0.25948345845008824 0
1634596063815 0.293783555750723 0
1634596133639 0.22613188198634557 0
1634596204065 0.20770671421831305 0
1634596273952 0.25452237489161555 0
1634596344387 0.2169351883522876 0
1634596414577 0.22563127012221845 0
1634596484625 0.19295007043651172 0
1634596555132 0.23979730163882304 0
1634596625331 0.1988653176790708 0
1634596695554 0.25170532725267597 0
1634596765478 0.22134420846576813 0
1634596835498 0.20088507152803534 0
1634596906090 0.20427954230796208 0
1634596976250 0.20329680951771797 0
1634597046598 0.2461174785510286 0
1634597119049 0.20546550521409357 0
1634597189253 0.20905986495993353 0
1634597260175 0.21951017436849607 0
1634597330472 0.19938375675058984 0
1634597400727 0.2023603805377112 0
1634597470889 0.2351039047171543 0
1634597541126 0.202456177345344 0
1634597611917 0.23649095855169483 0
1634597682127 0.17508656812178625 0
1634597752410 0.1839290614929292 0
1634597822545 0.2033692067126175 0
1634597892862 0.1872097161392887 0
1634597963439 0.18668141235391816 0
1634598033327 0.15583855441057837 0
1634598103503 0.1716325186773554 0
1634598173532 0.22030112902065377 0
1634598243619 0.21760030540746528 0
1634598314134 0.19212361192935473 0
1634598384085 0.21072003424361155 0
1634598454171 0.23729858436174206 0
1634598526749 0.13757299143192056 0
1634598597140 0.16025108892422218 0
1634598668065 0.1816042736172676 0
1634598738358 0.2343272404237227 0
1634598808722 0.20303130353038962 0
1634598878949 0.13968309194043085 0
1634598949017 0.16611947854617973 0
1634599019599 0.22998040725851987 0
1634599089971 0.18244799318445193 0
1634599160510 0.12972029932327084 0
1634599230891 0.18365442467393814 0
1634599300810 0.232061766716954 0
1634599371613 0.1938238100862348 0
1634599442042 0.1356709162378079 0
1634599512581 0.21019404816937137 0
1634599583106 0.1775684478124241 0
1634599653414 0.1728952540592714 0
1634599724427 0.18678552367083437 0
1634599794637 0.23657205517028834 0
1634599864980 0.20105610376635155 0
1634599937391 0.17572106474212237 0
1634600007748 0.20777612087595 0
1634600078570 0.15348521083012803 0
1634600149263 0.16180247034538875 0
1634600219641 0.17143108361920753 0
1634600290207 0.21092529212693115 0
1634600360605 0.2136469411288763 0
1634600431401 0.20048759200356223 0
1634600501640 0.19042142761218084 0
1634600572299 0.19162466377019882 0
1634600642669 0.1586706161305502 0
1634600713164 0.2555778299930034 0
1634600784250 0.17711509164277608 0
1634600854515 0.1601369756382781 0
1634600925016 0.20569139510973708 0
1634600995473 0.18282389664998303 0
1634601065909 0.14023103860098046 0
1634601137031 0.1363882805136117 0
1634601207414 0.16875569319183176 0
1634601278045 0.2302537789786017 0
1634601350504 0.18915327677091995 0
1634601421078 0.16252325910639454 0
1634601492387 0.20766822751853373 0
1634601563188 0.1999436830738922 0
1634601633766 0.16234265969364675 0
1634601704154 0.1494978272005335 0
1634601774444 0.18041649741398824 0
1634601845539 0.14725247494779625 0
1634601916067 0.15584604611450975 0
1634601986888 0.16203182122924112 0
1634602057202 0.17096188233850837 0
1634602128021 0.1702395261978948 0
1634602199177 0.12730988090882053 0
1634602269745 0.13456116510289057 0
1634602340565 0.15616151385686614 0
1634602410921 0.1279923202252233 0
1634602481511 0.17590784508880083 0
1634602552852 0.16419731085370112 0
1634602623394 0.11957036650606565 0
1634602693961 0.1449978185648268 0
1634602766810 0.129334344347189 0
1634602837618 0.14306564822599485 0
1634602908990 0.14513885815228736 0
1634602979658 0.11513714642300234 0
1634603050437 0.11949774318120697 0
1634603121123 0.1296313487767399 0
1634603191774 0.19510967744054733 0
1634603263092 0.11487623913721605 0
1634603333792 0.12742882028415606 0
1634603404386 0.1321766387622852 0
1634603475264 0.12257020910838981 0
1634603546113 0.10919615621497104 0
1634603617338 0.122479063495026 0
1634603688121 0.15398842023758144 0
1634603758877 0.12301286716352809 0
1634603829540 0.11792036095126109 0
1634603900125 0.13267736896485477 0
1634603971296 0.17277040492211068 0
1634604041820 0.14360257688087302 0
1634604112806 0.1877397382510947 0
1634604186027 0.13354509972132644 0
1634604256783 0.12446541842315104 0
1634604328194 0.13557374249998624 0
1634604399047 0.10648032101234059 0
1634604470125 0.21278885485870497 0
1634604541072 0.08888920839246992 0
1634604611830 0.11698971606500737 0
1634604683081 0.10910223095447986 0
1634604753734 0.11095555116990943 0
1634604824767 0.09791623343798248 0
1634604895758 0.14521629220576254 0
1634604966470 0.09930672075647812 0
1634605037866 0.12400674546597065 0
1634605108517 0.10800610659281154 0
1634605179510 0.11057342608253677 0
1634605250080 0.08243860945395835 0
1634605321010 0.11705351291925876 0
1634605392523 0.09393476617413682 0
1634605463188 0.10385874823316352 0
1634605534094 0.09809155788804803 0
1634605607075 0.12531129488503778 0
1634605677942 0.11169058077230856 0
1634605749514 0.1069551779126579 0
1634605820724 0.08213254144149167 0
1634605891703 0.10719056611324286 0
1634605962847 0.0997292296356195 0
1634606034020 0.09962677527460959 0
1634606105242 0.08459974358511435 0
1634606176229 0.11313289909490518 0
1634606247366 0.13759607538677654 0
1634606318232 0.12132284593127378 0
1634606389137 0.1280058879502021 0
1634606460487 0.10080591848047522 0
1634606531275 0.10283134633360745 0
1634606602609 0.09611214218395096 0
1634606673642 0.0876112241394721 0
1634606744830 0.11820503972567521 0
1634606816253 0.07953953692181544 0
1634606887051 0.0859060035413736 0
1634606957921 0.07224671803898626 0
1634607031090 0.10254077862512756 0
1634607102101 0.0984520200978626 0
1634607173879 0.08433369930543295 0
1634607244651 0.07116429455723468 0
1634607315626 0.08063500464059316 0
1634607386623 0.10537911075856779 0
1634607457377 0.09175163825562635 0
1634607528874 0.07398262813493803 0
1634607599668 0.09411954323386217 0
1634607670652 0.14296373328218212 0
1634607741591 0.07485189373520287 0
1634607812316 0.07939779511713363 0
1634607884108 0.08742460250467449 0
1634607955258 0.08021837336241038 0
1634608026247 0.07356462948169414 0
1634608097359 0.09216133444630481 0
1634608168709 0.0662516313423584 0
1634608240241 0.09238700552952367 0
1634608311437 0.058450190568125095 0
1634608382592 0.10940678340274018 0
1634608455642 0.07097829531200907 0
1634608526940 0.07410008261923666 0
1634608598405 0.07180969654159113 0
1634608669476 0.11769775814050204 0
1634608740946 0.07836725710371098 0
1634608812065 0.08735055183725697 0
1634608883497 0.06746168095957149 0
1634608955265 0.07493424294637395 0
1634609026512 0.09746115878466274 0
1634609098043 0.07769494133626485 0
1634609169257 0.09104302368284047 0
1634609240670 0.08919403279901712 0
1634609312314 0.06527357998412925 0
1634609383563 0.08734220522758249 0
1634609455071 0.10113845638592135 0
1634609526232 0.08140263089595677 0
1634609597283 0.07012516440364061 0
1634609668877 0.07501647268216331 0
1634609740206 0.09464601163038766 0
1634609811717 0.08045604377501196 0
1634609884892 0.08180315869969207 0
1634609956149 0.0737307427886438 0
1634610028202 0.15809634935062428 0
1634610099667 0.06098160941105384 0
1634610171061 0.07488529800207584 0
1634610242315 0.07477611530717317 0
1634610313775 0.08055583970597038 0
1634610385846 0.09838723102221628 0
1634610457214 0.07877475898954775 0
1634610528813 0.05981012849838703 0
1634610600175 0.0616526339662733 0
1634610671587 0.07191965733836224 0
1634610743695 0.05329735511792945 0
1634610814866 0.06482429497621277 0
1634610886389 0.07750840903586381 0
1634610957645 0.08132512035307946 0
1634611029131 0.07214712692037611 0
1634611101254 0.08014044114811854 0
1634611172895 0.0650527947400878 0
1634611244558 0.06795427385814391 0
1634611318095 0.06875649174409253 0
1634611389826 0.07390799507643882 0
1634611462024 0.08065314831623396 0
1634611533238 0.06785018010331052 0
1634611604691 0.06440629948583709 0
1634611676273 0.057306459282416025 0
1634611747882 0.07657847956258368 0
1634611820022 0.06936847370166283 0
1634611891218 0.07565371958272797 0
1634611963069 0.06179014224462308 0
1634612034772 0.08224157975720507 0
1634612106164 0.07451891554398583 0
1634612178309 0.05799378603454921 0
1634612249845 0.06976979229502477 0
1634612321454 0.07913831155747175 0
1634612392731 0.08345650046967067 0
1634612464294 0.06555807569922951 0
1634612536445 0.11007312365940639 0
1634612608002 0.07103264320932039 0
1634612679743 0.08039981706140491 0
1634612753481 0.06053307985088655 0
1634612825160 0.09923601510946627 0
1634612897512 0.06116991652199974 0
1634612969286 0.08647245393654743 0
1634613040967 0.11997560779382656 0
1634613112739 0.07290637040776866 0
1634613184494 0.08683767548290552 0
1634613256493 0.09356017662333203 0
1634613328376 0.0792591103062324 0
1634613400121 0.06674899253994226 0
1634613471850 0.08689191809238551 0
1634613543276 0.08310958897912657 0
1634613615476 0.07441621750907658 0
1634613686852 0.0751260199233309 0
1634613758726 0.05805993980014479 0
1634613830381 0.07153544887029506 0
1634613902537 0.10515609719826803 0
1634613974791 0.05319984133851219 0
1634614046597 0.05625906047205646 0
1634614118233 0.06494218063867324 0
1634614191825 0.0710672154635578 0
1634614263537 0.06715892722177041 0
1634614335521 0.054851755028130944 0
1634614407145 0.08665470130644835 0
1634614478940 0.0635215333517786 0
1634614550227 0.09396214773515602 0
1634614621848 0.07285749399429792 0
1634614693948 0.05577168761837212 0
1634614765717 0.07137317951865398 0
1634614837527 0.05943103205993191 0
1634614909283 0.05493338536713031 0
1634614981149 0.057528833102725156 0
1634615053079 0.06709567018990199 0
1634615125024 0.07644286953735274 0
1634615196936 0.06910145518599779 0
1634615268502 0.04936814796808478 0
1634615339908 0.053606823104881234 0
1634615411913 0.06986839388339937 0
1634615483770 0.056462220726655674 0
1634615555845 0.07300666884168402 0
1634615629771 0.06585848037540526 0
1634615701502 0.061295805081676744 0
1634615773616 0.08076544690199873 0
1634615845667 0.0738758011539648 0
1634615917333 0.060325291080327775 0
1634615989199 0.06285134961756018 0
1634616060968 0.05201279328434498 0
1634616133067 0.08091235693011965 0
1634616205059 0.057448374542903594 0
1634616276790 0.05814194112604895 0
1634616348365 0.06032805685437732 0
1634616419973 0.05384205064022696 0
1634616492266 0.07761647179722786 0
1634616564216 0.05600390860254501 0
1634616635823 0.05662786063750262 0
1634616707491 0.07017697599510868 0
1634616779134 0.07867231900960982 0
1634616851254 0.052047634775472154 0
1634616923119 0.0751454538435905 0
1634616995278 0.05022818844934756 0
1634617069320 0.05518773483572068 0
1634617140823 0.05922510210037619 0
1634617213363 0.04121428440845051 0
1634617285304 0.07234843215578562 0
1634617357282 0.0559142834760926 0
1634617429555 0.04766230100112689 0
1634617501391 0.055120234208350834 0
1634617573946 0.05235245598891339 0
1634617645637 0.0874694421548735 0
1634617717773 0.05783054080199112 0
1634617789683 0.050836782146535524 0
1634617861626 0.0534973096211332 0
1634617934331 0.03933228133851058 0
1634618006402 0.06932549511215516 0
1634618078281 0.06496853544679168 0
1634618150209 0.06892018895838167 0
1634618221782 0.05211201935474362 0
1634618294131 0.04588882917804377 0
1634618365779 0.04147263904791567 0
1634618437601 0.06340528089649879 0
1634618511954 0.08504132921626041 0
1634618583861 0.05418865780600093 0
1634618656302 0.054184465378813156 0
1634618728447 0.08008927649927217 0
1634618800587 0.04757190294950813 0
1634618872638 0.04875333405208665 0
1634618944446 0.04306261924809063 0
1634619017045 0.06125945045141044 0
1634619089166 0.04464280131188306 0
1634619161333 0.0586163020729051 0
1634619233402 0.05065699235548253 0
1634619305399 0.0704384148725635 0
1634619378017 0.06136183516279637 0
1634619450046 0.03916655764491721 0
1634619522295 0.04472306859981898 0
1634619594304 0.05679204048250209 0
1634619666203 0.05884315984855805 0
1634619738663 0.07811485729240752 0
1634619810868 0.0426817810912798 0
1634619883094 0.05012020004260075 0
1634619957699 0.07174180450474286 0
1634620029554 0.05784356316503186 0
1634620102181 0.12491219331111227 0
1634620174338 0.054340578821282105 0
1634620246832 0.06291596252205116 0
1634620319240 0.06157972373358615 0
1634620391243 0.04605392255372815 0
1634620463929 0.04421624035707542 0
1634620536086 0.03911087408589272 0
1634620608565 0.08585172777922896 0
1634620680935 0.07315925058799905 0
1634620753314 0.054388166465736056 0
1634620826184 0.04823631723109004 0
1634620898319 0.04719922124928275 0
1634620970680 0.07005643077775256 0
1634621043022 0.035023764174963744 0
1634621115363 0.04398366210183927 0
1634621188032 0.06152866751729668 0
1634621259893 0.038823170877702824 0
1634621332482 0.05904607155493328 0
1634621406682 0.06380040483404097 0
1634621479437 0.04366673386425941 0
1634621552694 0.03908705611580184 0
