1633517988399 0.9202256636186079 1
1633518014452 0.9296246152935606 2
1633518040034 0.9298999670780066 3
1633518065810 0.9343113754734849 4
1633518091625 0.9387311068448153 5
1633518117529 0.9528477986653646 6
1633518143193 0.9530676639441288 7
1633518168757 0.9547299471768466 8
1633518194449 0.9553400675455729 9
1633518220069 0.9538837779651989 10
1633518246246 0.9571001457445549 11
1633518272343 0.960335702607126 12
1633518298464 0.9571283513849432 13
1633518323621 0.9573646314216383 14
1633518349073 0.9574159564393939 15
1633518374733 0.9572162050189394 16
1633518400131 0.9506144668116714 17
1633518425801 0.9622751871744791 18
1633518451622 0.962147568211411 19
1633518480491 0.9591776529947916 20
1633518505343 0.9592134880297112 21
1633518530426 0.962075204560251 22
1633518555864 0.9591864383581913 23
1633518580904 0.9624238447709517 24
1633518606251 0.9600395433830492 25
1633518631210 0.9650238499496923 26
1633518656970 0.9654624245383523 27
1633518682622 0.9595780806107954 28
1633518707730 0.9604795051343513 29
1633518732922 0.9550906094637784 30
1633518757810 0.9634323120117188 31
1633518782862 0.9624585238370028 32
1633518807960 0.961039687647964 33
1633518832841 0.9594199440696023 34
1633518857919 0.9629308527166193 35
1633518882969 0.9605990323153409 36
1633518908217 0.9647639881480824 37
1633518933098 0.9636172670306582 38
1633518958274 0.9651080044833097 39
1633518985972 0.95819091796875 40
1633519011268 0.9642791748046875 41
1633519037034 0.9586165457060842 42
1633519061922 0.9632281679095644 43
1633519087170 0.9644516453598485 44
1633519112518 0.964792656176018 45
1633519137737 0.9655414928089489 46
1633519162759 0.9622240933504972 47
1633519188245 0.9635560006806345 48
1633519213161 0.9621112707889441 49
1633519238470 0.9651861479788115 50
1633519264307 0.9650363344134707 51
1633519290502 0.9650303233753551 52
1633519315799 0.9656432180693655 53
1633519341814 0.9660713889382102 54
1633519367132 0.9644759207060842 55
1633519392992 0.9636785333806818 56
1633519418703 0.9639649824662642 57
1633519444144 0.9634914976177793 58
1633519469449 0.960571982643821 59
1633519497362 0.965882041237571 60
1633519522439 0.9637867320667614 61
1633519547766 0.963875741669626 62
1633519573224 0.9646724354137074 63
1633519598842 0.9621135827266809 64
1633519624020 0.962259003610322 65
1633519649313 0.9633844549005682 66
1633519675058 0.9630300348455255 67
1633519700454 0.96479404333866 68
1633519726109 0.9643596302379261 69
1633519752434 0.9639365456321023 70
1633519777911 0.9617665608723959 71
1633519803332 0.9641473943536932 72
1633519828481 0.9611002604166666 73
1633519854018 0.9649505615234375 74
1633519879171 0.9625792069868608 75
1633519904536 0.9650298609878077 76
1633519929750 0.9666417439778646 77
1633519955854 0.9659620342832623 78
1633519981271 0.9635601621685606 79
1633520009420 0.9643628669507576 80
1633520034906 0.9662105675899622 81
1633520060581 0.9648284912109375 82
1633520086069 0.9664977102568655 83
1633520111702 0.9651889223040957 84
1633520137147 0.9644181222626658 85
1633520162708 0.9649944883404356 86
1633520188219 0.9633916219075521 87
1633520213504 0.9623202699603457 88
1633520238806 0.9657544222745028 89
1633520264451 0.9642431085759943 90
1633520290456 0.9671727960759943 91
1633520316518 0.9651796745531487 92
1633520342002 0.9655149055249763 93
1633520367318 0.9646659619880446 94
1633520392932 0.9640255552349668 95
1633520418193 0.9654961788293087 96
1633520444643 0.964273857347893 97
1633520470346 0.965708877101089 98
1633520495934 0.9653371175130209 99
1633520524594 0.9664137869170217 100
1633520550449 0.9631902521306818 101
1633520576260 0.9640158450964725 102
1633520601804 0.9607111612955729 103
1633520627385 0.9668024236505682 104
1633520653826 0.9633365977894176 105
1633520679366 0.9646567142370975 106
1633520704989 0.965759970925071 107
1633520730637 0.963187246611624 108
1633520756192 0.9653879801432291 109
1633520781869 0.9655493533972538 110
1633520807573 0.9664577137340199 111
1633520833084 0.9662616614139441 112
1633520858773 0.967115460020123 113
1633520884220 0.9664133245294745 114
1633520910217 0.9635594685872396 115
1633520936026 0.9667161883729877 116
1633520961388 0.9663379553592566 117
1633520986998 0.964885596073035 118
1633521012644 0.9650881218187737 119
1633521040963 0.9625156286991003 120
1633521066786 0.9648074525775332 121
1633521092854 0.9655442671342329 122
1633521118745 0.965994863799124 123
1633521144653 0.9609444358132102 124
1633521170564 0.9639497236772017 125
1633521196352 0.9659504745945786 126
1633521223012 0.9658725622928503 127
1633521248896 0.9683814771247633 128
1633521274913 0.9657523415305398 129
1633521300812 0.9662207401160038 130
1633521326466 0.965242559259588 131
1633521352321 0.9655777902314158 132
1633521377902 0.9652342362837358 133
1633521403561 0.9670014814897017 134
1633521429460 0.96728515625 135
1633521455386 0.9667945630622633 136
1633521481469 0.966693993770715 137
1633521507410 0.9665712298768939 138
1633521533360 0.9639397823449337 139
1633521562046 0.965728759765625 140
1633521588036 0.965067314379143 141
1633521614072 0.9681024262399385 142
1633521639938 0.9659234249230587 143
1633521665958 0.9676564534505209 144
1633521693495 0.9662813128847064 145
1633521719391 0.9671868988961885 146
1633521745411 0.9667460123697916 147
1633521771265 0.9671679410067472 148
1633521797286 0.9677981752337832 149
1633521823200 0.9656002160274622 150
1633521849726 0.9634369358871923 151
1633521875884 0.967862909490412 152
1633521901954 0.9641501686789773 153
1633521927629 0.966341192072088 154
1633521953853 0.9634979710434423 155
1633521979790 0.9616128170129025 156
