1633517988569 0.9202256636186079 1
1633518014837 0.9296246152935606 2
1633518040411 0.9298999670780066 3
1633518066183 0.9343113754734849 4
1633518117883 0.9528477986653646 6
1633518169126 0.9547299471768466 8
1633518220442 0.9538837779651989 10
1633518246619 0.9571001457445549 11
1633518272931 0.960335702607126 12
1633518426191 0.9622751871744791 18
1633518452203 0.962147568211411 19
1633518530850 0.962075204560251 22
1633518631845 0.9650238499496923 26
1633518657392 0.9654624245383523 27
1633519011747 0.9642791748046875 41
1633519238974 0.9651861479788115 50
1633519264822 0.9650363344134707 51
1633519316273 0.9656432180693655 53
1633519367595 0.9644759207060842 55
1633519726635 0.9643596302379261 69
1633520418772 0.9654961788293087 96
1633520628004 0.9668024236505682 104
1633521666734 0.9676564534505209 144
