1633517988572 0.5668441446791395 1
1633518014840 0.6806312872298828 2
1633518040414 0.6810993247855591 3
1633518066187 0.7079031502465964 4
1633518117886 0.7843293774176111 6
1633518169130 0.8021424824546497 8
1633518220445 0.8092583643852738 10
1633518246622 0.8112666516854693 11
1633518272934 0.8277951361423903 12
1633518426194 0.8361836313642251 18
1633518452206 0.8365885914844894 19
1633518530853 0.8399138700536216 22
1633518631848 0.8472163598954631 26
1633518657395 0.8510901721785145 27
1633519011749 0.8570519670914107 41
1633519238977 0.8590897446411951 50
1633519264825 0.8591849033948562 51
1633519316276 0.8611430522863511 53
1633519367598 0.8632624404639353 55
1633519726638 0.8651221542054056 69
1633520418775 0.865624917686034 96
1633520628007 0.8666438112880435 104
1633521666737 0.8697203786950718 144
