1633517988403 0.5668441446791395 1
1633518014456 0.6806312872298828 2
1633518040038 0.6810993247855591 3
1633518065813 0.7079031502465964 4
1633518091629 0.6615038924571004 5
1633518117533 0.7843293774176111 6
1633518143197 0.7738311912338075 7
1633518168761 0.8021424824546497 8
1633518194453 0.7873107184785834 9
1633518220073 0.8092583643852738 10
1633518246250 0.8112666516854693 11
1633518272347 0.8277951361423903 12
1633518298468 0.8150125900746437 13
1633518323625 0.8110829536283336 14
1633518349076 0.8179588833685688 15
1633518374737 0.8210243313518762 16
1633518400135 0.8065253087884738 17
1633518425805 0.8361836313642251 18
1633518451626 0.8365885914844894 19
1633518480495 0.8338086944278078 20
1633518505347 0.8267536650773564 21
1633518530429 0.8399138700536216 22
1633518555868 0.8273171961844495 23
1633518580908 0.8287364733310215 24
1633518606254 0.8300518808984129 25
1633518631214 0.8472163598954631 26
1633518656974 0.8510901721785145 27
1633518682626 0.8426864046080275 28
1633518707734 0.8249398840765636 29
1633518732926 0.8144122542218004 30
1633518757814 0.838612418255582 31
1633518782866 0.8365220626831287 32
1633518807964 0.8380225841624717 33
1633518832845 0.826211341116056 34
1633518857923 0.8371526134970488 35
1633518882973 0.8367120848951697 36
1633518908221 0.8459948880940498 37
1633518933103 0.8458633617430014 38
1633518958277 0.8426351504383931 39
1633518985976 0.8284776512339439 40
1633519011272 0.8570519670914107 41
1633519037038 0.8339850314902667 42
1633519061926 0.8415127233031148 43
1633519087174 0.8569317012931895 44
1633519112522 0.8366753177666193 45
1633519137741 0.8515832061459262 46
1633519162763 0.8450904587427911 47
1633519188249 0.8501452399906294 48
1633519213164 0.8463974362314178 49
1633519238474 0.8590897446411951 50
1633519264311 0.8591849033948562 51
1633519290505 0.8583816797692442 52
1633519315803 0.8611430522863511 53
1633519341818 0.8464976069212413 54
1633519367136 0.8632624404639353 55
1633519392996 0.8429143207633006 56
1633519418707 0.8488579129340454 57
1633519444148 0.8521141825959871 58
1633519469453 0.848038137123089 59
1633519497366 0.8501775571712944 60
1633519522443 0.852715842776873 61
1633519547770 0.8566145923418392 62
1633519573228 0.8542779367864476 63
1633519598846 0.846004949880717 64
1633519624023 0.8516749202014195 65
1633519649317 0.8478446454446367 66
1633519675062 0.8406356136827215 67
1633519700458 0.8520443253785233 68
1633519726113 0.8651221542054056 69
1633519752438 0.8543450457726008 70
1633519777915 0.8520685108955594 71
1633519803336 0.8583142602795372 72
1633519828485 0.8490318192857949 73
1633519854022 0.8519320986920516 74
1633519879175 0.8446118094097813 75
1633519904540 0.862480934520509 76
1633519929754 0.8620611946398555 77
1633519955858 0.8589975817876572 78
1633519981274 0.8548957124633678 79
1633520009424 0.8576541525125445 80
1633520034910 0.8604325841318601 81
1633520060585 0.8483825197022473 82
1633520086073 0.8568594442925938 83
1633520111706 0.8583845186171407 84
1633520137151 0.852778565657202 85
1633520162712 0.8497164787450986 86
1633520188223 0.8454693239482132 87
1633520213508 0.8486437590953113 88
1633520238809 0.8592841769076124 89
1633520264455 0.8518886412567594 90
1633520290459 0.8636195501887816 91
1633520316521 0.8566068549457004 92
1633520342006 0.8603964887743532 93
1633520367322 0.8599204578718389 94
1633520392935 0.8532730340827808 95
1633520418197 0.865624917686034 96
1633520444647 0.8512322645473289 97
1633520470350 0.857090777954442 98
1633520495937 0.8608490302159318 99
1633520524598 0.8618201139820778 100
1633520550453 0.8578604263876343 101
1633520576264 0.8542510430250174 102
1633520601808 0.8524913051812442 103
1633520627389 0.8666438112880435 104
1633520653830 0.8551550466603288 105
1633520679370 0.8505222214774505 106
1633520704992 0.8595621514384046 107
1633520730641 0.8549867970334091 108
1633520756196 0.8478525993926154 109
1633520781873 0.8503083139391574 110
1633520807577 0.8572244365765176 111
1633520833088 0.8629158614776107 112
1633520858777 0.8553395615630837 113
1633520884224 0.8556686618833798 114
1633520910221 0.8503334014710272 115
1633520936030 0.8642267380305328 116
1633520961392 0.8573003114615744 117
1633520987001 0.8568685420809335 118
1633521012648 0.8597280831008467 119
1633521040967 0.8542861960722975 120
1633521066789 0.8572018840674063 121
1633521092857 0.8634722272583303 122
1633521118749 0.8587373817639238 123
1633521144657 0.8518448572529395 124
1633521170568 0.8580190361335633 125
1633521196356 0.8596538509987044 126
1633521223016 0.8542680319649897 127
1633521248899 0.8625407481365088 128
1633521274917 0.8592230311479658 129
1633521300816 0.8606439797304543 130
1633521326470 0.8599527535197623 131
1633521352325 0.8651883517291545 132
1633521377906 0.8586341991164441 133
1633521403565 0.8576742548347636 134
1633521429464 0.8580372348766175 135
1633521455390 0.8641517764677931 136
1633521481473 0.8585500266628678 137
1633521507413 0.8499385098606338 138
1633521533364 0.8493634664335327 139
1633521562049 0.8577054673178988 140
1633521588040 0.8561933036228228 141
1633521614076 0.8620378263029596 142
1633521639942 0.8586147291959891 143
1633521665962 0.8697203786950718 144
1633521693499 0.8596639456099192 145
1633521719395 0.860758096154798 146
1633521745415 0.8636922583097253 147
1633521771268 0.8584125096488828 148
1633521797290 0.8641950217169296 149
1633521823204 0.8571088415312828 150
1633521849730 0.8502544714660524 151
1633521875887 0.8675065316212776 152
1633521901957 0.861680430484783 153
1633521927633 0.8626737899926349 154
1633521953856 0.8577876586928523 155
1633521979794 0.8458367816268749 156
