1633517988402 0.6592372431510696 1
1633518014455 0.7187466393147562 2
1633518040037 0.7192408869735504 3
1633518065813 0.7328879673141234 4
1633518091628 0.7431362876964874 5
1633518117532 0.7963959832240358 6
1633518143196 0.7918272654485471 7
1633518168760 0.8239907212763717 8
1633518194452 0.821541619282 9
1633518220072 0.8248811127324798 10
1633518246250 0.823747677096015 11
1633518272346 0.8503420853758407 12
1633518298467 0.8372113765747312 13
1633518323624 0.836429295929219 14
1633518349076 0.8210689931912629 15
1633518374736 0.8433868617778028 16
1633518400134 0.8349909079221846 17
1633518425804 0.8623143698443572 18
1633518451625 0.8593750511747283 19
1633518480494 0.853199594298222 20
1633518505346 0.8427141605421702 21
1633518530428 0.8528356219006004 22
1633518555867 0.8465571309794367 23
1633518580907 0.8579859959191751 24
1633518606253 0.839592707115636 25
1633518631213 0.8602504577400086 26
1633518656973 0.8641838671351072 27
1633518682625 0.8523724552357059 28
1633518707733 0.8507192554539561 29
1633518732925 0.8365946891616937 30
1633518757813 0.854801847179435 31
1633518782865 0.8593067103048481 32
1633518807963 0.8542006263277703 33
1633518832844 0.8520304455259327 34
1633518857922 0.8770170236635751 35
1633518882972 0.8528648278468138 36
1633518908220 0.8656691878171674 37
1633518933102 0.8689024416348342 38
1633518958276 0.8723752145715129 39
1633518985975 0.8380003828573225 40
1633519011271 0.8669031391269442 41
1633519037037 0.8500851286232836 42
1633519061925 0.8644333033152619 43
1633519087173 0.8667814909632261 44
1633519112521 0.8662050348642647 45
1633519137740 0.8781951813379862 46
1633519162762 0.8647437252251816 47
1633519188248 0.8699160595252952 48
1633519213163 0.8594189352503627 49
1633519238473 0.8790685759119207 50
1633519264310 0.872403132677854 51
1633519290504 0.871587551765694 52
1633519315802 0.8845983105198314 53
1633519341817 0.8729506571375301 54
1633519367136 0.8731849972508771 55
1633519392995 0.8726642379667111 56
1633519418706 0.8685987946301862 57
1633519444147 0.861908598487895 58
1633519469452 0.8545117106889141 59
1633519497365 0.8801838238949871 60
1633519522442 0.872546443771684 61
1633519547769 0.8765358619311843 62
1633519573227 0.8775462074382187 63
1633519598845 0.8623370917703059 64
1633519624022 0.8647776112814414 65
1633519649316 0.8709376902621949 66
1633519675061 0.8771849881906659 67
1633519700457 0.8786707105466021 68
1633519726112 0.8784317258085654 69
1633519752437 0.8776151442955901 70
1633519777914 0.8718840576605724 71
1633519803335 0.8782750570302242 72
1633519828484 0.8555129782116407 73
1633519854021 0.8785549767761783 74
1633519879174 0.8642539445123344 75
1633519904539 0.8757498719746706 76
1633519929753 0.882109129398922 77
1633519955857 0.8789742697362074 78
1633519981273 0.8747770081020507 79
1633520009423 0.8742111824838292 80
1633520034909 0.8804426442279498 81
1633520060584 0.8714902147914135 82
1633520086072 0.8801980283783842 83
1633520111705 0.8783469492826556 84
1633520137150 0.8828766326803973 85
1633520162711 0.876270118705883 86
1633520188222 0.8753094177346207 87
1633520213507 0.8650268432477304 88
1633520238808 0.882688804294201 89
1633520264454 0.8785101612960333 90
1633520290458 0.8769060048070704 91
1633520316520 0.8799385591660113 92
1633520342005 0.8804057094435241 93
1633520367321 0.879918608054905 94
1633520392934 0.8765139338437903 95
1633520418196 0.8823358234328686 96
1633520444646 0.8676653198474704 97
1633520470349 0.8804356629570923 98
1633520495936 0.874092861450023 99
1633520524597 0.8750788849664174 100
1633520550452 0.8778106688617653 101
1633520576263 0.8741173463511805 102
1633520601807 0.8656065560301862 103
1633520627388 0.8833743867955346 104
1633520653829 0.8750423733268481 105
1633520679369 0.8636071787309496 106
1633520704991 0.8795519689137163 107
1633520730640 0.8714923336556757 108
1633520756195 0.8675701017040716 109
1633520781872 0.8768804487497561 110
1633520807576 0.8771598885899248 111
1633520833086 0.8864194063427596 112
1633520858776 0.8820689228619301 113
1633520884223 0.8755679330899698 114
1633520910220 0.8701085968540743 115
1633520936029 0.8809106518921261 116
1633520961391 0.8704895470225217 117
1633520987001 0.8700511350360249 118
1633521012647 0.8729546689947059 119
1633521040966 0.8674290606272558 120
1633521066788 0.8771368116038576 121
1633521092857 0.8767564153699969 122
1633521118748 0.8753153234968181 123
1633521144656 0.8649501627491384 124
1633521170567 0.8779729672064369 125
1633521196355 0.87964580102193 126
1633521223015 0.8809639079638956 127
1633521248898 0.87919211393065 128
1633521274916 0.86909915794277 129
1633521300815 0.8772587283738992 130
1633521326469 0.879951654764408 131
1633521352324 0.8751330454271908 132
1633521377905 0.875210148906337 133
1633521403564 0.8810350322038036 134
1633521429462 0.8814078988615837 135
1633521455389 0.8808342431949705 136
1633521481472 0.8819346577392884 137
1633521507413 0.8697045217178578 138
1633521533363 0.8657604445500102 139
1633521562048 0.8742634879224914 140
1633521588039 0.8727221318780898 141
1633521614075 0.8820852176123307 142
1633521639941 0.8718241865682351 143
1633521665961 0.8831006922134574 144
1633521693498 0.8728895447731486 145
1633521719394 0.8807757262979329 146
1633521745414 0.8872169501703017 147
1633521771267 0.8783755912686243 148
1633521797289 0.8808783232944766 149
1633521823203 0.8702951314009947 150
1633521849729 0.8734131535682407 151
1633521875886 0.887681102124098 152
1633521901957 0.8749370524922412 153
1633521927632 0.8861707414710334 154
1633521953855 0.8777362088950117 155
1633521979793 0.8621656770250772 156
