1633517988571 0.6592372431510696 1
1633518014839 0.7187466393147562 2
1633518040413 0.7192408869735504 3
1633518066186 0.7328879673141234 4
1633518117885 0.7963959832240358 6
1633518169129 0.8239907212763717 8
1633518220444 0.8248811127324798 10
1633518246621 0.823747677096015 11
1633518272933 0.8503420853758407 12
1633518426193 0.8623143698443572 18
1633518452205 0.8593750511747283 19
1633518530852 0.8528356219006004 22
1633518631847 0.8602504577400086 26
1633518657394 0.8641838671351072 27
1633519011749 0.8669031391269442 41
1633519238976 0.8790685759119207 50
1633519264824 0.872403132677854 51
1633519316275 0.8845983105198314 53
1633519367597 0.8731849972508771 55
1633519726637 0.8784317258085654 69
1633520418774 0.8823358234328686 96
1633520628006 0.8833743867955346 104
1633521666736 0.8831006922134574 144
