1633517988574 5.178389139709656 1
1633518014841 4.787822920082803 2
1633518040416 4.91187757266263 3
1633518066188 4.79635600598892 4
1633518117887 4.186569304257123 6
1633518169131 3.963665777569764 8
1633518220447 3.8709658982050263 10
1633518246623 3.907956357494434 11
1633518272935 3.8666195636179053 12
1633518426195 3.6828645498386625 18
1633518452207 3.6919465170409103 19
1633518530854 3.7224926795457023 22
1633518631850 3.6975971516463386 26
1633518657397 3.7114611964047293 27
1633519011751 3.5862247198370207 41
1633519238978 3.6817805857631223 50
1633519264826 3.606265797527753 51
1633519316277 3.6124476319323486 53
1633519367599 3.6282750185855903 55
1633519726639 3.5957212925341833 69
1633520418776 3.568189439002275 96
1633520628008 3.5445539431096713 104
1633521666738 3.5374154116660548 144
