1633517988404 5.178389139709656 1
1633518014458 4.787822920082803 2
1633518040039 4.91187757266263 3
1633518065815 4.79635600598892 4
1633518091630 4.552696721894535 5
1633518117535 4.186569304257123 6
1633518143198 4.124606394659371 7
1633518168762 3.963665777569764 8
1633518194454 4.041309794975141 9
1633518220074 3.8709658982050263 10
1633518246252 3.907956357494434 11
1633518272348 3.8666195636179053 12
1633518298469 3.9110217986831213 13
1633518323626 3.9104390326000695 14
1633518349078 4.032268166980855 15
1633518374738 3.8026039070715223 16
1633518400136 4.003882294701576 17
1633518425806 3.6828645498386625 18
1633518451627 3.6919465170409103 19
1633518480496 3.7783393227381574 20
1633518505348 3.863530714411689 21
1633518530431 3.7224926795457023 22
1633518555869 3.8084224800619038 23
1633518580909 3.783530443547177 24
1633518606256 3.842640268219787 25
1633518631215 3.6975971516463386 26
1633518656975 3.7114611964047293 27
1633518682627 3.7910443248026193 28
1633518707735 3.8813560123833883 29
1633518732927 3.8907735000394164 30
1633518757816 3.7821348270625803 31
1633518782867 3.700083128302603 32
1633518807965 3.7221037092363214 33
1633518832846 3.85212953325054 34
1633518857924 3.658749899524067 35
1633518882974 3.7227619141260253 36
1633518908222 3.6497699210047037 37
1633518933104 3.7055588161608117 38
1633518958279 3.676891191452115 39
1633518985977 3.8304982219977433 40
1633519011273 3.5862247198370207 41
1633519037039 3.7984791560867253 42
1633519061928 3.683650886967513 43
1633519087176 3.63009633393826 44
1633519112523 3.686666218466904 45
1633519137742 3.6106225457335284 46
1633519162764 3.656833509310105 47
1633519188250 3.651884498396435 48
1633519213166 3.7265935877464162 49
1633519238476 3.6817805857631223 50
1633519264312 3.606265797527753 51
1633519290506 3.6221832519987793 52
1633519315805 3.6124476319323486 53
1633519341820 3.6416129753041218 54
1633519367138 3.6282750185855903 55
1633519392997 3.6919612303892726 56
1633519418708 3.6638480739577637 57
1633519444149 3.672248993681439 58
1633519469454 3.73171200731865 59
1633519497367 3.6293516605819356 60
1633519522444 3.6657326253988214 61
1633519547771 3.6452169166847126 62
1633519573229 3.5779135268516873 63
1633519598848 3.687687327846377 64
1633519624025 3.6604349501327675 65
1633519649318 3.6655704472161696 66
1633519675063 3.674163600095909 67
1633519700460 3.627422696867629 68
1633519726115 3.5957212925341833 69
1633519752440 3.629028396675546 70
1633519777917 3.7019748270098645 71
1633519803337 3.6253689260308075 72
1633519828486 3.725290709112526 73
1633519854023 3.634095557828623 74
1633519879176 3.7324968539785357 75
1633519904541 3.5834194623527127 76
1633519929755 3.576180410691516 77
1633519955859 3.579225469308839 78
1633519981276 3.62082331676216 79
1633520009425 3.5939958298481343 80
1633520034912 3.550575525386203 81
1633520060586 3.63163946746694 82
1633520086074 3.6058315534696805 83
1633520111707 3.5675253837292713 84
1633520137152 3.631328755325059 85
1633520162714 3.6476486719780765 86
1633520188224 3.6743356082164658 87
1633520213509 3.678363620986984 88
1633520238811 3.5816526632889505 89
1633520264457 3.613085516243181 90
1633520290461 3.5765541440452986 91
1633520316523 3.5943292895700507 92
1633520342008 3.5964617222551625 93
1633520367323 3.600672849112853 94
1633520392937 3.656012363332241 95
1633520418199 3.568189439002275 96
1633520444648 3.6355100586574594 97
1633520470351 3.6246706905163415 98
1633520495938 3.6160946689227678 99
1633520524599 3.59546033252105 100
1633520550454 3.652858061755367 101
1633520576265 3.601912642998506 102
1633520601809 3.6885412891745264 103
1633520627390 3.5445539431096713 104
1633520653832 3.6456786780418735 105
1633520679371 3.683716686819394 106
1633520704994 3.6103611265855506 107
1633520730642 3.642438264314582 108
1633520756197 3.650118902382302 109
1633520781874 3.637663800096277 110
1633520807578 3.5860644273932074 111
1633520833089 3.556427915254589 112
1633520858779 3.599242324678339 113
1633520884226 3.5862109933236463 114
1633520910222 3.6504520166756445 115
1633520936031 3.543436233506089 116
1633520961394 3.595888986835493 117
1633520987003 3.6356571079353537 118
1633521012649 3.5954285850372854 119
1633521040968 3.6523413112218326 120
1633521066791 3.569205828618901 121
1633521092859 3.5417376834897105 122
1633521118751 3.609169294673183 123
1633521144658 3.6141236872972 124
1633521170569 3.628460970829904 125
1633521196357 3.6115414101352057 126
1633521223018 3.581546046310205 127
1633521248901 3.582191272687234 128
1633521274918 3.5986206260281692 129
1633521300817 3.576006504795195 130
1633521326471 3.5711066067698747 131
1633521352326 3.553202905717888 132
1633521377907 3.599600014207471 133
1633521403566 3.614500390975161 134
1633521429465 3.607837579666143 135
1633521455392 3.583688592712758 136
1633521481474 3.5476423684914233 137
1633521507415 3.606598407614929 138
1633521533365 3.682610147448135 139
1633521562051 3.5978819667809443 140
1633521588041 3.6080718854344815 141
1633521614077 3.54351374047185 142
1633521639943 3.5908759419212646 143
1633521665963 3.5374154116660548 144
1633521693500 3.545895500210659 145
1633521719396 3.5337075068005084 146
1633521745416 3.5712841539520417 147
1633521771270 3.5716683119810244 148
1633521797291 3.568571072668358 149
1633521823205 3.5807426212664453 150
1633521849731 3.6109896531495567 151
1633521875889 3.528726328289686 152
1633521901959 3.607666612300047 153
1633521927634 3.576391996039213 154
1633521953858 3.556741547014866 155
1633521979795 3.6514595192687396 156
