1633517988572 0.4722318622611279 1
1633518014839 0.5802297204277647 2
1633518040414 0.5809328648182817 3
1633518066186 0.6030851649438005 4
1633518117885 0.6931663287126276 6
1633518169129 0.719859710294634 8
1633518220445 0.7217883409550038 10
1633518246621 0.7323218001829956 11
1633518272933 0.7509778197896658 12
1633518426193 0.761714770099078 18
1633518452206 0.7610165251779386 19
1633518530852 0.7642189309651021 22
1633518631848 0.7715219452756008 26
1633518657395 0.7784035897466556 27
1633519011749 0.7855407877619488 41
1633519238976 0.7899335045405242 50
1633519264825 0.7891642417778062 51
1633519316276 0.7913855288765894 53
1633519367597 0.792066751829127 55
1633519726637 0.7939715586159455 69
1633520418774 0.7978392463010351 96
1633520628006 0.7985622493694414 104
1633521666736 0.8011306089475067 144
