1633517988402 0.4722318622611279 1
1633518014456 0.5802297204277647 2
1633518040037 0.5809328648182817 3
1633518065813 0.6030851649438005 4
1633518091629 0.5799640436918344 5
1633518117533 0.6931663287126276 6
1633518143196 0.683482464786398 7
1633518168760 0.719859710294634 8
1633518194453 0.7043038815675852 9
1633518220072 0.7217883409550038 10
1633518246250 0.7323218001829956 11
1633518272346 0.7509778197896658 12
1633518298467 0.7379328624373183 13
1633518323624 0.7322277411474811 14
1633518349076 0.7402321555491892 15
1633518374737 0.7417372387737325 16
1633518400134 0.7183605597903902 17
1633518425804 0.761714770099078 18
1633518451625 0.7610165251779386 19
1633518480494 0.7592825809438067 20
1633518505346 0.7512719585307571 21
1633518530429 0.7642189309651021 22
1633518555867 0.7532136397282572 23
1633518580907 0.7559210529596273 24
1633518606254 0.7505447058351831 25
1633518631213 0.7715219452756008 26
1633518656973 0.7784035897466556 27
1633518682625 0.7674994799116615 28
1633518707733 0.7504344313159157 29
1633518732925 0.731857160722474 30
1633518757814 0.7647070277022486 31
1633518782865 0.7632254746155938 32
1633518807964 0.7641262254233041 33
1633518832844 0.7518241640482194 34
1633518857922 0.7675715970504963 35
1633518882972 0.7616150333856888 36
1633518908220 0.7734511419285867 37
1633518933102 0.7746216979806984 38
1633518958277 0.7720809273124425 39
1633518985975 0.7535767822623175 40
1633519011271 0.7855407877619488 41
1633519037037 0.7612493440138606 42
1633519061926 0.7689563536681774 43
1633519087174 0.784332718628885 44
1633519112521 0.768487586291712 45
1633519137740 0.7819641145191453 46
1633519162762 0.7723572026557475 47
1633519188249 0.7827410511408828 48
1633519213164 0.7762526030915051 49
1633519238474 0.7899335045405242 50
1633519264310 0.7891642417778062 51
1633519290505 0.7879008978264671 52
1633519315803 0.7913855288765894 53
1633519341818 0.7772950495356566 54
1633519367136 0.792066751829127 55
1633519392995 0.7694520698645076 56
1633519418706 0.7792052121147772 57
1633519444147 0.7815195393639739 58
1633519469452 0.7762048006772568 59
1633519497366 0.7817320002954906 60
1633519522442 0.7816402049460446 61
1633519547769 0.7879912287759901 62
1633519573227 0.7832242565213522 63
1633519598846 0.7780641414614691 64
1633519624023 0.7816093529604901 65
1633519649317 0.7765569254184841 66
1633519675061 0.7722510485694126 67
1633519700458 0.7819607564798557 68
1633519726113 0.7939715586159455 69
1633519752438 0.7838335124255447 70
1633519777915 0.7843457571221587 71
1633519803335 0.7892180251824423 72
1633519828484 0.7772736028456501 73
1633519854021 0.7826946455961394 74
1633519879174 0.7733261301681623 75
1633519904539 0.7933497956234744 76
1633519929753 0.7933221604665815 77
1633519955857 0.7910754493267571 78
1633519981274 0.7858317967051939 79
1633520009424 0.7908709803818386 80
1633520034909 0.790873866903229 81
1633520060584 0.7826675429712571 82
1633520086072 0.7904923696440924 83
1633520111705 0.7920122176782642 84
1633520137151 0.7857404042966745 85
1633520162712 0.7818408326366562 86
1633520188222 0.7783625081180701 87
1633520213508 0.781633372914192 88
1633520238809 0.7927440835802831 89
1633520264455 0.7842742915051174 90
1633520290459 0.7948927857834625 91
1633520316521 0.7900306907845894 92
1633520342006 0.7922974818698514 93
1633520367321 0.7909117098913935 94
1633520392935 0.7864991747835256 95
1633520418197 0.7978392463010351 96
1633520444646 0.7823100801185466 97
1633520470350 0.7885224484474729 98
1633520495937 0.7905562012314007 99
1633520524597 0.7936462269210183 100
1633520550452 0.7901091247475759 101
1633520576263 0.7862805619468305 102
1633520601807 0.7828905862501772 103
1633520627388 0.7985622493694414 104
1633520653830 0.7885418905160532 105
1633520679369 0.7799671376046343 106
1633520704992 0.7910215361647441 107
1633520730641 0.7880389645344938 108
1633520756195 0.7795210750025721 109
1633520781872 0.782065767684541 110
1633520807576 0.7901207656563536 111
1633520833087 0.7976014335937422 112
1633520858777 0.7876084667077661 113
1633520884224 0.7864939667393979 114
1633520910220 0.7824104143696394 115
1633520936029 0.7955528427101113 116
1633520961392 0.7889736966988823 117
1633520987001 0.7892268334866785 118
1633521012648 0.7929213056610495 119
1633521040966 0.7844579036292534 120
1633521066789 0.7889651297410545 121
1633521092857 0.7964826825891711 122
1633521118749 0.7907227210970814 123
1633521144657 0.7826782011934744 124
1633521170568 0.7902043824358341 125
1633521196355 0.7916279681420828 126
1633521223016 0.7856933816280733 127
1633521248899 0.7962127935229663 128
1633521274916 0.7920353692287369 129
1633521300815 0.7919971706757275 130
1633521326469 0.79396685993617 131
1633521352325 0.7966480106302389 132
1633521377905 0.7911021791494015 133
1633521403564 0.7924244797055261 134
1633521429463 0.7923649557037372 135
1633521455390 0.7962067438844551 136
1633521481472 0.7942753845593391 137
1633521507413 0.782481038243375 138
1633521533363 0.7826505830918192 139
1633521562049 0.790767434185769 140
1633521588039 0.7867367577547242 141
1633521614075 0.796876852789875 142
1633521639941 0.791587730624947 143
1633521665961 0.8011306089475067 144
1633521693498 0.7915525243756287 145
1633521719394 0.7931074572420888 146
1633521745414 0.7969295572640321 147
1633521771268 0.7904852898993375 148
1633521797289 0.7967747733348906 149
1633521823203 0.7894783673635196 150
1633521849729 0.7839689242160908 151
1633521875887 0.8024771921839671 152
1633521901957 0.7951479467679504 153
1633521927632 0.796735253614097 154
1633521953856 0.7920111035944442 155
1633521979794 0.7763569544347768 156
