1633517988400 0.7241223932673421 1
1633518014453 0.6866571366975831 2
1633518040035 0.6667884609113182 3
1633518065811 0.6922515036007952 4
1633518091626 0.8480127658528973 5
1633518117531 0.8005664976624284 6
1633518143194 0.8080744646873339 7
1633518168758 0.855043320694744 8
1633518194450 0.8684834039050806 9
1633518220070 0.875794795502043 10
1633518246248 0.8406496312065221 11
1633518272344 0.8483293820333586 12
1633518298465 0.8187845297515242 13
1633518323622 0.8323869908136194 14
1633518349074 0.8197565010849893 15
1633518374734 0.8832892260387287 16
1633518400132 0.8701401845446581 17
1633518425802 0.8692945272452474 18
1633518451623 0.8783511169523176 19
1633518480493 0.8570458563006712 20
1633518505344 0.8369944101054221 21
1633518530427 0.8736967066391678 22
1633518555865 0.8441647958971875 23
1633518580905 0.8538946283518252 24
1633518606252 0.8412659411631059 25
1633518631211 0.8896573131999975 26
1633518656971 0.8696277393405688 27
1633518682623 0.8377094752702453 28
1633518707731 0.8569526974845773 29
1633518732923 0.9010537700372783 30
1633518757812 0.8698166092233615 31
1633518782863 0.8750912205393271 32
1633518807961 0.8875885011984357 33
1633518832842 0.8513785529393327 34
1633518857920 0.8949519360483252 35
1633518882970 0.8849468705846893 36
1633518908218 0.8701173119909332 37
1633518933100 0.8823029547913727 38
1633518958275 0.9012972272321578 39
1633518985973 0.8530606856018679 40
1633519011269 0.8803712547925456 41
1633519037035 0.8687257298747317 42
1633519061923 0.8589769431509962 43
1633519087171 0.8858646516089546 44
1633519112519 0.8829034456314756 45
1633519137738 0.8931654332928325 46
1633519162760 0.8759743222232979 47
1633519188246 0.8566475067344713 48
1633519213161 0.8760412947428587 49
1633519238472 0.86578085379609 50
1633519264308 0.883130333108225 51
1633519290502 0.8798581210773694 52
1633519315800 0.8739078000505437 53
1633519341816 0.8730433929488297 54
1633519367134 0.8758865443123023 55
1633519392993 0.8864633119315591 56
1633519418704 0.8836180711436795 57
1633519444145 0.8616758521724593 58
1633519469450 0.8527379548741922 59
1633519497363 0.8770792240854723 60
1633519522440 0.85947889199163 61
1633519547767 0.8840131034861282 62
1633519573225 0.9046048904948557 63
1633519598843 0.8386364355615361 64
1633519624021 0.8725855170577842 65
1633519649314 0.8692923654192213 66
1633519675059 0.8717043911764613 67
1633519700456 0.8971562735544377 68
1633519726111 0.8874251648798585 69
1633519752436 0.8693184952953018 70
1633519777912 0.8544000677340376 71
1633519803333 0.8754134819404567 72
1633519828482 0.8518143075859489 73
1633519854019 0.8713842479521492 74
1633519879172 0.8457820751345231 75
1633519904537 0.8676816789179842 76
1633519929751 0.8979396876822776 77
1633519955855 0.8734836417151033 78
1633519981272 0.8549344710884765 79
1633520009421 0.857492867349108 80
1633520034907 0.8985975057561547 81
1633520060582 0.8791872884409845 82
1633520086070 0.8589281049911501 83
1633520111703 0.8835836085646828 84
1633520137148 0.8706593054172594 85
1633520162709 0.873585236384183 86
1633520188220 0.8764945226110102 87
1633520213505 0.8665272156876829 88
1633520238807 0.876057082747934 89
1633520264453 0.8604911188858162 90
1633520290457 0.8714779183477825 91
1633520316519 0.8724293130928268 92
1633520342003 0.8964089065462877 93
1633520367319 0.8606086025794786 94
1633520392932 0.8780379659067342 95
1633520418194 0.8767519967154966 96
1633520444644 0.8601688402975981 97
1633520470347 0.867664655102128 98
1633520495934 0.8653066991781522 99
1633520524595 0.8733119547501718 100
1633520550450 0.8629257916222481 101
1633520576261 0.8654633004464273 102
1633520601805 0.8589967724204718 103
1633520627386 0.8825318778490626 104
1633520653827 0.860065355143026 105
1633520679367 0.8813190538828608 106
1633520704990 0.8733819755811957 107
1633520730638 0.8725130041450305 108
1633520756193 0.8694492772201231 109
1633520781870 0.8764524175252156 110
1633520807574 0.8689694677855417 111
1633520833085 0.8842007260310422 112
1633520858774 0.8829405048242935 113
1633520884221 0.8813545566877201 114
1633520910218 0.8766605679689802 115
1633520936027 0.8945481220706915 116
1633520961389 0.8713805814485822 117
1633520986999 0.8630351306119632 118
1633521012645 0.8598308828383104 119
1633521040964 0.8587770396644578 120
1633521066787 0.8677254369871769 121
1633521092855 0.8656609727579603 122
1633521118747 0.8537363890229089 123
1633521144654 0.8627792421544423 124
1633521170565 0.868004013508595 125
1633521196353 0.8610729274758571 126
1633521223013 0.8672312938790164 127
1633521248897 0.871294440245818 128
1633521274914 0.8653000529579377 129
1633521300813 0.8823418844516201 130
1633521326467 0.8662650957227889 131
1633521352322 0.8760075589312567 132
1633521377903 0.8659205251655282 133
1633521403562 0.8664858911691091 134
1633521429461 0.8703844042113819 135
1633521455388 0.878212045842984 136
1633521481470 0.8600806539497104 137
1633521507411 0.8719739790634352 138
1633521533361 0.8556523293623544 139
1633521562047 0.8701779840984876 140
1633521588037 0.8781766440393479 141
1633521614073 0.885802101329916 142
1633521639939 0.8623583142946222 143
1633521665959 0.8878306775972474 144
1633521693496 0.8786409302394796 145
1633521719392 0.8659213549158103 146
1633521745412 0.8718983203478536 147
1633521771266 0.8774013608868108 148
1633521797287 0.8789471946758488 149
1633521823201 0.8764678217405691 150
1633521849727 0.8607671299576342 151
1633521875885 0.881964147276951 152
1633521901955 0.8707083607458015 153
1633521927630 0.8624851535326283 154
1633521953854 0.8673318579043517 155
1633521979791 0.8695968310896985 156
