1633517988573 0.7078381955599562 1
1633518014841 0.7550110802681348 2
1633518040415 0.7515642392514384 3
1633518066188 0.7737945764245188 4
1633518117887 0.8288714086544978 6
1633518169131 0.8498146696172615 8
1633518220446 0.8508198506137304 10
1633518246622 0.8507733403001588 11
1633518272935 0.8623559061841574 12
1633518426195 0.8664818287639813 18
1633518452207 0.8679306565716539 19
1633518530854 0.871798490619437 22
1633518631849 0.8766245884699869 26
1633518657396 0.8770592722591141 27
1633519011750 0.8793050182265181 41
1633519238978 0.883546773981871 50
1633519264826 0.8837206643437402 51
1633519316277 0.8871337331465042 53
1633519367599 0.8854039457188851 55
1633519726639 0.8864201888027177 69
1633520418776 0.8871437722760308 96
1633520628008 0.8876501598177792 104
1633521666738 0.8907512853572275 144
