1633517988570 0.7241223932673421 1
1633518014837 0.6866571366975831 2
1633518040412 0.6667884609113182 3
1633518066184 0.6922515036007952 4
1633518117883 0.8005664976624284 6
1633518169127 0.855043320694744 8
1633518220443 0.875794795502043 10
1633518246619 0.8406496312065221 11
1633518272932 0.8483293820333586 12
1633518426191 0.8692945272452474 18
1633518452204 0.8783511169523176 19
1633518530851 0.8736967066391678 22
1633518631846 0.8896573131999975 26
1633518657393 0.8696277393405688 27
1633519011747 0.8803712547925456 41
1633519238975 0.86578085379609 50
1633519264823 0.883130333108225 51
1633519316274 0.8739078000505437 53
1633519367595 0.8758865443123023 55
1633519726635 0.8874251648798585 69
1633520418772 0.8767519967154966 96
1633520628004 0.8825318778490626 104
1633521666734 0.8878306775972474 144
