1633517988404 0.7078381955599562 1
1633518014457 0.7550110802681348 2
1633518040039 0.7515642392514384 3
1633518065814 0.7737945764245188 4
1633518091630 0.7886341147785887 5
1633518117534 0.8288714086544978 6
1633518143198 0.8275476826701271 7
1633518168761 0.8498146696172615 8
1633518194454 0.8412534730858527 9
1633518220073 0.8508198506137304 10
1633518246252 0.8507733403001588 11
1633518272348 0.8623559061841574 12
1633518298469 0.8510012146085612 13
1633518323626 0.8577147124362894 14
1633518349077 0.8597988980133825 15
1633518374738 0.8601331026155883 16
1633518400136 0.8460741900313462 17
1633518425806 0.8664818287639813 18
1633518451626 0.8679306565716539 19
1633518480496 0.8651998702847566 20
1633518505348 0.8630687523259004 21
1633518530430 0.871798490619437 22
1633518555869 0.8602447961853317 23
1633518580909 0.8579013871200191 24
1633518606255 0.8613871340663648 25
1633518631214 0.8766245884699869 26
1633518656975 0.8770592722591141 27
1633518682627 0.869880571162175 28
1633518707734 0.8666665303390542 29
1633518732926 0.8641406770055132 30
1633518757815 0.8773683322523266 31
1633518782866 0.8670881706979247 32
1633518807965 0.8701910914055352 33
1633518832846 0.8577974285381026 34
1633518857924 0.873395933535839 35
1633518882974 0.8690854915908278 36
1633518908222 0.8747835741406493 37
1633518933104 0.8790863406211278 38
1633518958278 0.8769998183019002 39
1633518985976 0.8626428094425865 40
1633519011273 0.8793050182265181 41
1633519037039 0.8686600623453711 42
1633519061927 0.8683726858757308 43
1633519087175 0.8825244497380932 44
1633519112523 0.8748088304044805 45
1633519137742 0.8793500253145238 46
1633519162764 0.8735645735330219 47
1633519188250 0.8744988005520788 48
1633519213165 0.8751147985327382 49
1633519238475 0.883546773981871 50
1633519264312 0.8837206643437402 51
1633519290506 0.8833330619731304 52
1633519315804 0.8871337331465042 53
1633519341819 0.875811167647183 54
1633519367137 0.8854039457188851 55
1633519392997 0.870041975302257 56
1633519418708 0.883580445809944 57
1633519444149 0.8778900152656669 58
1633519469454 0.8807448604874136 59
1633519497367 0.881142454836622 60
1633519522444 0.8829881200619645 61
1633519547771 0.8821655488160324 62
1633519573229 0.8814886061272206 63
1633519598847 0.869632708830208 64
1633519624024 0.880068044059229 65
1633519649318 0.8725692506800885 66
1633519675063 0.8728377529416567 67
1633519700459 0.8833161788036199 68
1633519726114 0.8864201888027177 69
1633519752439 0.8798343297553242 70
1633519777916 0.8805983806946796 71
1633519803337 0.8844990757425018 72
1633519828486 0.8777713372593396 73
1633519854023 0.8808658375192707 74
1633519879176 0.8719679175483623 75
1633519904541 0.8820031967977038 76
1633519929755 0.8859464344627623 77
1633519955859 0.881327455739616 78
1633519981275 0.8784293956567455 79
1633520009425 0.8785464088615048 80
1633520034911 0.891041767703911 81
1633520060586 0.8820969853455086 82
1633520086074 0.8806591339794175 83
1633520111707 0.8828264119196723 84
1633520137152 0.8794094515544297 85
1633520162713 0.880614460449118 86
1633520188224 0.8791301126802471 87
1633520213509 0.873242825053692 88
1633520238810 0.8870788962012645 89
1633520264456 0.8766581314897262 90
1633520290460 0.8855073092745052 91
1633520316522 0.886634380557964 92
1633520342007 0.8887308829493433 93
1633520367323 0.8852911507380665 94
1633520392936 0.8853205123665565 95
1633520418198 0.8871437722760308 96
1633520444648 0.8760167109373207 97
1633520470351 0.8785730376628849 98
1633520495938 0.8823982451502894 99
1633520524599 0.8851190787732026 100
1633520550453 0.8804927335971499 101
1633520576265 0.8774576151530177 102
1633520601809 0.879794201781358 103
1633520627390 0.8876501598177792 104
1633520653831 0.8768753282361379 105
1633520679370 0.8843988753986698 106
1633520704993 0.8829667617867496 107
1633520730642 0.8793640679538469 108
1633520756197 0.874584413452629 109
1633520781874 0.8801985502673652 110
1633520807578 0.882308261603287 111
1633520833088 0.8843305874773096 112
1633520858778 0.8868593191391617 113
1633520884225 0.8828826165012493 114
1633520910222 0.8759154278528646 115
1633520936031 0.8905810973904091 116
1633520961393 0.8822387925050806 117
1633520987002 0.8814941857008752 118
1633521012649 0.8807320450277799 119
1633521040968 0.8799169699095907 120
1633521066790 0.8788950559774541 121
1633521092858 0.8828137294296814 122
1633521118750 0.8805373683761959 123
1633521144658 0.8753019415162387 124
1633521170569 0.8800065841010134 125
1633521196357 0.8798220129162063 126
1633521223017 0.8793280009402213 127
1633521248900 0.8885775520143944 128
1633521274918 0.8829931667742854 129
1633521300817 0.8841434001328625 130
1633521326471 0.883088507553813 131
1633521352326 0.8879476647891306 132
1633521377907 0.8820029410484457 133
1633521403566 0.8829457969748009 134
1633521429464 0.8834232433237015 135
1633521455391 0.8847994062813974 136
1633521481473 0.8785515510036325 137
1633521507414 0.8774837559601094 138
1633521533365 0.8780829506831926 139
1633521562050 0.8862602499332848 140
1633521588041 0.8836236015983481 141
1633521614077 0.8887367555790421 142
1633521639943 0.8862718125206055 143
1633521665963 0.8907512853572275 144
1633521693500 0.8874489820358358 145
1633521719396 0.8875181827898293 146
1633521745416 0.8875192130584236 147
1633521771269 0.8856179801732442 148
1633521797291 0.8880560514362751 149
1633521823205 0.8835057503397497 150
1633521849731 0.8744499571524922 151
1633521875888 0.8874797143042009 152
1633521901958 0.8853183017188131 153
1633521927634 0.8831251104666834 154
1633521953857 0.8800824134647963 155
1633521979795 0.8721322366900288 156
