1633517988570 0.6156814973891913 1
1633518014838 0.7889764580758196 2
1633518040412 0.8069511665681034 3
1633518066185 0.8290829591498929 4
1633518117884 0.8321758222004617 6
1633518169127 0.8206187711440586 8
1633518220443 0.7907954058101193 10
1633518246620 0.8355080555843004 11
1633518272932 0.853898565163641 12
1633518426192 0.8405061889594702 18
1633518452204 0.8350318732383014 19
1633518530851 0.8463747213960262 22
1633518631846 0.842549108754563 26
1633518657393 0.8640020006200514 27
1633519011748 0.8577875320150922 41
1633519238975 0.8845451470657392 50
1633519264823 0.864849914587514 51
1633519316274 0.8833440374540839 53
1633519367596 0.8776174545137418 55
1633519726636 0.8675616176529664 69
1633520418773 0.8790340862246273 96
1633520628005 0.874321319856434 104
1633521666735 0.8747881948058548 144
