1633517988401 0.6156814973891913 1
1633518014454 0.7889764580758196 2
1633518040036 0.8069511665681034 3
1633518065812 0.8290829591498929 4
1633518091627 0.6738315780845157 5
1633518117531 0.8321758222004617 6
1633518143195 0.8163745618527495 7
1633518168759 0.8206187711440586 8
1633518194451 0.7841540998671643 9
1633518220071 0.7907954058101193 10
1633518246249 0.8355080555843004 11
1633518272345 0.853898565163641 12
1633518298466 0.8633493881454835 13
1633518323623 0.8608779545055569 14
1633518349074 0.8816446686748053 15
1633518374735 0.8054808001779623 16
1633518400133 0.7832791620322005 17
1633518425803 0.8405061889594702 18
1633518451624 0.8350318732383014 19
1633518480493 0.8538912546405215 20
1633518505345 0.8709521939093137 21
1633518530427 0.8463747213960262 22
1633518555866 0.8553122076711434 23
1633518580906 0.8411967797667467 24
1633518606252 0.859846572454251 25
1633518631212 0.842549108754563 26
1633518656972 0.8640020006200514 27
1633518682624 0.8869709192104058 28
1633518707732 0.8542868617264947 29
1633518732924 0.7886931538154615 30
1633518757812 0.8623257370301762 31
1633518782863 0.8353100916814353 32
1633518807962 0.8269349123066868 33
1633518832843 0.8406365878522757 34
1633518857921 0.8243896877582553 35
1633518882971 0.8288518707080709 36
1633518908219 0.8578222072339585 37
1633518933101 0.8531712401879722 38
1633518958276 0.8280286910630397 39
1633518985974 0.8483147260653536 40
1633519011270 0.8577875320150922 41
1633519037036 0.8426041045908774 42
1633519061924 0.8580055546697438 43
1633519087172 0.8583934440214844 44
1633519112520 0.844434087793492 45
1633519137739 0.8443569662146452 46
1633519162761 0.8491633006557968 47
1633519188247 0.8746707153917221 48
1633519213162 0.8533797811931816 49
1633519238472 0.8845451470657392 50
1633519264309 0.864849914587514 51
1633519290503 0.8666376766624988 52
1633519315801 0.8833440374540839 53
1633519341816 0.8573202812622788 54
1633519367134 0.8776174545137418 55
1633519392994 0.8278991482648453 56
1633519418705 0.8605592856585206 57
1633519444146 0.8746346662595662 58
1633519469451 0.891988647760597 59
1633519497364 0.8637248464187628 60
1633519522441 0.8872207620800535 61
1633519547768 0.8594702209391568 62
1633519573226 0.8338947927258564 63
1633519598844 0.885315548237968 64
1633519624021 0.8689790669166446 65
1633519649315 0.8555398304277712 66
1633519675060 0.8502488569585924 67
1633519700456 0.8468935106920402 68
1633519726111 0.8675616176529664 69
1633519752436 0.8711277823020296 70
1633519777913 0.8898019468283397 71
1633519803334 0.8736480413023772 72
1633519828483 0.8850970386099544 73
1633519854020 0.8708857208285448 74
1633519879173 0.8811172793094042 75
1633519904538 0.8789024518697658 76
1633519929752 0.8521103737932131 77
1633519955856 0.8706649414865618 78
1633519981272 0.8855298617319219 79
1633520009422 0.8835407380974393 80
1633520034908 0.8612460117041871 81
1633520060583 0.8658933164331314 82
1633520086071 0.8846233873490918 83
1633520111704 0.8623627856150321 84
1633520137149 0.8687683882856863 85
1633520162710 0.8665208999452884 86
1633520188221 0.8583788935073544 87
1633520213506 0.8612246271010101 88
1633520238807 0.8787853349683751 89
1633520264453 0.8736136596281985 90
1633520290458 0.881166238982931 91
1633520316520 0.8822962816082977 92
1633520342004 0.8597651414702973 93
1633520367320 0.8920504343373915 94
1633520392933 0.871774181845015 95
1633520418195 0.8790340862246273 96
1633520444645 0.8733868054877021 97
1633520470348 0.8704035412722299 98
1633520495935 0.8808311377814902 99
1633520524596 0.8779916519494366 100
1633520550451 0.8806767786343774 101
1633520576262 0.8711718996366334 102
1633520601806 0.8841259967974634 103
1633520627387 0.874321319856434 104
1633520653828 0.8759671024712072 105
1633520679368 0.8659608538036514 106
1633520704990 0.873124289671851 107
1633520730639 0.8663088919798847 108
1633520756194 0.8599581720052643 109
1633520781871 0.862308810753327 110
1633520807575 0.8776119296376401 111
1633520833086 0.8645908314022339 112
1633520858775 0.8693838416552145 113
1633520884222 0.8627361261288566 114
1633520910219 0.854460408767665 115
1633520936028 0.8656267934677919 116
1633520961390 0.8741295816304365 117
1633520987000 0.8840123736228772 118
1633521012646 0.8861256659909745 119
1633521040965 0.8831196297859271 120
1633521066787 0.870189617654967 121
1633521092856 0.8838110198719127 122
1633521118748 0.8920865586701308 123
1633521144655 0.8687342500433338 124
1633521170566 0.87337987556042 125
1633521196354 0.8814329467213675 126
1633521223014 0.8705684883668265 127
1633521248897 0.8886130399160325 128
1633521274915 0.8838470343508705 129
1633521300814 0.8672847210669491 130
1633521326468 0.8827092863311421 131
1633521352323 0.8824649765672256 132
1633521377904 0.8809655347102744 133
1633521403563 0.8809836791249446 134
1633521429462 0.8788277465904619 135
1633521455388 0.8731022538909358 136
1633521481470 0.8809851400098996 137
1633521507412 0.8608708973220306 138
1633521533362 0.8832986398258865 139
1633521562047 0.8849468126655449 140
1633521588038 0.8705034576793347 141
1633521614074 0.8715135473465428 142
1633521639940 0.8940248339064479 143
1633521665960 0.8747881948058548 144
1633521693497 0.8774917465975255 145
1633521719393 0.8906006622686587 146
1633521745413 0.8861143652370069 147
1633521771266 0.8743830877258334 148
1633521797288 0.8784123667244581 149
1633521823202 0.8710750987300478 150
1633521849728 0.8679647137722409 151
1633521875885 0.8748385034022177 152
1633521901956 0.8815878344787967 153
1633521927631 0.8869987421108517 154
1633521953854 0.8744850425499979 155
1633521979792 0.8528279039886688 156
