1633517988403 0.7862755994792756 1
1633518014457 0.8666996125837 2
1633518040038 0.875829783745851 3
1633518065814 0.8847976728985854 4
1633518091630 0.8207679445733083 5
1633518117534 0.9010291499998813 6
1633518143197 0.8951423195891101 7
1633518168761 0.8927462175417563 8
1633518194453 0.8793874493312709 9
1633518220073 0.8879937606262558 10
1633518246251 0.9056040051539395 11
1633518272347 0.9153329530178294 12
1633518298468 0.9165290920026291 13
1633518323625 0.9139556716913368 14
1633518349077 0.9248325086786447 15
1633518374737 0.8951134856818651 16
1633518400135 0.8840584744409806 17
1633518425805 0.9099602898943554 18
1633518451626 0.9066784035283094 19
1633518480495 0.9125867221664593 20
1633518505347 0.919285953152332 21
1633518530430 0.9131365754018613 22
1633518555868 0.914608965612336 23
1633518580908 0.9072396502090343 24
1633518606255 0.9171474940667039 25
1633518631214 0.91072539496547 26
1633518656974 0.921922640777857 27
1633518682626 0.9255329381593643 28
1633518707734 0.9133425422735744 29
1633518732926 0.8887150239793107 30
1633518757815 0.9200998916683504 31
1633518782866 0.9078627081747797 32
1633518807964 0.9047680893424173 33
1633518832845 0.9084458842200298 34
1633518857923 0.904288257929728 35
1633518882973 0.9040832752055846 36
1633518908221 0.9191624557600823 37
1633518933103 0.9156826368863022 38
1633518958278 0.90572817647494 39
1633518985976 0.9119624789193959 40
1633519011272 0.918305058649271 41
1633519037038 0.9103559956340064 42
1633519061927 0.9164851858540418 43
1633519087175 0.9190987000214995 44
1633519112522 0.9113162499397335 45
1633519137741 0.9117795780370325 46
1633519162763 0.9139489696373967 47
1633519188250 0.9246490967490754 48
1633519213165 0.9154104711550167 49
1633519238475 0.9292322619302555 50
1633519264312 0.9219321503895026 51
1633519290505 0.9229563494763606 52
1633519315804 0.9280973984275596 53
1633519341819 0.9190708965617365 54
1633519367137 0.9260601056290063 55
1633519392996 0.9064871220051639 56
1633519418707 0.9199819140609647 57
1633519444148 0.9264840036624856 58
1633519469453 0.9316108782938828 59
1633519497366 0.9220568744094315 60
1633519522443 0.9308804044768377 61
1633519547770 0.9189499712373046 62
1633519573228 0.9093904697757651 63
1633519598847 0.9274937835767024 64
1633519624024 0.9215094030987532 65
1633519649318 0.9167765910206754 66
1633519675062 0.9143611547129036 67
1633519700459 0.9133716541940698 68
1633519726114 0.9214541440231285 69
1633519752439 0.9241772234390457 70
1633519777916 0.9305609586819101 71
1633519803336 0.9257272424754981 72
1633519828485 0.9293282353672878 73
1633519854022 0.9242825893096726 74
1633519879175 0.9267781377464235 75
1633519904540 0.9272554193021356 76
1633519929754 0.9177813687794849 77
1633519955858 0.924669423025852 78
1633519981275 0.9290689507250772 79
1633520009425 0.9285560875593353 80
1633520034910 0.9214744036585601 81
1633520060585 0.9208634171936121 82
1633520086073 0.931188596114789 83
1633520111706 0.9205004522158482 84
1633520137152 0.9226049452711543 85
1633520162713 0.9230314363573708 86
1633520188223 0.9189382213091472 87
1633520213508 0.9183165551999193 88
1633520238810 0.9283313500796586 89
1633520264456 0.9250536120667341 90
1633520290460 0.9304608133819966 91
1633520316522 0.9287859905801631 92
1633520342007 0.9202167246215522 93
1633520367322 0.9338393772266308 94
1633520392936 0.9244336995142802 95
1633520418198 0.928512246220619 96
1633520444647 0.9251170776365137 97
1633520470350 0.9250180896794569 98
1633520495938 0.9297108731313415 99
1633520524598 0.9290153505258099 100
1633520550453 0.9276159020583623 101
1633520576264 0.923481143980036 102
1633520601808 0.9268988596281302 103
1633520627389 0.9268182838078639 104
1633520653831 0.9252604312920498 105
1633520679370 0.9232765508774483 106
1633520704993 0.9258429929247056 107
1633520730641 0.9217438234968597 108
1633520756196 0.9197985356055624 109
1633520781873 0.9217610705978811 110
1633520807577 0.9280923371516934 111
1633520833088 0.9230385494008523 112
1633520858778 0.9255160443390691 113
1633520884225 0.9223625113450178 114
1633520910221 0.9162781589707096 115
1633520936030 0.9234354433909244 116
1633520961393 0.9269439223108437 117
1633520987002 0.9291180171498097 118
1633521012649 0.9297139741625774 119
1633521040967 0.9284305877058099 120
1633521066790 0.9245602892117023 121
1633521092858 0.9291581334234997 122
1633521118750 0.9332573789371138 123
1633521144658 0.9211088972060254 124
1633521170568 0.9248979413206109 125
1633521196356 0.9290289211804974 126
1633521223017 0.9255817422473545 127
1633521248900 0.9342239570342064 128
1633521274917 0.9302649442565586 129
1633521300816 0.9231693161349077 130
1633521326470 0.9298261151614341 131
1633521352326 0.9296466534915003 132
1633521377906 0.9286749211186496 133
1633521403565 0.9303247474496336 134
1633521429464 0.9285127403141785 135
1633521455391 0.9262585018630647 136
1633521481473 0.9286357991121643 137
1633521507414 0.9219961564382628 138
1633521533364 0.9288360220923871 139
1633521562050 0.9303823504798395 140
1633521588040 0.9230870028142913 141
1633521614076 0.9267870525637878 142
1633521639942 0.9345367104684938 143
1633521665962 0.9281708666558606 144
1633521693499 0.9279301700281376 145
1633521719395 0.9348441511407627 146
1633521745415 0.9304627149010276 147
1633521771269 0.9271395201189517 148
1633521797290 0.9298118813012888 149
1633521823204 0.9252350615033351 150
1633521849730 0.9231054133435935 151
1633521875888 0.9276557920322746 152
1633521901958 0.9290810728456693 153
1633521927633 0.9318772589837515 154
1633521953857 0.9253977963418439 155
1633521979794 0.9153309869884693 156
