1633517988573 0.7862755994792756 1
1633518014840 0.8666996125837 2
1633518040415 0.875829783745851 3
1633518066187 0.8847976728985854 4
1633518117886 0.9010291499998813 6
1633518169130 0.8927462175417563 8
1633518220446 0.8879937606262558 10
1633518246622 0.9056040051539395 11
1633518272934 0.9153329530178294 12
1633518426194 0.9099602898943554 18
1633518452206 0.9066784035283094 19
1633518530853 0.9131365754018613 22
1633518631849 0.91072539496547 26
1633518657396 0.921922640777857 27
1633519011750 0.918305058649271 41
1633519238977 0.9292322619302555 50
1633519264825 0.9219321503895026 51
1633519316277 0.9280973984275596 53
1633519367598 0.9260601056290063 55
1633519726638 0.9214541440231285 69
1633520418775 0.928512246220619 96
1633520628007 0.9268182838078639 104
1633521666737 0.9281708666558606 144
