1633517988571 0.9568526918654978 1
1633518014838 0.9444084161997177 2
1633518040413 0.9446942157782718 3
1633518066185 0.9405211963281191 4
1633518117884 0.9698695898464023 6
1633518169128 0.9648815511565219 8
1633518220444 0.9851689830043763 10
1633518246620 0.9756819357494362 11
1633518272932 0.9767515674594238 12
1633518426192 0.9794028774734767 18
1633518452205 0.9783136031612323 19
1633518530852 0.9798876430634668 22
1633518631847 0.978893479476723 26
1633518657394 0.9798357322409749 27
1633519011748 0.9788020515347168 41
1633519238976 0.9739154228672238 50
1633519264824 0.9790053508356952 51
1633519316275 0.9728456218921404 53
1633519367596 0.9744919929347153 55
1633519726636 0.9753429349373762 69
1633520418773 0.9779807194550451 96
1633520628005 0.9793057649300607 104
1633521666735 0.9815418308071235 144
