1633517988401 0.9568526918654978 1
1633518014455 0.9444084161997177 2
1633518040036 0.9446942157782718 3
1633518065812 0.9405211963281191 4
1633518091628 0.9676903148800811 5
1633518117532 0.9698695898464023 6
1633518143195 0.9738904974896905 7
1633518168759 0.9648815511565219 8
1633518194452 0.9746019526158998 9
1633518220071 0.9851689830043763 10
1633518246249 0.9756819357494362 11
1633518272345 0.9767515674594238 12
1633518298466 0.9696894495145639 13
1633518323623 0.9670215346335064 14
1633518349075 0.9680055012540293 15
1633518374736 0.9847225485203143 16
1633518400133 0.9848198904510417 17
1633518425803 0.9794028774734767 18
1633518451624 0.9783136031612323 19
1633518480494 0.9712703425204474 20
1633518505345 0.9676148593521143 21
1633518530428 0.9798876430634668 22
1633518555866 0.9738975042869242 23
1633518580906 0.9732714615038776 24
1633518606253 0.9744360948140901 25
1633518631212 0.978893479476723 26
1633518656973 0.9798357322409749 27
1633518682624 0.9640914781011736 28
1633518707732 0.9723901889489247 29
1633518732924 0.9887132567049393 30
1633518757813 0.9778606809513222 31
1633518782864 0.9803995225776434 32
1633518807963 0.9825812951104271 33
1633518832843 0.9762406852644141 34
1633518857921 0.9841570009364984 35
1633518882971 0.9792975387366342 36
1633518908220 0.9804853850472957 37
1633518933101 0.9781735963396094 38
1633518958276 0.9834094255044825 39
1633518985974 0.9755869748491239 40
1633519011270 0.9788020515347168 41
1633519037037 0.9780883586172633 42
1633519061925 0.9749433019975762 43
1633519087173 0.9797950756316054 44
1633519112520 0.9781922963437727 45
1633519137740 0.9791782910518402 46
1633519162762 0.9787126940054085 47
1633519188248 0.9746104022106902 48
1633519213163 0.9774264509729631 49
1633519238473 0.9739154228672238 50
1633519264310 0.9790053508356952 51
1633519290504 0.9792635150168644 52
1633519315802 0.9728456218921404 53
1633519341817 0.9808056202987654 54
1633519367135 0.9744919929347153 55
1633519392994 0.9850551100491522 56
1633519418705 0.9793917010221421 57
1633519444146 0.9783094546134539 58
1633519469451 0.971214881331669 59
1633519497365 0.9803657593070967 60
1633519522441 0.9745302456543244 61
1633519547768 0.9784248953411863 62
1633519573226 0.984869660278848 63
1633519598845 0.9696726965892497 64
1633519624022 0.9740251454958918 65
1633519649316 0.9779982946433735 66
1633519675060 0.9784657134598861 67
1633519700457 0.9798471278331546 68
1633519726112 0.9753429349373762 69
1633519752437 0.9772145038241997 70
1633519777914 0.9713077192066846 71
1633519803334 0.9778010829233238 72
1633519828483 0.973546745270967 73
1633519854020 0.9776706169120605 74
1633519879173 0.9724297883882269 75
1633519904538 0.9756063408511726 76
1633519929752 0.9834389460681907 77
1633519955856 0.978668007748597 78
1633519981273 0.9725930886138602 79
1633520009423 0.9735602608848237 80
1633520034908 0.9816981043536644 81
1633520060583 0.9758300871509212 82
1633520086072 0.9777448248845118 83
1633520111704 0.9786221900487843 84
1633520137150 0.9764381808027126 85
1633520162711 0.9795304328969895 86
1633520188221 0.9794932362866257 87
1633520213507 0.9754029652049936 88
1633520238808 0.977866788986061 89
1633520264454 0.9764786412560589 90
1633520290458 0.9797487489986848 91
1633520316520 0.9752651099337323 92
1633520342005 0.9806593080440453 93
1633520367321 0.9756173215284532 94
1633520392934 0.9770867374964793 95
1633520418196 0.9779807194550451 96
1633520444645 0.9768305686035273 97
1633520470349 0.979618663418767 98
1633520495936 0.9785757651659811 99
1633520524596 0.9800202484712708 100
1633520550451 0.974545509438551 101
1633520576262 0.9757921887794533 102
1633520601806 0.9696747452401242 103
1633520627387 0.9793057649300607 104
1633520653829 0.9745461880902181 105
1633520679368 0.9805857069013388 106
1633520704991 0.9785551602967437 107
1633520730640 0.9771697546008231 108
1633520756194 0.979633659430762 109
1633520781871 0.9812061272198702 110
1633520807575 0.978567031377391 111
1633520833086 0.981473126735493 112
1633520858776 0.9816438884338083 113
1633520884223 0.9819788243124045 114
1633520910219 0.9780913936828106 115
1633520936028 0.981239616337297 116
1633520961391 0.9797405867671425 117
1633520987000 0.974220631880096 118
1633521012647 0.9733050730571757 119
1633521040966 0.9737441825749994 120
1633521066788 0.9789212874183572 121
1633521092856 0.9745050234543284 122
1633521118748 0.9744323574581021 123
1633521144656 0.9734822184154048 124
1633521170567 0.9764072075944578 125
1633521196354 0.9766237928385494 126
1633521223015 0.9805822759746087 127
1633521248898 0.9798237085889495 128
1633521274915 0.9766814824362906 129
1633521300814 0.9790435291497204 130
1633521326468 0.9769409380860056 131
1633521352324 0.9768351824173904 132
1633521377904 0.9763743452339286 133
1633521403563 0.9796545138916017 134
1633521429462 0.978188926649504 135
1633521455389 0.9794014349292512 136
1633521481471 0.9762799251286315 137
1633521507412 0.9831108414820552 138
1633521533362 0.974368207125554 139
1633521562048 0.9758084391204218 140
1633521588038 0.9756604658897605 141
1633521614074 0.9820531093831364 142
1633521639940 0.9750445788115287 143
1633521665960 0.9815418308071235 144
1633521693497 0.9783611952234402 145
1633521719394 0.9790805248700005 146
1633521745414 0.9748087440763663 147
1633521771267 0.9798885085871473 148
1633521797288 0.9811970291575028 149
1633521823202 0.9793945260605493 150
1633521849728 0.9782420863502137 151
1633521875886 0.9804681768830027 152
1633521901956 0.9765598412375781 153
1633521927631 0.9767442794324633 154
1633521953855 0.9762929224942124 155
1633521979793 0.9778122627130383 156
