1633517985368 0.4323528821651752 0
1633518011655 0.32049834178044245 0
1633518037388 0.2954255156792127 0
1633518063232 0.2734145396030866 0
1633518088951 0.25859055679578047 0
1633518114840 0.23345070160352266 0
1633518140612 0.21573890539316032 0
1633518166064 0.2076776140011274 0
1633518191729 0.20211596958912337 0
1633518217449 0.18977518792335804 0
1633518243616 0.17579923295057737 0
1633518269749 0.17556911936173072 0
1633518295845 0.18060343105059404 0
1633518321000 0.18075758195840397 0
1633518346472 0.16638293449695293 0
1633518372105 0.16506955715326163 0
1633518397505 0.16263148429302068 0
1633518423181 0.15583571447775915 0
1633518448983 0.15464732360381347 0
1633518475111 0.15523774589483555 0
1633518502672 0.15193360161322814 0
1633518527752 0.14860748534019178 0
1633518553174 0.14285973619956235 0
1633518578242 0.151459490106656 0
1633518603601 0.14617291047022893 0
1633518628520 0.1373416992334219 0
1633518654316 0.13762346769754702 0
1633518679949 0.14817158849193499 0
1633518705049 0.14526608024652188 0
1633518730209 0.14559768644663004 0
1633518755154 0.14199273930146145 0
1633518780180 0.1373613158097634 0
1633518805310 0.1408462902674308 0
1633518830179 0.12997141893093403 0
1633518855238 0.12894323365046428 0
1633518880240 0.1297506808088376 0
1633518905564 0.12847843101391426 0
1633518930431 0.13108246555695166 0
1633518955575 0.12805109127209738 0
1633518980448 0.12809100368848214 0
1633519008462 0.12516056104348255 0
1633519034324 0.13304676035275825 0
1633519059161 0.12785308968562345 0
1633519084390 0.1263405551130955 0
1633519109793 0.11951337250379415 0
1633519135030 0.1207115276501729 0
1633519159965 0.11410123786100974 0
1633519185528 0.11636130752471777 0
1633519210402 0.11717072209486594 0
1633519235745 0.11702016706650074 0
1633519261597 0.11409292742609978 0
1633519287749 0.11871078163385392 0
1633519313062 0.11182745775351158 0
1633519339020 0.10840747499695191 0
1633519364422 0.11447560099455026 0
1633519390217 0.1138549431012227 0
1633519415943 0.11558892738360625 0
1633519441338 0.1173425337442985 0
1633519466742 0.12494650162183321 0
1633519491727 0.11322539861385639 0
1633519519667 0.1085241083915417 0
1633519545012 0.10710946120894872 0
1633519570403 0.10873649842464007 0
1633519596084 0.10776812904156172 0
1633519621230 0.11321002050088003 0
1633519646528 0.11732026246877816 0
1633519672192 0.1125888915016101 0
1633519697582 0.10521145205085095 0
1633519723349 0.10765459056083973 0
1633519749651 0.10822704056134591 0
1633519775071 0.10657145999945127 0
1633519800496 0.09853706640692858 0
1633519825716 0.10761902710566154 0
1633519851240 0.10589992799437963 0
1633519876304 0.10501727301340837 0
1633519901762 0.10743591441557958 0
1633519926975 0.10485542617165125 0
1633519952982 0.10305010756620994 0
1633519978427 0.1044856207875105 0
1633520003842 0.10684274612711026 0
1633520032073 0.09870440163291418 0
1633520057753 0.09666659098405105 0
1633520083203 0.09329336589345565 0
1633520108844 0.09712005309187449 0
1633520134241 0.09936889283932172 0
1633520159858 0.09898487879679753 0
1633520185384 0.09541236127798373 0
1633520210690 0.09985666699134386 0
1633520235964 0.09634753213478969 0
1633520261633 0.0924355546442362 0
1633520287509 0.10109067599360759 0
1633520313660 0.09365102362174255 0
1633520339185 0.09358580731428587 0
1633520364471 0.09644777385088113 0
1633520390068 0.0956659608735488 0
1633520415364 0.09452744028889216 0
1633520441739 0.09622331307484554 0
1633520467478 0.09537864585335439 0
1633520492967 0.09712508813692973 0
1633520518934 0.09277693256735801 0
1633520547589 0.08946573487841165 0
1633520573383 0.09227334003035839 0
1633520598946 0.09008445063462624 0
1633520624505 0.09489963536079113 0
1633520650933 0.08714074767552889 0
1633520676387 0.09108324394776271 0
1633520702033 0.09140531449363781 0
1633520727770 0.0906827008494964 0
1633520753319 0.08757473024038168 0
1633520778995 0.08804607402819853 0
1633520804684 0.0854329455930453 0
1633520830196 0.08486806331918789 0
1633520855897 0.08950186159748297 0
1633520881329 0.08615920337346884 0
1633520907312 0.10059460923075676 0
1633520933147 0.09543546392367436 0
1633520958516 0.09238476713116352 0
1633520984140 0.08765110430809167 0
1633521009741 0.08638616330348528 0
1633521035277 0.08295600041747093 0
1633521063880 0.08111912734233416 0
1633521089821 0.08332349531925641 0
1633521115828 0.08436965512541625 0
1633521141712 0.08404942183540418 0
1633521167538 0.09008809253573417 0
1633521193402 0.08698854652734903 0
1633521220040 0.08162347445121178 0
1633521245947 0.07825640078920584 0
1633521271971 0.08336554696926704 0
1633521297774 0.07963443060333912 0
1633521323449 0.0833326213634931 0
1633521349385 0.08290925558943014 0
1633521374928 0.07997820503436602 0
1633521400565 0.08038292240638 0
1633521426516 0.07575873870116014 0
1633521452427 0.07603860915853428 0
1633521478363 0.07416642147761125 0
1633521504451 0.07959067259843533 0
1633521530372 0.08059707461641386 0
1633521556161 0.07970029138601743 0
1633521584867 0.0764829128407515 0
1633521611030 0.07802919504734186 0
1633521636875 0.07845609680964397 0
1633521662945 0.07889147973977602 0
1633521690310 0.07722754100194344 0
1633521716388 0.07725583962523021 0
1633521742410 0.07559837292020137 0
1633521768261 0.0771306173159526 0
1633521794293 0.08183600346629437 0
1633521820169 0.08337654442741321 0
1633521846707 0.08071404053614689 0
1633521872802 0.08187853487638327 0
1633521898915 0.07629696445969435 0
1633521924626 0.07925543200511198 0
1633521950866 0.07613998754666401 0
1633521976691 0.0849544264949285 0
