1634660067303 0.9652951262718024 1
1634660137492 0.9637454010719477 2
1634660208499 0.9607268577398256 3
1634660281163 0.9563658248546512 4
1634660350942 0.9543928279433139 5
1634660420456 0.9513581031976744 6
1634660489074 0.9474507176598838 7
1634660559139 0.9434138808139535 8
1634660630914 0.9391374454941861 9
1634660700381 0.9322773778161337 10
1634660769842 0.9293684138808139 11
1634660841266 0.9287841796875 12
1634660911876 0.9274181277252908 13
1634660982487 0.9220422079396803 14
1634661051495 0.9182341819585755 15
1634661120521 0.9099521370821221 16
1634661189286 0.9023091160973837 17
1634661261712 0.9003593977107558 18
1634661336154 0.8964395212572674 19
1634661413740 0.8897900958393895 20
1634661483500 0.8921364007994186 21
1634661553197 0.8821902252906977 22
1634661622963 0.8888529932776162 23
1634661692331 0.8877557798873547 24
1634661762644 0.8804531363553779 25
1634661834136 0.8790374046148256 26
1634661904700 0.8723167242005814 27
1634661975694 0.8740839048873547 28
1634662045610 0.8720592410065408 29
1634662115107 0.8721878406613373 30
1634662185982 0.8575612622638081 31
1634662256063 0.8491384107013081 32
1634662327431 0.8136508675508721 33
1634662396698 0.8185038721838663 34
1634662466011 0.7964153910792151 35
1634662536227 0.794387320585029 36
1634662605720 0.8003338481104652 37
1634662676391 0.7817493527434592 38
1634662746386 0.7822024323219476 39
1634662818289 0.7871198787245639 40
1634662889492 0.7755322833393895 41
1634662962441 0.7927555527797965 42
1634663035234 0.7777582212936046 43
1634663107881 0.7807898233103198 44
1634663181022 0.7816173464752907 45
1634663253309 0.7940032249273256 46
1634663325494 0.7731431118277616 47
1634663398718 0.7801564771075581 48
1634663474050 0.7759433480196221 49
1634663546215 0.779348258085029 50
1634663621361 0.7860306140988372 51
1634663691316 0.7801425667696221 52
1634663761875 0.7855108216751453 53
1634663832298 0.7875968045966569 54
1634663901998 0.7959222837936046 55
1634663972822 0.7880774209665697 56
1634664044589 0.800233636900436 57
1634664117754 0.8009970021802325 58
1634664192407 0.8038548669149709 59
1634664269160 0.8016013921693314 60
1634664345414 0.8119804914607558 61
1634664421315 0.81490478515625 62
1634664496999 0.8209503883539244 63
1634664569974 0.818651492096657 64
1634664641531 0.8330430141715116 65
1634664710606 0.8379201489825582 66
1634664779508 0.8437781045603198 67
1634664849331 0.8488369254178779 68
1634664918570 0.8547201467114826 69
1634664988210 0.8615929891896802 70
1634665057507 0.8731354469476744 71
1634665126884 0.8767898914425872 72
1634665196746 0.8824678642805233 73
1634665265863 0.8911768713662791 74
1634665335548 0.8948821311773256 75
1634665404852 0.8952656590661338 76
1634665474141 0.9062463095021802 77
1634665543997 0.9089593931686046 78
1634665613222 0.9167006381722383 79
1634665687867 0.9246755200763082 80
1634665757878 0.9313624182412791 81
1634665827182 0.9397495003633721 82
1634665897190 0.9446274868277617 83
1634665966656 0.9501518781795059 84
1634666036352 0.9516627112100291 85
1634666105717 0.9540129905523256 86
1634666174880 0.9557571765988372 87
1634666244743 0.9575916378997092 88
1634666314267 0.9582945357921512 89
1634666383771 0.95745849609375 90
1634666453133 0.95916748046875 91
1634666522478 0.9599910292514535 92
1634666592422 0.9606331758720931 93
1634666661695 0.9607813635537791 94
1634666731292 0.9620693472928779 95
1634666800844 0.9623810524164245 96
1634666870015 0.9624168218568314 97
1634666940291 0.9626987191133721 98
1634667009482 0.9632894826489825 99
1634667080980 0.9641269417696221 100
1634667150293 0.9635674055232558 101
1634667219944 0.9633212777071221 102
1634667289950 0.9643804505813953 103
1634667359276 0.9633681186409884 104
1634667428769 0.9632710301598837 105
1634667498141 0.963449593477471 106
1634667567508 0.9628253315770349 107
1634667637339 0.9630859375 108
1634667706988 0.9633456917696221 109
1634667776660 0.9629848746366279 110
1634667846183 0.9631816065588663 111
1634667915785 0.962792117096657 112
1634667985946 0.962411995821221 113
1634668055107 0.9620446493459303 114
1634668124720 0.9618799963662791 115
1634668194362 0.9613925667696221 116
1634668264063 0.9615010106286337 117
1634668333911 0.9607177734375 118
1634668403207 0.9609414743822674 119
1634668475320 0.9611240120821221 120
1634668545071 0.9607200445130814 121
1634668614922 0.960586051053779 122
1634668685310 0.9602451058321221 123
1634668754791 0.960302734375 124
1634668824551 0.9599725767623547 125
1634668894343 0.9598581713299419 126
1634668963738 0.9593894781068314 127
1634669033917 0.9601800962936047 128
1634669103583 0.959545046784157 129
1634669173148 0.959449945494186 130
1634669242677 0.9596977766170058 131
1634669312022 0.9594720884811047 132
1634669382294 0.9594862827034883 133
1634669451923 0.9600753429324128 134
1634669521754 0.9593426371729651 135
1634669591337 0.9599558275799419 136
1634669660595 0.9597732898800873 137
1634669730516 0.9594854310501454 138
1634669800105 0.9597233262172965 139
1634669871918 0.9604006745094477 140
1634669941698 0.959604378633721 141
1634670011397 0.9596287926962209 142
1634670081795 0.9598493709120639 143
1634670151425 0.9594269508539244 144
1634670221003 0.9593559797420058 145
1634670290852 0.9593923169513081 146
1634670360721 0.9593446243640988 147
1634670431093 0.9592779115188953 148
1634670500912 0.9590848700944767 149
1634670570822 0.9594255314316861 150
1634670640723 0.9593661995821221 151
1634670710524 0.9597335460574128 152
1634670780492 0.9595873455668604 153
1634670849985 0.9601003247638081 154
1634670919924 0.9600094817405523 155
1634670989796 0.9597693154978197 156
1634671059758 0.9592492391896802 157
1634671129912 0.959606081940407 158
1634671199679 0.9594851471656977 159
1634671271544 0.9592949445857558 160
1634671341395 0.9593508698219477 161
1634671411283 0.95941162109375 162
1634671481703 0.9601678892623546 163
1634671551284 0.9598323378452035 164
1634671621453 0.9606223882630814 165
1634671691117 0.9596929505813954 166
1634671761271 0.9596120435138081 167
1634671831811 0.959937375090843 168
1634671901761 0.9602899595748546 169
1634671971412 0.9597920262536337 170
1634672041064 0.9595796806867732 171
1634672110629 0.9598945085392442 172
1634672180683 0.9604537609011627 173
1634672250418 0.9598817337390988 174
1634672320471 0.9593460437863373 175
1634672390455 0.9598814498546512 176
1634672460254 0.9600560387899709 177
1634672530369 0.9595271620639535 178
1634672600228 0.9596997638081395 179
1634672672278 0.9599001862281977 180
1634672742018 0.9593068677325581 181
1634672811928 0.9595300009084302 182
1634672882452 0.9593199264171511 183
1634672952562 0.9589239076126453 184
1634673022673 0.9588404455850291 185
