1634660067307 0.8629439118726523 1
1634660137496 0.8608086212697835 2
1634660208503 0.8572557486851642 3
1634660281167 0.8508772874020144 4
1634660350946 0.847244592573021 5
1634660420460 0.8412823078778938 6
1634660489078 0.8335615833656079 7
1634660559143 0.8250160791945296 8
1634660630918 0.8149777681429331 9
1634660700385 0.802189837275714 10
1634660769846 0.793903104129909 11
1634660841270 0.7915634346224938 12
1634660911880 0.78746313784539 13
1634660982491 0.7752047990857136 14
1634661051500 0.765740096184919 15
1634661120525 0.7422976497081928 16
1634661189290 0.7251136363186492 17
1634661261716 0.7202193773094421 18
1634661336158 0.7108893874947874 19
1634661413744 0.6925017606862405 20
1634661483503 0.699382153883776 21
1634661553201 0.6751174455303525 22
1634661622967 0.6839969977057144 23
1634661692335 0.6804441941979007 24
1634661762648 0.6680902164226044 25
1634661834140 0.6653072443792973 26
1634661904704 0.6529766146755535 27
1634661975698 0.6537066011519187 28
1634662045614 0.6479373718429146 29
1634662115111 0.6485351798884219 30
1634662185986 0.6217777379620834 31
1634662256067 0.6095706361971021 32
1634662327435 0.5486405973344614 33
1634662396702 0.564756851983544 34
1634662466015 0.5215840552576042 35
1634662536231 0.5139266280983021 36
1634662605724 0.5277845445076004 37
1634662676395 0.4937926434498016 38
1634662746390 0.48842940261879014 39
1634662818294 0.49036654936272556 40
1634662889496 0.46989748672077547 41
1634662962445 0.5015045557237835 42
1634663035237 0.46752355917016974 43
1634663107885 0.4794726969511721 44
1634663181026 0.480053023870245 45
1634663253313 0.4849972518276616 46
1634663325498 0.4525501592618226 47
1634663398722 0.46946002484132565 48
1634663474054 0.4606958212794642 49
1634663546219 0.4589463864265071 50
1634663621365 0.46520730882109096 51
1634663691320 0.45332661808279956 52
1634663761879 0.45676445456160236 53
1634663832302 0.4624963943320516 54
1634663902001 0.4877361238536818 55
1634663972826 0.4562015147044846 56
1634664044593 0.4820634004944469 57
1634664117758 0.4854638760223338 58
1634664192412 0.4873965443288645 59
1634664269164 0.49512328385050536 60
1634664345418 0.5088897625911386 61
1634664421319 0.5216311804253465 62
1634664497003 0.5245565701002741 63
1634664569978 0.5326591762895816 64
1634664641535 0.557010723832955 65
1634664710610 0.5667360855280057 66
1634664779512 0.5813832465522714 67
1634664849335 0.5926366322290985 68
1634664918576 0.6042772039442664 69
1634664988213 0.6209892177301585 70
1634665057511 0.6426855046429779 71
1634665126888 0.6491676767651826 72
1634665196750 0.6576821443689324 73
1634665265867 0.6779988346247613 74
1634665335552 0.6845136783387925 75
1634665404856 0.6864007858144483 76
1634665474146 0.711585820357494 77
1634665544001 0.7109027253129118 78
1634665613226 0.7309197079299454 79
1634665687871 0.7441837126586189 80
1634665757882 0.7562486436882871 81
1634665827185 0.768569446172546 82
1634665897194 0.7744338521731876 83
1634665966660 0.7868683208456586 84
1634666036356 0.7900314741996151 85
1634666105721 0.7970297120201828 86
1634666174884 0.801521197081404 87
1634666244747 0.8073274972368705 88
1634666314271 0.8104467182201686 89
1634666383775 0.8075762525435993 90
1634666453138 0.8140826065934149 91
1634666522482 0.822780104537009 92
1634666592426 0.8269498338741111 93
1634666661699 0.8288350059209446 94
1634666731296 0.832889663076891 95
1634666800848 0.8375516681841336 96
1634666870019 0.8387912140449314 97
1634666940295 0.8354674483563808 98
1634667009486 0.8445726875916005 99
1634667080984 0.8469372602617288 100
1634667150297 0.8469133301979117 101
1634667219948 0.844627780268632 102
1634667289954 0.8497240883155137 103
1634667359280 0.8478160891007887 104
1634667428773 0.8482366681805713 105
1634667498146 0.8488989317831016 106
1634667567512 0.847629329545073 107
1634667637343 0.8483550352413792 108
1634667706992 0.8499659871734755 109
1634667776664 0.8493119259700818 110
1634667846187 0.8512712573062718 111
1634667915790 0.8494686638315602 112
1634667985951 0.8485222119900857 113
1634668055111 0.8479588652186895 114
1634668124724 0.8465552169526365 115
1634668194366 0.8455427685566281 116
1634668264068 0.8447331760365485 117
1634668333915 0.8426811869608769 118
1634668403211 0.8422189298810684 119
1634668475323 0.8437932666033275 120
1634668545074 0.840979141709677 121
1634668614926 0.8403711648062616 122
1634668685314 0.8407365464267605 123
1634668754795 0.8398136114119616 124
1634668824555 0.8393171644387512 125
1634668894347 0.8362603721474914 126
1634668963742 0.836652694160541 127
1634669033921 0.8371066575058371 128
1634669103586 0.8349738779787614 129
1634669173152 0.8370111073246914 130
1634669242681 0.8358155920066044 131
1634669312026 0.8347900846499232 132
1634669382298 0.833661877824348 133
1634669451928 0.8357922311999273 134
1634669521758 0.8346618539918962 135
1634669591341 0.832870269442516 136
1634669660599 0.8329179094027622 137
1634669730520 0.8340464592704371 138
1634669800109 0.8328279873380423 139
1634669871922 0.8328290183364067 140
1634669941702 0.8314992048465659 141
1634670011401 0.83335920231416 142
1634670081799 0.8327705377316613 143
1634670151429 0.8318961285735277 144
1634670221006 0.8309396244076219 145
1634670290856 0.830209855121351 146
1634670360725 0.8302693545573339 147
1634670431097 0.8299897676002771 148
1634670500916 0.8291917003040318 149
1634670570826 0.8312033899149927 150
1634670640727 0.8296079514464448 151
1634670710529 0.8305909178163698 152
1634670780496 0.8316069983460027 153
1634670849989 0.8324229685140432 154
1634670919928 0.8323827545937188 155
1634670989800 0.8291298839858601 156
1634671059762 0.8291038646007332 157
1634671129915 0.8276126953345466 158
1634671199683 0.8281667585181594 159
1634671271548 0.8248794384154843 160
1634671341399 0.8258901727363313 161
1634671411287 0.8266766822886448 162
1634671481707 0.8280100434884582 163
1634671551288 0.8274594843702854 164
1634671621457 0.8293801387029556 165
1634671691121 0.8267082706190564 166
1634671761275 0.8261987955619271 167
1634671831815 0.8258270462342907 168
1634671901765 0.8250062755960343 169
1634671971416 0.825699842632994 170
1634672041068 0.8230434678464633 171
1634672110633 0.8215101302273157 172
1634672180687 0.8263211459206451 173
1634672250422 0.8220065102329543 174
1634672320475 0.8197648319619094 175
1634672390458 0.8210587784050174 176
1634672460258 0.8183540391522846 177
1634672530373 0.8185828105517977 178
1634672600232 0.8157695992270908 179
1634672672281 0.8140440380524484 180
1634672742022 0.8134132792768665 181
1634672811932 0.8140008200028975 182
1634672882456 0.8143614485737748 183
1634672952566 0.812447856591062 184
1634673022677 0.8093300031089188 185
