1634660067306 0.8904741890439808 1
1634660137495 0.8881319059847116 2
1634660208502 0.8842346222821954 3
1634660281166 0.8772378407726178 4
1634660350945 0.8732529969550995 5
1634660420459 0.8667127356823835 6
1634660489077 0.8582435735898252 7
1634660559142 0.848869678708285 8
1634660630917 0.8378582660751561 9
1634660700384 0.8238306888483597 10
1634660769844 0.8147406499384207 11
1634660841269 0.812174175733858 12
1634660911879 0.8076764012079533 13
1634660982490 0.7942297540991247 14
1634661051499 0.7838475544885591 15
1634661120524 0.7593603791231546 16
1634661189289 0.740606252835074 17
1634661261715 0.7352648026473607 18
1634661336157 0.725082326453702 19
1634661413743 0.7065044371087965 20
1634661483502 0.7089250660859184 21
1634661553200 0.6876275292375041 22
1634661622966 0.6972694672056999 23
1634661692334 0.693411625012872 24
1634661762647 0.6799969521760603 25
1634661834138 0.6769750380886312 26
1634661904703 0.6635857179557777 27
1634661975697 0.6643783800386995 28
1634662045613 0.6581138128597305 29
1634662115110 0.65876294785864 30
1634662185985 0.6347586548578179 31
1634662256066 0.6215034685978632 32
1634662327434 0.5626016503864782 33
1634662396701 0.5728420362447574 34
1634662466014 0.5333697079416326 35
1634662536230 0.5250966082469093 36
1634662605723 0.5300184777343421 37
1634662676394 0.4983186851342078 38
1634662746389 0.4975493545881401 39
1634662818293 0.4996422518240502 40
1634662889495 0.47752743540184284 41
1634662962444 0.5016255250282083 42
1634663035236 0.47496263930445476 43
1634663107884 0.4778222605251356 44
1634663181025 0.47844924689498836 45
1634663253312 0.48379100071832787 46
1634663325497 0.44873509668990874 47
1634663398721 0.4670045494516835 48
1634663474053 0.45753568630695873 49
1634663546217 0.46067071900351264 50
1634663621364 0.47748528339967117 51
1634663691319 0.459624235617095 52
1634663761878 0.4683636066871584 53
1634663832301 0.46953128030849794 54
1634663902000 0.4867500835605105 55
1634663972825 0.4677554053339909 56
1634664044592 0.4956966387251563 57
1634664117757 0.4893202680643305 58
1634664192411 0.5014585780437479 59
1634664269163 0.4947311860696415 60
1634664345417 0.5146296430004764 61
1634664421318 0.523370370811304 62
1634664497001 0.5365812189525574 63
1634664569977 0.5352850397098495 64
1634664641534 0.5615945006235443 65
1634664710609 0.5721018009473428 66
1634664779511 0.5879266231594893 67
1634664849334 0.6000848036646039 68
1634664918575 0.6126613007438054 69
1634664988212 0.6307169940300705 70
1634665057510 0.6541577060213078 71
1634665126887 0.6645002550733042 72
1634665196749 0.6753852313533691 73
1634665265866 0.6993388296666176 74
1634665335551 0.6993489489589971 75
1634665404855 0.7049301462126586 76
1634665474144 0.7272270271558648 77
1634665544000 0.7278597283531458 78
1634665613225 0.7482208949744357 79
1634665687870 0.7664949148304724 80
1634665757881 0.7796622253450849 81
1634665827184 0.7931087864319663 82
1634665897193 0.7995090264834281 83
1634665966659 0.813079639501607 84
1634666036355 0.8165318119437424 85
1634666105720 0.8241694826616208 86
1634666174883 0.8248841281439487 87
1634666244746 0.8354081822635895 88
1634666314270 0.8388124082098287 89
1634666383774 0.8356796664815932 90
1634666453136 0.8427805097339299 91
1634666522481 0.8471965607891214 92
1634666592425 0.85174728062403 93
1634666661698 0.853804701893417 94
1634666731294 0.8582298353377238 95
1634666800847 0.8582416683227853 96
1634666870018 0.8595944721810165 97
1634666940294 0.8610431542975733 98
1634667009485 0.8659042021938785 99
1634667080983 0.8729158722258759 100
1634667150296 0.8684587106220865 101
1634667219947 0.865964328719573 102
1634667289953 0.8759728519787521 103
1634667359279 0.8738798936564773 104
1634667428772 0.8699029627351413 105
1634667498144 0.8706257377328264 106
1634667567511 0.8736750298581157 107
1634667637342 0.8744710845760026 108
1634667706991 0.876238200215802 109
1634667776663 0.8755207351202428 110
1634667846186 0.877670001636982 111
1634667915789 0.8756926669580889 112
1634667985949 0.8746544672340224 113
1634668055110 0.8740365103164196 114
1634668124723 0.8724967941062084 115
1634668194365 0.8713862002024237 116
1634668264067 0.8704981267747853 117
1634668333914 0.8682472203907576 118
1634668403210 0.867740152675662 119
1634668475322 0.8694671036720175 120
1634668545073 0.8708231562440029 121
1634668614925 0.8701528227351089 122
1634668685313 0.8705556793936079 123
1634668754794 0.8695380843772911 124
1634668824554 0.8689907197658027 125
1634668894346 0.8656204103164649 126
1634668963741 0.866052970484699 127
1634669033920 0.8665534941731025 128
1634669103585 0.8642019680278651 129
1634669173151 0.8664481439733777 130
1634669242680 0.8651300116995895 131
1634669312025 0.8639993241011974 132
1634669382297 0.8627554037550503 133
1634669451926 0.8651042549127405 134
1634669521757 0.8638579415808086 135
1634669591340 0.8618826047699535 136
1634669660598 0.8619351308799685 137
1634669730519 0.8631794294520202 138
1634669800108 0.86183598603938 139
1634669871921 0.8618371227811664 140
1634669941701 0.8603709181641623 141
1634670011400 0.8624216846027917 142
1634670081798 0.8617726441656778 143
1634670151428 0.8608085520169664 144
1634670221005 0.8597539448596857 145
1634670290855 0.8589493274414896 146
1634670360724 0.8590149293837271 147
1634670431096 0.8587066668413312 148
1634670500915 0.8578267464890608 149
1634670570824 0.8600447632396073 150
1634670640726 0.8582856900563366 151
1634670710528 0.8593694734898435 152
1634670780495 0.8604897674071311 153
1634670849988 0.8613894268231759 154
1634670919927 0.8613450883982028 155
1634670989799 0.857758590035692 156
1634671059761 0.85772990199568 157
1634671129914 0.8560857922919359 158
1634671199682 0.8566966824687396 159
1634671271547 0.8530722013298929 160
1634671341398 0.8541866007092882 161
1634671411286 0.8550537779079929 162
1634671481706 0.8565238941026591 163
1634671551287 0.8559168673826222 164
1634671621456 0.8580345119032589 165
1634671691120 0.8550886060671646 166
1634671761274 0.8545268771580222 167
1634671831814 0.8541169996942178 168
1634671901764 0.853212047452038 169
1634671971415 0.8539767495697115 170
1634672041067 0.8510479260871262 171
1634672110632 0.8493573230711429 172
1634672180686 0.8546617762714804 173
1634672250421 0.8499046138465908 174
1634672320474 0.8474330198554387 175
1634672390458 0.8488596787542501 176
1634672460257 0.8458775303473907 177
1634672530372 0.8461297654801873 178
1634672600231 0.8430280196606389 179
1634672672280 0.8498418040480644 180
1634672742021 0.8491391453084264 181
1634672811931 0.8410778271826816 182
1634672882455 0.8414754432992904 183
1634672952565 0.8436922122014346 184
1634673022676 0.8402368591155547 185
