1634660067309 3.516138690817541 1
1634660137498 3.5514000962574577 2
1634660208505 3.6223855860769154 3
1634660281169 3.6825538560330293 4
1634660350948 3.723244028991872 5
1634660420462 3.7943521738446213 6
1634660489079 3.8441301170607836 7
1634660559145 3.9195823999149897 8
1634660630919 4.01943552784927 9
1634660700387 4.088463276446175 10
1634660769847 4.1403773267153205 11
1634660841271 4.163803286945671 12
1634660911881 4.147934018943234 13
1634660982492 4.24555236692294 14
1634661051501 4.300597643280628 15
1634661120527 4.45588095062584 16
1634661189291 4.623966855761416 17
1634661261718 4.680253790850989 18
1634661336160 4.7509193444541795 19
1634661413745 4.862858673570666 20
1634661483505 4.829878567663487 21
1634661553202 5.037810423063815 22
1634661622968 4.981097460074601 23
1634661692336 5.008598282139955 24
1634661762649 5.116964485449448 25
1634661834141 5.154029630325295 26
1634661904706 5.272257312679633 27
1634661975699 5.304360618682958 28
1634662045616 5.391816994162341 29
1634662115112 5.504566603390675 30
1634662185988 5.899074843303245 31
1634662256068 6.081895749707113 32
1634662327437 6.738714861386969 33
1634662396703 6.54804378815735 34
1634662466017 6.882439948292065 35
1634662536233 6.869138902241881 36
1634662605725 6.667881027814628 37
1634662676396 6.883903790886206 38
1634662746391 6.8937676880169665 39
1634662818295 6.819754700642665 40
1634662889497 6.907666862293167 41
1634662962447 6.639928145017369 42
1634663035239 6.876299418629995 43
1634663107887 6.759813303081621 44
1634663181028 6.774031186773232 45
1634663253315 6.508249679265985 46
1634663325499 6.75586203072892 47
1634663398723 6.727098629079103 48
1634663474055 6.762644608729781 49
1634663546220 6.710260265062941 50
1634663621366 6.723430164409206 51
1634663691322 6.703794651334647 52
1634663761880 6.669075315998067 53
1634663832304 6.623853256335479 54
1634663902003 6.58685865983025 55
1634663972827 6.63919078039551 56
1634664044595 6.563104648343113 57
1634664117759 6.491923074183845 58
1634664192413 6.526717722270543 59
1634664269166 6.552301056562903 60
1634664345420 6.450985268101938 61
1634664421321 6.4115560788606185 62
1634664497004 6.379479642138786 63
1634664569979 6.46462156069611 64
1634664641536 6.26611122778969 65
1634664710612 6.2637543662379995 66
1634664779514 6.22334913187354 67
1634664849336 6.167706553617648 68
1634664918578 6.096348353912666 69
1634664988215 6.146231837307911 70
1634665057512 5.965152380573605 71
1634665126890 5.9453483314352304 72
1634665196751 5.856973767644194 73
1634665265869 5.668235972652617 74
1634665335554 5.638448844271695 75
1634665404857 5.615757164849833 76
1634665474147 5.407164001196335 77
1634665544003 5.358296267124954 78
1634665613228 5.155174224758697 79
1634665687873 4.907072924206822 80
1634665757884 4.751799226510556 81
1634665827187 4.472277601738438 82
1634665897196 4.296431398651932 83
1634665966662 4.125671854642435 84
1634666036358 4.048879420606443 85
1634666105723 4.004836545432325 86
1634666174886 3.955216079942281 87
1634666244748 3.908301100841835 88
1634666314272 3.8901630422847915 89
1634666383777 3.9165964160896767 90
1634666453139 3.866632628016405 91
1634666522484 3.829682621863139 92
1634666592428 3.792546292491347 93
1634666661700 3.7766983793137636 94
1634666731297 3.740813373727486 95
1634666800850 3.7466793725295524 96
1634666870020 3.747883700415182 97
1634666940296 3.7341561578157383 98
1634667009488 3.678934360818186 99
1634667080986 3.6563687698147755 100
1634667150298 3.670006093697018 101
1634667219950 3.680139282171888 102
1634667289956 3.6293107050891913 103
1634667359281 3.6477020007209324 104
1634667428775 3.664110877975497 105
1634667498147 3.6368980966371276 106
1634667567513 3.6355153320720253 107
1634667637344 3.6257777010758048 108
1634667706993 3.6149300665167763 109
1634667776665 3.6007004252585397 110
1634667846188 3.5904182820802273 111
1634667915791 3.596395005479331 112
1634667985953 3.6038676579492566 113
1634668055113 3.6143675457068567 114
1634668124726 3.615644946330283 115
1634668194368 3.617390526509919 116
1634668264069 3.630210090312756 117
1634668333916 3.6470637706154956 118
1634668403212 3.6256387730994333 119
1634668475325 3.6182759956902597 120
1634668545076 3.6395614247456556 121
1634668614928 3.6299563608826375 122
1634668685315 3.636161760042092 123
1634668754796 3.6375262527763597 124
1634668824557 3.6402452019118186 125
1634668894349 3.6616867318392927 126
1634668963743 3.6616311797689747 127
1634669033922 3.658634663574753 128
1634669103588 3.670491266699506 129
1634669173153 3.6586156335813476 130
1634669242682 3.6598771561995584 131
1634669312028 3.6662107263550086 132
1634669382300 3.664848689369759 133
1634669451929 3.6475799259977952 134
1634669521760 3.651005542054202 135
1634669591343 3.642935303764112 136
1634669660601 3.657359735793607 137
1634669730521 3.6692570728140543 138
1634669800110 3.6717561827538376 139
1634669871923 3.6512124543329825 140
1634669941703 3.67099134931611 141
1634670011403 3.6771123291400567 142
1634670081800 3.674082044496034 143
1634670151430 3.6805050715297036 144
1634670221008 3.6841992819745677 145
1634670290857 3.680631416172246 146
1634670360727 3.6978926012309796 147
1634670431098 3.690871206862704 148
1634670500918 3.7012188870465326 149
1634670570827 3.69065642670427 150
1634670640729 3.677391213803651 151
1634670710530 3.681398594693882 152
1634670780497 3.6881204686320257 153
1634670849991 3.6738161156061007 154
1634670919930 3.683541084733503 155
1634670989802 3.685229633877444 156
1634671059763 3.7127070969455875 157
1634671129917 3.7008302627240717 158
1634671199684 3.7064148203908687 159
1634671271549 3.74003011694321 160
1634671341400 3.7261979175556688 161
1634671411288 3.7019975850729945 162
1634671481708 3.7013920739248385 163
1634671551289 3.711211136756697 164
1634671621459 3.687196082148039 165
1634671691123 3.73596277581907 166
1634671761277 3.733012888183079 167
1634671831817 3.739001486960415 168
1634671901766 3.735085446669606 169
1634671971418 3.7509593385511173 170
1634672041070 3.7511836833759036 171
1634672110635 3.7473332695695536 172
1634672180689 3.7292097455308615 173
1634672250424 3.7780109920739364 174
1634672320476 3.805299736193765 175
1634672390460 3.7922361164469782 176
1634672460260 3.769500487858101 177
1634672530375 3.7787844516762688 178
1634672600233 3.782055391334712 179
1634672672283 3.7868920266082076 180
1634672742023 3.7752035637494594 181
1634672811933 3.797302275735092 182
1634672882458 3.782660675540304 183
1634672952568 3.79926190552711 184
1634673022678 3.793974088615833 185
