1634660067307 0.8039222702636065 1
1634660137495 0.8007551793145885 2
1634660208503 0.7952926020075409 3
1634660281167 0.7852969521929536 4
1634660350946 0.7793684016322335 5
1634660420460 0.7707547326097658 6
1634660489077 0.758506849507576 7
1634660559143 0.7462139165915 8
1634660630917 0.7329685797386846 9
1634660700384 0.7147084078443748 10
1634660769845 0.7038760717465645 11
1634660841269 0.6998804165177154 12
1634660911879 0.6925439186870181 13
1634660982490 0.6769281377259464 14
1634661051499 0.6638038123273939 15
1634661120525 0.6370458943057777 16
1634661189289 0.6159775932580882 17
1634661261715 0.6099469098358472 18
1634661336158 0.5988792921006644 19
1634661413743 0.5779614233523249 20
1634661483503 0.5845663294430977 21
1634661553200 0.5589153130718201 22
1634661622966 0.5684724763063544 23
1634661692334 0.5646772222151514 24
1634661762647 0.5515889525219082 25
1634661834139 0.5483588076722609 26
1634661904704 0.5359403891622622 27
1634661975697 0.5362331330011191 28
1634662045614 0.5300371591174351 29
1634662115110 0.5284527044468841 30
1634662185986 0.5005849726370216 31
1634662256066 0.4828886483479878 32
1634662327435 0.41579852131471745 33
1634662396701 0.43124344360625133 34
1634662466015 0.3864349413199429 35
1634662536231 0.37779398128382863 36
1634662605723 0.3903586690374386 37
1634662676394 0.35726877073524277 38
1634662746389 0.3517643540262509 39
1634662818293 0.35297367394616447 40
1634662889495 0.3338632535765565 41
1634662962445 0.36386003313977006 42
1634663035237 0.33144994413251977 43
1634663107884 0.34329929396343695 44
1634663181025 0.3441441075187143 45
1634663253313 0.346916282727134 46
1634663325497 0.31773465511280763 47
1634663398721 0.3329192693386983 48
1634663474053 0.324642243144315 49
1634663546218 0.3224788214006409 50
1634663621364 0.32738151375731167 51
1634663691320 0.3165182979273422 52
1634663761878 0.31903933361873016 53
1634663832302 0.32416281372238753 54
1634663902001 0.348751432096107 55
1634663972825 0.31810962194939985 56
1634664044593 0.34205558410817194 57
1634664117757 0.34528195050062904 58
1634664192411 0.3468304046604391 59
1634664269164 0.35502205563278805 60
1634664345418 0.36726647764216197 61
1634664421319 0.38011419188554685 62
1634664497002 0.38232490562698457 63
1634664569977 0.3916113020795564 64
1634664641534 0.41501269065494883 65
1634664710610 0.4258152597135079 66
1634664779512 0.4411571654504212 67
1634664849334 0.4535921202409184 68
1634664918576 0.46638937176089806 69
1634664988213 0.4869822171576389 70
1634665057510 0.5114621320798556 71
1634665126887 0.5198464094160291 72
1634665196749 0.5299367160549174 73
1634665265867 0.5554639165780789 74
1634665335552 0.5637742283301859 75
1634665404855 0.5679126265486978 76
1634665474145 0.5973015260029257 77
1634665544001 0.5997128465467757 78
1634665613226 0.6241045726332418 79
1634665687870 0.643412229881999 80
1634665757882 0.6606135224267753 81
1634665827185 0.6792808902023229 82
1634665897194 0.6902077001578188 83
1634665966660 0.7059734219176735 84
1634666036356 0.7117349904883589 85
1634666105721 0.719696252399585 86
1634666174884 0.7264327948196603 87
1634666244746 0.7335613642981221 88
1634666314270 0.7370922193027106 89
1634666383775 0.7349776592321413 90
1634666453137 0.742645223961194 91
1634666522482 0.7519985550707424 92
1634666592426 0.7569714033798497 93
1634666661698 0.7599980943751765 94
1634666731295 0.7648096544319778 95
1634666800847 0.7701236712157478 96
1634666870018 0.7718772431239905 97
1634666940295 0.7692830701942528 98
1634667009486 0.7790421558603046 99
1634667080984 0.7818952188392427 100
1634667150296 0.7817040567642058 101
1634667219948 0.7794829439652962 102
1634667289954 0.7846716143064222 103
1634667359279 0.7829801622387464 104
1634667428773 0.7832094671412331 105
1634667498145 0.7840726998761117 106
1634667567511 0.7824283562206996 107
1634667637342 0.7830778957153026 108
1634667706991 0.7855457561664116 109
1634667776663 0.7844976437796295 110
1634667846187 0.7858898421477122 111
1634667915789 0.7841623189783591 112
1634667985950 0.7826155044036015 113
1634668055111 0.7817737873282161 114
1634668124724 0.780014051330237 115
1634668194366 0.7782075497738999 116
1634668264067 0.7776506689674328 117
1634668333914 0.7750027122153877 118
1634668403210 0.77499540143343 119
1634668475323 0.776326400145799 120
1634668545074 0.773380795291995 121
1634668614926 0.7725376017577528 122
1634668685313 0.7725103017688623 123
1634668754794 0.7716720754883618 124
1634668824555 0.7705131473069198 125
1634668894347 0.7677633800294876 126
1634668963741 0.7673924189008337 127
1634669033920 0.7686270652233855 128
1634669103586 0.7666063635102263 129
1634669173151 0.7684735069061499 130
1634669242680 0.7674155574092966 131
1634669312026 0.7661404357452462 132
1634669382298 0.7654505939520425 133
1634669451927 0.7667824659273548 134
1634669521758 0.7654592104934134 135
1634669591341 0.7641226436855594 136
1634669660599 0.7644189892654155 137
1634669730519 0.7655516614623553 138
1634669800108 0.764410457221938 139
1634669871921 0.763740287381216 140
1634669941701 0.7626580890260235 141
1634670011401 0.7647218625043466 142
1634670081798 0.7644515574566286 143
1634670151428 0.7634514615270718 144
1634670221006 0.7625836224973351 145
1634670290855 0.7618700749377716 146
1634670360724 0.7618323573465094 147
1634670431096 0.7621343618363706 148
1634670500916 0.7607755803857119 149
1634670570825 0.7635450443491589 150
1634670640727 0.7615018499644735 151
1634670710528 0.7619195338281858 152
1634670780495 0.7635410058151748 153
1634670849988 0.7645996529627784 154
1634670919928 0.7642129169155227 155
1634670989800 0.7614510171331742 156
1634671059761 0.7608241666148549 157
1634671129915 0.7596449773999039 158
1634671199682 0.7594820459583144 159
1634671271547 0.7561296724258986 160
1634671341398 0.7576361167726593 161
1634671411286 0.7584481144445121 162
1634671481706 0.759848394904738 163
1634671551287 0.7584202209730448 164
1634671621457 0.7612391519606554 165
1634671691121 0.7585624773986998 166
1634671761275 0.7569182228706429 167
1634671831815 0.7570023338880112 168
1634671901764 0.7561738742898908 169
1634671971415 0.7557497659639089 170
1634672041068 0.7539610542673305 171
1634672110632 0.751835422504451 172
1634672180687 0.7577469284728238 173
1634672250421 0.7516199635538354 174
1634672320474 0.7488543497928266 175
1634672390458 0.7504749391569188 176
1634672460258 0.7486689826399356 177
1634672530373 0.7477904269379417 178
1634672600231 0.7454446364823075 179
1634672672281 0.7440972390938986 180
1634672742022 0.7427070580835531 181
1634672811931 0.7432051658739774 182
1634672882455 0.7440933502814299 183
1634672952566 0.7415265077701942 184
1634673022676 0.7388711290479912 185
