1634660067305 0.8560346916948802 1
1634660137493 0.8431950795739969 2
1634660208500 0.8272671144181006 3
1634660281164 0.8039812121532766 4
1634660350943 0.7953551107062131 5
1634660420457 0.7812846725829508 6
1634660489075 0.7642042562395259 7
1634660559141 0.7481931204076745 8
1634660630915 0.7322286789072024 9
1634660700382 0.7104576247964365 10
1634660769843 0.6974429962604796 11
1634660841267 0.693065417286537 12
1634660911877 0.6845766635304996 13
1634660982488 0.6669115675184366 14
1634661051497 0.652280023564955 15
1634661120522 0.6245963092008231 16
1634661189287 0.601646279669071 17
1634661261713 0.5952254166910761 18
1634661336156 0.5833959602955275 19
1634661413741 0.5630743752714824 20
1634661483501 0.5682000539717812 21
1634661553198 0.5429069038387969 22
1634661622964 0.5534538044537475 23
1634661692332 0.5494690857295456 24
1634661762645 0.5355096709857872 25
1634661834137 0.5323156706424924 26
1634661904702 0.5195874304975847 27
1634661975695 0.5218466378784262 28
1634662045611 0.5176735631858941 29
1634662115108 0.5217076202382448 30
1634662185983 0.4997426164055429 31
1634662256064 0.4958775386895399 32
1634662327433 0.4551076354200294 33
1634662396699 0.4663226371842757 34
1634662466013 0.440708458420968 35
1634662536228 0.438919771214815 36
1634662605721 0.45321369925834937 37
1634662676392 0.42484988007843927 38
1634662746387 0.4230636041836038 39
1634662818290 0.43514762110054545 40
1634662889493 0.4157377124033523 41
1634662962443 0.44452859955878826 42
1634663035235 0.4176598314454303 43
1634663107882 0.42536140104616094 44
1634663181023 0.4256678361851523 45
1634663253310 0.4485706975781769 46
1634663325495 0.4144041189650771 47
1634663398719 0.4276219030189654 48
1634663474051 0.4193711203885575 49
1634663546216 0.42555411159862594 50
1634663621362 0.43105674773217995 51
1634663691318 0.4267012047561767 52
1634663761876 0.43232549908196877 53
1634663832299 0.44117118586092074 54
1634663901999 0.45324161367975563 55
1634663972823 0.44062790173368704 56
1634664044591 0.4589386885323235 57
1634664117755 0.46443508398463734 58
1634664192409 0.4667707239269364 59
1634664269161 0.4696759305837193 60
1634664345415 0.48502708301756736 61
1634664421316 0.4954476959879921 62
1634664497000 0.5043505264755594 63
1634664569975 0.5033686657477758 64
1634664641532 0.5328040424008856 65
1634664710608 0.5390596787188527 66
1634664779510 0.550526878275227 67
1634664849332 0.5625499818004496 68
1634664918573 0.5748840427224658 69
1634664988211 0.5749560807804651 70
1634665057508 0.5987938278588316 71
1634665126885 0.6017799828211963 72
1634665196747 0.6135743356841942 73
1634665265865 0.6220895242658787 74
1634665335550 0.6315279989771057 75
1634665404853 0.628015997604316 76
1634665474143 0.6566195315279767 77
1634665543999 0.6529988314059114 78
1634665613224 0.672435071088857 79
1634665687868 0.6797528935222722 80
1634665757880 0.694138156158726 81
1634665827183 0.7012449915070429 82
1634665897191 0.7041316115548562 83
1634665966657 0.7204377327048626 84
1634666036353 0.7239801826810647 85
1634666105719 0.7342156005062769 86
1634666174882 0.7439844361118907 87
1634666244744 0.7540012952974856 88
1634666314268 0.7588706126843747 89
1634666383773 0.7570689079096178 90
1634666453135 0.7679199385038434 91
1634666522480 0.7798020228151378 92
1634666592423 0.785929157513944 93
1634666661696 0.7914610138993795 94
1634666731293 0.8014111431124138 95
1634666800845 0.8060630814313503 96
1634666870016 0.8095917981128424 97
1634666940292 0.8128841385118548 98
1634667009483 0.8250739254121112 99
1634667080982 0.8302975912181638 100
1634667150294 0.8347320933320236 101
1634667219946 0.8354148462752337 102
1634667289951 0.8448816779861553 103
1634667359277 0.8467923761137502 104
1634667428770 0.8470211045506271 105
1634667498143 0.8535260005949494 106
1634667567509 0.8567015671131902 107
1634667637340 0.8568220244917616 108
1634667706989 0.859589249732531 109
1634667776661 0.8584780696612245 110
1634667846184 0.86580078334859 111
1634667915787 0.8674158142463717 112
1634667985947 0.8699114454755469 113
1634668055109 0.8723218528929195 114
1634668124722 0.8711782727732662 115
1634668194364 0.8740438442363218 116
1634668264065 0.8763294908393863 117
1634668333912 0.8749570393326214 118
1634668403208 0.8787043472011564 119
1634668475321 0.8782070851577876 120
1634668545072 0.8794907842722225 121
1634668614923 0.8791577395657779 122
1634668685311 0.8826446726897097 123
1634668754792 0.8813065091329396 124
1634668824552 0.8820824462050066 125
1634668894344 0.8807782825227566 126
1634668963739 0.8833800532363303 127
1634669033918 0.8806511001733031 128
1634669103583 0.8806885295847442 129
1634669173149 0.8781013901296166 130
1634669242678 0.8777838671736581 131
1634669312024 0.8798710140482392 132
1634669382296 0.8786568029388877 133
1634669451925 0.8802098680317193 134
1634669521755 0.8782729801838337 135
1634669591339 0.8795981547997039 136
1634669660597 0.8790386675062368 137
1634669730517 0.8749626390997011 138
1634669800106 0.8762702977335524 139
1634669871919 0.8765297717078236 140
1634669941699 0.8759179860808506 141
1634670011398 0.8745025419283906 142
1634670081796 0.8737745352477382 143
1634670151426 0.87221569237214 144
1634670221004 0.8714277752617985 145
1634670290853 0.869612007158525 146
1634670360722 0.8718069461813523 147
1634670431094 0.8694068159497438 148
1634670500913 0.8694487651252908 149
1634670570823 0.8646414184122211 150
1634670640725 0.8650438146913404 151
1634670710526 0.8685922719686254 152
1634670780493 0.8631219748501321 153
1634670849986 0.8659528546383823 154
1634670919926 0.8654723841341967 155
1634670989797 0.8644972507582993 156
1634671059759 0.8585787537665494 157
1634671129913 0.8623596757329607 158
1634671199680 0.8618564743503755 159
1634671271545 0.85982434505169 160
1634671341396 0.8628219008255644 161
1634671411284 0.8639645848682982 162
1634671481704 0.8639867389037074 163
1634671551285 0.8636272180822159 164
1634671621455 0.8668979895740883 165
1634671691119 0.8558284116776205 166
1634671761273 0.8586902761989911 167
1634671831812 0.8583382457609368 168
1634671901762 0.860144272292155 169
1634671971413 0.8578241511899093 170
1634672041066 0.857625853091317 171
1634672110630 0.863009721329035 172
1634672180685 0.8661655902935654 173
1634672250419 0.8619999531788586 174
1634672320472 0.8559340130873525 175
1634672390456 0.8591199392998808 176
1634672460256 0.8627521253137097 177
1634672530371 0.8626755981763581 178
1634672600229 0.8612662419604775 179
1634672672279 0.8655169192443172 180
1634672742019 0.8658829094259015 181
1634672811929 0.8680755894183538 182
1634672882453 0.8642893618190801 183
1634672952563 0.8646442689468037 184
1634673022674 0.8633396897909695 185
