1634660067308 0.8972106515296433 1
1634660137497 0.894770273647072 2
1634660208504 0.8910680578917084 3
1634660281168 0.8824788463551969 4
1634660350947 0.8793025966476029 5
1634660420461 0.8744187006930078 6
1634660489079 0.8678410323643942 7
1634660559144 0.8611832427489804 8
1634660630919 0.8539634195054552 9
1634660700386 0.844232624598579 10
1634660769847 0.8386374967508848 11
1634660841271 0.8365083097589531 12
1634660911881 0.8326460151736328 13
1634660982492 0.8243778754902038 14
1634661051501 0.8174222671697098 15
1634661120526 0.806628256727346 16
1634661189291 0.7949588466429184 17
1634661261717 0.7923007734406405 18
1634661336160 0.7866167378165084 19
1634661413745 0.7781487992566812 20
1634661483504 0.7790591545678598 21
1634661553202 0.7690423396254267 22
1634661622968 0.7740320200846899 23
1634661692336 0.7714658565626477 24
1634661762649 0.764741211397656 25
1634661834141 0.7629923243743835 26
1634661904705 0.756537688887219 27
1634661975699 0.7558610003810238 28
1634662045615 0.75213525210563 29
1634662115112 0.7505095081902127 30
1634662185987 0.7370029322149763 31
1634662256068 0.7254439493756079 32
1634662327437 0.6895811033291799 33
1634662396703 0.6922876224070965 34
1634662466016 0.6687494113829472 35
1634662536232 0.6621382403006809 36
1634662605725 0.6617020107785143 37
1634662676396 0.6396865073780063 38
1634662746391 0.6399426445215238 39
1634662818295 0.6404121605961686 40
1634662889497 0.6234076855595947 41
1634662962446 0.6357762922171556 42
1634663035239 0.6200559446801557 43
1634663107886 0.6188499861054536 44
1634663181027 0.618039272268132 45
1634663253314 0.6166084695825257 46
1634663325499 0.593046684494106 47
1634663398723 0.6094776626454325 48
1634663474055 0.600836956827793 49
1634663546220 0.6026304087895356 50
1634663621366 0.6145775235615051 51
1634663691321 0.6014375426567617 52
1634663761880 0.6054877194016253 53
1634663832303 0.6077504244199756 54
1634663902003 0.616799205673636 55
1634663972827 0.6078257780283062 56
1634664044594 0.6285295990052927 57
1634664117759 0.6222471163156861 58
1634664192413 0.6335475469707285 59
1634664269165 0.6295856986030889 60
1634664345419 0.6426836160995901 61
1634664421320 0.6510951320931597 62
1634664497004 0.6602712095540341 63
1634664569979 0.6616704717981478 64
1634664641536 0.6783739828452863 65
1634664710611 0.6866015572462182 66
1634664779513 0.6998023532758375 67
1634664849336 0.7102553692327243 68
1634664918577 0.719501273924176 69
1634664988215 0.7339260327119574 70
1634665057512 0.7493982335951829 71
1634665126889 0.7546603335142117 72
1634665196751 0.7653776914142716 73
1634665265868 0.7747966244439844 74
1634665335553 0.7809367237219395 75
1634665404857 0.7828253916592337 76
1634665474147 0.7966277516229545 77
1634665544002 0.8004470799628045 78
1634665613227 0.8108698118725809 79
1634665687872 0.8194447976063165 80
1634665757883 0.828071944972434 81
1634665827187 0.8359874344607325 82
1634665897195 0.8406671268729863 83
1634665966661 0.8480798808129473 84
1634666036357 0.8506958451833885 85
1634666105722 0.8549405380619742 86
1634666174885 0.8594461462792222 87
1634666244748 0.8628781874816644 88
1634666314272 0.8649050644518834 89
1634666383776 0.8640446586231795 90
1634666453139 0.8679388391767853 91
1634666522483 0.8707792742946435 92
1634666592427 0.8730146594800062 93
1634666661700 0.8753630263066872 94
1634666731297 0.8780274512654946 95
1634666800849 0.8784513805525013 96
1634666870020 0.8799507655337178 97
1634666940296 0.8812823810793898 98
1634667009487 0.8837258781657803 99
1634667080986 0.8849685056472799 100
1634667150298 0.885771480371547 101
1634667219949 0.884560916172619 102
1634667289955 0.8872800694338365 103
1634667359281 0.8866512129619304 104
1634667428774 0.8871892541428575 105
1634667498146 0.8877310123700421 106
1634667567513 0.8866086451821928 107
1634667637344 0.8870567729090115 108
1634667706993 0.888874256164745 109
1634667776665 0.887993741763527 110
1634667846188 0.8894628855277308 111
1634667915791 0.8887770929236766 112
1634667985952 0.8881582544863708 113
1634668055112 0.8877090738728382 114
1634668124725 0.8864659649975664 115
1634668194367 0.8858094227709414 116
1634668264069 0.8857597213500782 117
1634668333916 0.8841521897769646 118
1634668403212 0.8839855557952855 119
1634668475324 0.8844655761295964 120
1634668545075 0.8828362310330299 121
1634668614927 0.882597924616687 122
1634668685315 0.8829337673440943 123
1634668754796 0.8821779039220478 124
1634668824556 0.8813905627822416 125
1634668894348 0.8790536208971506 126
1634668963743 0.8797153870820179 127
1634669033922 0.8791717910782899 128
1634669103587 0.8783980423495186 129
1634669173153 0.8795590507706547 130
1634669242682 0.8777648891550923 131
1634669312027 0.8777968660533506 132
1634669382299 0.8766639761069012 133
1634669451929 0.8778039501867909 134
1634669521759 0.8765574787073831 135
1634669591342 0.8755818964696048 136
1634669660600 0.8756784838731219 137
1634669730521 0.8762249039375716 138
1634669800110 0.8752187164337153 139
1634669871923 0.8745098912947036 140
1634669941703 0.8737873651030594 141
1634670011402 0.8751233002465288 142
1634670081799 0.8743034530791498 143
1634670151430 0.8735096927307737 144
1634670221007 0.8729886349431024 145
1634670290857 0.8722123836524227 146
1634670360726 0.8725336221057616 147
1634670431098 0.8721670525683746 148
1634670500917 0.8713003408114113 149
1634670570827 0.8724417313760842 150
1634670640728 0.8707154370260031 151
1634670710530 0.8720589709281438 152
1634670780497 0.8723628548524097 153
1634670849990 0.8732964072744892 154
1634670919929 0.872595699044494 155
1634670989801 0.870537942519644 156
1634671059763 0.8702963552763291 157
1634671129916 0.8692731999805632 158
1634671199684 0.8695624686003944 159
1634671271549 0.8673289763276242 160
1634671341400 0.8683891507134763 161
1634671411288 0.8689033325780874 162
1634671481708 0.8696644993334465 163
1634671551289 0.8694800093047871 164
1634671621458 0.8708717244734098 165
1634671691122 0.868217218646403 166
1634671761276 0.8677475431671192 167
1634671831816 0.8671632020869899 168
1634671901766 0.8671301003251922 169
1634671971417 0.8669946465116197 170
1634672041069 0.8653194702997016 171
1634672110634 0.8647560054190495 172
1634672180688 0.8687504550260137 173
1634672250423 0.8649163808510981 174
1634672320476 0.8625809412619561 175
1634672390459 0.8634837499200472 176
1634672460260 0.8619791569495289 177
1634672530374 0.8627137252505644 178
1634672600233 0.8601261157445917 179
1634672672282 0.8617018440817329 180
1634672742023 0.8594361233674159 181
1634672811933 0.8615056498344916 182
1634672882457 0.8600275555133993 183
1634672952567 0.858986437830281 184
1634673022678 0.855934680579083 185
