1634660067305 0.9071965725035165 1
1634660137494 0.9170773221700901 2
1634660208501 0.9276518448936031 3
1634660281165 0.9368232156658339 4
1634660350944 0.9398636497575591 5
1634660420458 0.9452788482070289 6
1634660489076 0.9503202625753042 7
1634660559141 0.9539380458843801 8
1634660630916 0.9561821958060392 9
1634660700383 0.9595914213313602 10
1634660769843 0.9619702493249559 11
1634660841268 0.9622036965463246 12
1634660911878 0.9632622665869255 13
1634660982489 0.965051066685198 14
1634661051498 0.9662602967472832 15
1634661120523 0.9701870007755318 16
1634661189288 0.9705978587920516 17
1634661261714 0.9718731509483456 18
1634661336156 0.9727125133634089 19
1634661413742 0.9739642365118071 20
1634661483501 0.9732430886619516 21
1634661553199 0.9766462880036063 22
1634661622965 0.9755557075943517 23
1634661692333 0.9745190779592627 24
1634661762646 0.9755409282527855 25
1634661834137 0.9752860269989085 26
1634661904702 0.9753710990057921 27
1634661975696 0.970669401642514 28
1634662045612 0.9660246545701244 29
1634662115109 0.9547861521679946 30
1634662185984 0.9436841245155846 31
1634662256064 0.9122264554465154 32
1634662327433 0.8549720120427239 33
1634662396700 0.8526787531693353 34
1634662466013 0.8111759452407864 35
1634662536229 0.7929660460167196 36
1634662605722 0.7769690251808649 37
1634662676393 0.7528211142322142 38
1634662746388 0.7526558661685795 39
1634662818291 0.7354841490992163 40
1634662889494 0.7167682324735384 41
1634662962443 0.7183660450735572 42
1634663035235 0.7059115287974599 43
1634663107883 0.6987382911574888 44
1634663181024 0.6984424857423894 45
1634663253311 0.6620666299436283 46
1634663325496 0.6446837136551835 47
1634663398719 0.6694226747027474 48
1634663474051 0.6585904437039062 49
1634663546216 0.651133545557102 50
1634663621363 0.6718922299794423 51
1634663691318 0.6438474947564561 52
1634663761877 0.6462802072856988 53
1634663832300 0.6414147535754195 54
1634663901999 0.6595923446600555 55
1634663972824 0.6389068364293693 56
1634664044591 0.6703502928884643 57
1634664117756 0.6527637597346481 58
1634664192410 0.6720778473495121 59
1634664269162 0.6664953842952026 60
1634664345416 0.6789656162058472 61
1634664421316 0.6894931024508176 62
1634664497000 0.6952528612851835 63
1634664569976 0.706931056937172 64
1634664641532 0.7128013889939868 65
1634664710608 0.7274859206551312 66
1634664779510 0.7461420147486522 67
1634664849332 0.7570056306784737 68
1634664918574 0.7652873333298527 69
1634664988211 0.8059684556106224 70
1634665057509 0.8153983401321302 71
1634665126886 0.8265342387193183 72
1634665196748 0.8342508649693308 73
1634665265865 0.8565800363610633 74
1634665335550 0.8596584465031616 75
1634665404854 0.8707777708817975 76
1634665474143 0.8742892824977401 77
1634665543999 0.8864312971306194 78
1634665613224 0.8937697991858152 79
1634665687869 0.9109776395681948 80
1634665757880 0.9162811924350103 81
1634665827183 0.9321232899071583 82
1634665897192 0.9434691537865367 83
1634665966658 0.9424868575298977 84
1634666036354 0.9455401125174336 85
1634666105719 0.9429471494284991 86
1634666174882 0.9411204806359822 87
1634666244744 0.9368475676890705 88
1634666314269 0.9355624827154595 89
1634666383773 0.9354265217595173 90
1634666453135 0.9312269029206293 91
1634666522480 0.927559231989176 92
1634666592424 0.9255563971872064 93
1634666661696 0.9239945588861453 94
1634666731293 0.9177818023429425 95
1634666800846 0.9177808313557696 96
1634666870017 0.9167236940961863 97
1634666940293 0.9104144289193462 98
1634667009484 0.9063879291908329 99
1634667080982 0.9029915687552577 100
1634667150295 0.8988362808768084 101
1634667219946 0.8948774463743393 102
1634667289952 0.8898683787828997 103
1634667359278 0.8855576006914526 104
1634667428771 0.8862274187745582 105
1634667498143 0.8794646563924795 106
1634667567510 0.8733366290973155 107
1634667637341 0.8739222846939295 108
1634667706990 0.8749388188365868 109
1634667776662 0.8738290166487036 110
1634667846185 0.8682751556439402 111
1634667915788 0.864655547559001 112
1634667985948 0.86000111565157 113
1634668055109 0.8559705161929954 114
1634668124722 0.8546450607514257 115
1634668194364 0.8493175326425138 116
1634668264065 0.8467507073600063 117
1634668333913 0.8444896015469726 118
1634668403209 0.8399820859121047 119
1634668475321 0.8418010375144865 120
1634668545072 0.8358281490251918 121
1634668614924 0.8357331405237575 122
1634668685312 0.8319326110604476 123
1634668754793 0.8320984513753396 124
1634668824553 0.8291958802418102 125
1634668894345 0.8261463951371689 126
1634668963740 0.8238957415283575 127
1634669033919 0.8269385848378781 128
1634669103584 0.8249524945632453 129
1634669173150 0.8303928610380595 130
1634669242679 0.8275063680583453 131
1634669312024 0.8248090769417599 132
1634669382296 0.8241625770141304 133
1634669451925 0.8249742970161914 134
1634669521756 0.8243370420461389 135
1634669591339 0.8211180787230302 136
1634669660597 0.8221881448458277 137
1634669730518 0.8275694926856838 138
1634669800107 0.8246308089937361 139
1634669871920 0.8234077789100565 140
1634669941700 0.8220973400932582 141
1634670011399 0.8269236750381218 142
1634670081796 0.8258688782688981 143
1634670151427 0.8260884752406961 144
1634670221004 0.825902790626822 145
1634670290854 0.8269160580256556 146
1634670360723 0.824628541650026 147
1634670431095 0.8271580093847405 148
1634670500914 0.8250842286471002 149
1634670570823 0.8338085324391115 150
1634670640725 0.8299560260812765 151
1634670710527 0.8285984443422254 152
1634670780494 0.8359691163362267 153
1634670849987 0.8350470098080635 154
1634670919926 0.8335500161424113 155
1634670989798 0.830655399759211 156
1634671059760 0.8368687395476577 157
1634671129913 0.8304023413982273 158
1634671199680 0.8315079025055622 159
1634671271545 0.8289146620117935 160
1634671341397 0.8276926232581013 161
1634671411285 0.8274738214637523 162
1634671481705 0.8294060371681212 163
1634671551286 0.8293210483403779 164
1634671621455 0.828947655063168 165
1634671691119 0.8361198550530888 166
1634671761273 0.8311769559962201 167
1634671831813 0.8307942835433092 168
1634671901763 0.8290256111412228 169
1634671971414 0.8305294335533709 170
1634672041066 0.8275692864528097 171
1634672110631 0.8198527544901277 172
1634672180685 0.8250930558144535 173
1634672250420 0.8209932552217422 174
1634672320473 0.8230070124893056 175
1634672390456 0.8214286512529246 176
1634672460256 0.8140497131600235 177
1634672530371 0.815276511179852 178
1634672600230 0.811768412062785 179
1634672672279 0.8090277737053262 180
1634672742020 0.803602447406989 181
1634672811930 0.8066529766946937 182
1634672882454 0.8077353160271339 183
1634672952564 0.8040155396937329 184
1634673022675 0.7987168082654589 185
