1634660067308 0.9368574311838891 1
1634660137496 0.939128217278904 2
1634660208504 0.9408016199204896 3
1634660281168 0.9405504875527976 4
1634660350947 0.939831375892722 5
1634660420461 0.9398759686519739 6
1634660489078 0.9385226242319388 7
1634660559144 0.9368638652585837 8
1634660630918 0.9347308597446345 9
1634660700386 0.9303009373977149 10
1634660769846 0.9296178889748759 11
1634660841270 0.9287883802048634 12
1634660911880 0.9277524913027554 13
1634660982491 0.9246223446687942 14
1634661051500 0.9220367972496407 15
1634661120526 0.9180740520342083 16
1634661189290 0.9125937753654131 17
1634661261716 0.9117490410177643 18
1634661336159 0.9093844387446842 19
1634661413744 0.9050311613454406 20
1634661483504 0.9063718442837941 21
1634661553201 0.901447077591857 22
1634661622967 0.9058181885594068 23
1634661692335 0.9045527189395044 24
1634661762648 0.8999915813493885 25
1634661834140 0.8987461961107531 26
1634661904705 0.8946072994850148 27
1634661975698 0.8942370398019388 28
1634662045615 0.8918783173531564 29
1634662115111 0.8885948005789936 30
1634662185987 0.8765604810332946 31
1634662256067 0.8623752681043176 32
1634662327436 0.8255969198856025 33
1634662396702 0.8271792324898263 34
1634662466016 0.8030705108861393 35
1634662536232 0.7968687730243719 36
1634662605724 0.7952644353582743 37
1634662676395 0.7754108429305673 38
1634662746390 0.7761145198794117 39
1634662818294 0.7755050030148195 40
1634662889496 0.7609384259000245 41
1634662962446 0.7709530307688247 42
1634663035238 0.7584137857042608 43
1634663107886 0.7568736967701978 44
1634663181026 0.7561836155517707 45
1634663253314 0.7528672941876036 46
1634663325498 0.7337332744239301 47
1634663398722 0.7477017590839476 48
1634663474054 0.740407782305725 49
1634663546219 0.7409269870909481 50
1634663621365 0.7511007017133094 51
1634663691321 0.7391350355026712 52
1634663761879 0.742096517701577 53
1634663832303 0.7430651823137179 54
1634663902002 0.7519404358880784 55
1634663972826 0.7433491091227838 56
1634664044594 0.7612807254524904 57
1634664117758 0.7556084273450034 58
1634664192412 0.7648798535098656 59
1634664269165 0.762060618998246 60
1634664345419 0.7722606351845596 61
1634664421320 0.7786866105744196 62
1634664497003 0.7846540010916786 63
1634664569978 0.7876233097595987 64
1634664641535 0.7983586000978237 65
1634664710611 0.8063794164097231 66
1634664779513 0.8172194712688936 67
1634664849335 0.8249831302596938 68
1634664918577 0.8317480724510108 69
1634664988214 0.8493002969335294 70
1634665057511 0.8598928387976139 71
1634665126888 0.8656337112341075 72
1634665196750 0.8726073526175449 73
1634665265868 0.883547652098153 74
1634665335553 0.8879019372895243 75
1634665404856 0.8915097898131986 76
1634665474146 0.8993199794966986 77
1634665544002 0.9049800738880495 78
1634665613227 0.9118933781962426 79
1634665687871 0.9212428529534767 80
1634665757883 0.9268604831696181 81
1634665827186 0.9358516000179304 82
1634665897195 0.941983634276899 83
1634665966661 0.9446439570814594 84
1634666036357 0.9464573372763581 85
1634666105722 0.9470891457482301 86
1634666174885 0.9480758898529413 87
1634666244747 0.9477717410366111 88
1634666314271 0.9477791490851175 89
1634666383776 0.947697310658511 90
1634666453138 0.94725156611865 91
1634666522483 0.9466886498030809 92
1634666592427 0.9461748951150092 93
1634666661699 0.9459336378818203 94
1634666731296 0.9444788556508061 95
1634666800848 0.9448814295350871 96
1634666870019 0.944764093476708 97
1634666940295 0.9428428191196937 98
1634667009487 0.9415509547341536 99
1634667080985 0.9405496278187132 100
1634667150297 0.9391083873465967 101
1634667219949 0.9375096999760043 102
1634667289955 0.9359922845990861 103
1634667359280 0.9340640078333723 104
1634667428774 0.9344977299251518 105
1634667498146 0.9319077105039603 106
1634667567512 0.9288790252746124 107
1634667637343 0.9294932070837234 108
1634667706992 0.92998562065922 109
1634667776664 0.9295441326050491 110
1634667846187 0.9274221265852094 111
1634667915790 0.9257743967751476 112
1634667985951 0.9237256157733859 113
1634668055112 0.9219102115637532 114
1634668124725 0.9211630482790896 115
1634668194367 0.9188672361165666 116
1634668264068 0.9176764522079062 117
1634668333915 0.916402743178458 118
1634668403211 0.9144148979830277 119
1634668475324 0.9152087065364722 120
1634668545075 0.9124954726832459 121
1634668614927 0.9123258989998969 122
1634668685314 0.910749847467294 123
1634668754795 0.9106726048196521 124
1634668824556 0.9093000271404208 125
1634668894348 0.9075365880888941 126
1634668963742 0.906700381574433 127
1634669033921 0.907839923347207 128
1634669103587 0.9067320041580902 129
1634669173152 0.9091894228859405 130
1634669242681 0.9075935401596098 131
1634669312027 0.9064837466424639 132
1634669382299 0.9059721171488698 133
1634669451928 0.9065350904847906 134
1634669521759 0.9059372932661753 135
1634669591342 0.9044563451244706 136
1634669660600 0.904807245881464 137
1634669730520 0.9072672838037752 138
1634669800109 0.9056897801003734 139
1634669871922 0.905030747388979 140
1634669941702 0.9043003905954602 141
1634670011402 0.9063721057853766 142
1634670081799 0.9059921840450094 143
1634670151429 0.9057908055629232 144
1634670221007 0.9056347475851618 145
1634670290856 0.9057772922792836 146
1634670360726 0.9049728849757558 147
1634670431097 0.9058169236114378 148
1634670500917 0.9048367144237329 149
1634670570826 0.9084671375181594 150
1634670640728 0.9064497519107584 151
1634670710529 0.9061679555288541 152
1634670780496 0.9091366683931892 153
1634670849990 0.9088121134139422 154
1634670919929 0.9083478565876486 155
1634670989800 0.9066458848412791 156
1634671059762 0.9091324331567017 157
1634671129916 0.90639122299003 158
1634671199683 0.906865897523836 159
1634671271548 0.9056300455029451 160
1634671341399 0.905166868841842 161
1634671411287 0.9050676642406381 162
1634671481707 0.9061562432762734 163
1634671551288 0.9060297979435802 164
1634671621458 0.9059823531248017 165
1634671691122 0.9085378975698873 166
1634671761276 0.9066404600835419 167
1634671831816 0.9062852037189342 168
1634671901765 0.9054098799072137 169
1634671971416 0.9063249872417548 170
1634672041069 0.9046491925226181 171
1634672110634 0.9014692255266769 172
1634672180688 0.9041003715337979 173
1634672250423 0.9021853097137966 174
1634672320475 0.9026353869261005 175
1634672390459 0.902119716075424 176
1634672460259 0.8988340097334426 177
1634672530374 0.899468227457692 178
1634672600232 0.8976037750538197 179
1634672672282 0.8964728183530346 180
1634672742023 0.8941333355485466 181
1634672811932 0.8954607978911622 182
1634672882456 0.8958698667830651 183
1634672952567 0.894170658930544 184
1634673022677 0.8917040830897798 185
