1634660067306 0.9673143534382806 1
1634660137494 0.9624311544951003 2
1634660208501 0.9553023567988257 3
1634660281165 0.9459688215006976 4
1634660350945 0.9417091150427152 5
1634660420459 0.9363588189670097 6
1634660489076 0.9290786282456124 7
1634660559142 0.9223910584465196 8
1634660630916 0.9159276289720265 9
1634660700383 0.9044210986812826 10
1634660769844 0.9007248293889277 11
1634660841268 0.8991220645973576 12
1634660911878 0.8964470297574666 13
1634660982489 0.8886426663979623 14
1634661051498 0.8828047152663023 15
1634661120523 0.8712292748069129 16
1634661189288 0.8605681154193089 17
1634661261714 0.8577853673520519 18
1634661336157 0.8525129036065767 19
1634661413742 0.8430398634580539 20
1634661483502 0.846469556511603 21
1634661553199 0.8336997836344054 22
1634661622965 0.8431085401632739 23
1634661692333 0.8417991061788339 24
1634661762646 0.8320107982505369 25
1634661834138 0.8299709767459699 26
1634661904703 0.8219566790797529 27
1634661975696 0.8257099141915445 28
1634662045612 0.8256784128826626 29
1634662115109 0.8300970773934857 30
1634662185984 0.8174083825656441 31
1634662256065 0.8206929674913247 32
1634662327434 0.8043851389713876 33
1634662396700 0.8102500088457719 34
1634662466014 0.8032874233994404 35
1634662536230 0.8088081284445168 36
1634662605722 0.8215962359335648 37
1634662676393 0.8063930001190683 38
1634662746388 0.807969317794448 39
1634662818292 0.8226572587099091 40
1634662889494 0.8129396795122393 41
1634662962444 0.8312010874076262 42
1634663035236 0.8187193686185015 43
1634663107883 0.8229710212046705 44
1634663181024 0.8218398075155974 45
1634663253311 0.8504306762673736 46
1634663325496 0.8301831039124389 47
1634663398720 0.833166157791515 48
1634663474052 0.8295926887602203 49
1634663546217 0.8374446980963668 50
1634663621363 0.8372733231320546 51
1634663691319 0.8409567651223029 52
1634663761877 0.8445957984615167 53
1634663832300 0.8508315916960373 54
1634663902000 0.8505921281796204 55
1634663972824 0.8536399372378977 56
1634664044592 0.8580410260397465 57
1634664117756 0.8640219509665313 58
1634664192410 0.8632167615729325 59
1634664269163 0.8630238247780166 60
1634664345416 0.8707493554903738 61
1634664421317 0.8728032233556503 62
1634664497001 0.8786700760173232 63
1634664569976 0.8728563834834399 64
1634664641533 0.8880298528572095 65
1634664710609 0.8891930067517433 66
1634664779511 0.8919808597244475 67
1634664849333 0.8964060542274228 68
1634664918575 0.9013986615045553 69
1634664988212 0.8957906673990322 70
1634665057509 0.907291313951938 71
1634665126886 0.907647995445089 72
1634665196748 0.9134702566586922 73
1634665265866 0.9132020810921242 74
1634665335551 0.9183809019691731 75
1634665404854 0.9144742526708077 76
1634665474144 0.9263157661897338 77
1634665544000 0.9252595662965108 78
1634665613225 0.9316125701708643 79
1634665687869 0.9328794139574552 80
1634665757881 0.9386173885883679 81
1634665827184 0.9406928995049542 82
1634665897192 0.9414663436601566 83
1634665966659 0.9475966958552168 84
1634666036355 0.9480590796018337 85
1634666105720 0.9518167683912553 86
1634666174883 0.9554490561523568 87
1634666244745 0.9590023763431291 88
1634666314269 0.9602722218632436 89
1634666383774 0.9600499012289101 90
1634666453136 0.9632845456848368 91
1634666522481 0.9657758008393873 92
1634666592424 0.9667495350713884 93
1634666661697 0.9678058845447637 94
1634666731294 0.9711281257173787 95
1634666800846 0.9717685295128246 96
1634666870017 0.9725637754163043 97
1634666940293 0.9749899188358881 98
1634667009485 0.976327469680752 99
1634667080983 0.9778849164286649 100
1634667150295 0.9789774793039688 101
1634667219947 0.9797524809669677 102
1634667289953 0.9818422846347061 103
1634667359278 0.9821792236691919 104
1634667428772 0.9822946484254381 105
1634667498144 0.9839321781093756 106
1634667567510 0.9839668532541179 107
1634667637341 0.9845368381356024 108
1634667706990 0.9845711220089721 109
1634667776662 0.9847456859795255 110
1634667846185 0.9861235700258101 111
1634667915788 0.9864130546846479 112
1634667985949 0.9869777171659226 113
1634668055110 0.9873519294315192 114
1634668124723 0.9871775795715951 115
1634668194365 0.9878792235921265 116
1634668264066 0.9880963864466055 117
1634668333913 0.9877539987216741 118
1634668403209 0.9883551013653351 119
1634668475322 0.9881381255013525 120
1634668545073 0.9886391456289614 121
1634668614925 0.9884012177340822 122
1634668685312 0.9890628227329742 123
1634668754793 0.9887380245432236 124
1634668824554 0.9889154395313934 125
1634668894346 0.9884164290754774 126
1634668963740 0.9889651712187253 127
1634669033919 0.9882619755783144 128
1634669103585 0.9879931810818549 129
1634669173150 0.9873807239904401 130
1634669242679 0.9871393202302008 131
1634669312025 0.9876249309061679 132
1634669382297 0.98720299842369 133
1634669451926 0.9876284933574758 134
1634669521756 0.9869781463400981 135
1634669591340 0.9874437547708073 136
1634669660598 0.9869409378193871 137
1634669730518 0.9864646520263525 138
1634669800107 0.9862512189627116 139
1634669871920 0.9863585749388016 140
1634669941700 0.9860745295953216 141
1634670011400 0.985318963436236 142
1634670081797 0.985662421463419 143
1634670151427 0.984975848402577 144
1634670221005 0.9848031220943294 145
1634670290854 0.9840181902647315 146
1634670360723 0.9847612270401207 147
1634670431095 0.9837527121466885 148
1634670500915 0.9838658535220133 149
1634670570824 0.9824213676207649 150
1634670640726 0.9822306612201781 151
1634670710527 0.9831340998823412 152
1634670780494 0.9816129705689349 153
1634670849987 0.9819793764712467 154
1634670919927 0.9825399816621432 155
1634670989799 0.9820036845951682 156
1634671059760 0.9806456968053641 157
1634671129914 0.9817028185139769 158
1634671199681 0.9815508550745853 159
1634671271546 0.9816105775720345 160
1634671341397 0.9819751403328171 161
1634671411285 0.9821013968064585 162
1634671481705 0.9824032154876479 163
1634671551286 0.9821523823239756 164
1634671621456 0.9826359074832004 165
1634671691120 0.9803159757243375 166
1634671761274 0.9815177316803787 167
1634671831814 0.9812581205389509 168
1634671901763 0.9814242547156674 169
1634671971414 0.9816670834115225 170
1634672041067 0.9811816704306515 171
1634672110631 0.9827691109734161 172
1634672180686 0.9828328081818474 173
1634672250420 0.9830048030673519 174
1634672320473 0.9818038544456477 175
1634672390457 0.9824859024353972 176
1634672460257 0.9833881696783026 177
1634672530372 0.9833079866815654 178
1634672600230 0.9831494299315853 179
1634672672280 0.9836302971883256 180
1634672742020 0.9843438776105479 181
1634672811930 0.9840312355327318 182
1634672882454 0.9836364918130504 183
1634672952564 0.9839415041961518 184
1634673022675 0.9843685746503552 185
