1634660064179 -0.13690039476790986 0
1634660134784 -0.12947245542105143 0
1634660205527 -0.14209451381262247 0
1634660278386 -0.12653846477533315 0
1634660348125 -0.1404167189226522 0
1634660417683 -0.13131603405073092 0
1634660486339 -0.13036146798691192 0
1634660556375 -0.1366822820205193 0
1634660628170 -0.12881452464438103 0
1634660697618 -0.13923324470396164 0
1634660767077 -0.12888861244375055 0
1634660838492 -0.12543489716269754 0
1634660909119 -0.1356476452443507 0
1634660979678 -0.12648373532604862 0
1634661048754 -0.1376086605059636 0
1634661117738 -0.1254007282195153 0
1634661186539 -0.1237728518325013 0
1634661258746 -0.1283108816518412 0
1634661333144 -0.11914646238475651 0
1634661408865 -0.12409735809672963 0
1634661480714 -0.11504879942188015 0
1634661550414 -0.11601228528208547 0
1634661620174 -0.12171395026244126 0
1634661689539 -0.10923988401115715 0
1634661759812 -0.11772917307816542 0
1634661831218 -0.10814408590267231 0
1634661901854 -0.1057492092058256 0
1634661972851 -0.10840042341839183 0
1634662042774 -0.10037237212255404 0
1634662112279 -0.10664522957492184 0
1634662183197 -0.09727350844965353 0
1634662253227 -0.09265024089193963 0
1634662324625 -0.09772242354108142 0
1634662393929 -0.08850373114858355 0
1634662463152 -0.0918632091639878 0
1634662533491 -0.08354356846252045 0
1634662602946 -0.08082327053144381 0
1634662673547 -0.08339315343212772 0
1634662743558 -0.07421945983713324 0
1634662813368 -0.07543409296444484 0
1634662886570 -0.06965474145753044 0
1634662959545 -0.0682825395813236 0
1634663032277 -0.06954129988496954 0
1634663105053 -0.06292784291428405 0
1634663177994 -0.06297969469776402 0
1634663250512 -0.05801194016035501 0
1634663322459 -0.05602507409337279 0
1634663395767 -0.05620953014918736 0
1634663471041 -0.050535558299584823 0
1634663543346 -0.05138748903553207 0
1634663618344 -0.04775368741580418 0
1634663688442 -0.04377696769578116 0
1634663758862 -0.04418843191165429 0
1634663829558 -0.03842466469708975 0
1634663899249 -0.03715160276208605 0
1634663969839 -0.033647491173310715 0
1634664041712 -0.029820988994914217 0
1634664114918 -0.03133148941900823 0
1634664189520 -0.02702271125533364 0
1634664263868 -0.02648423466976587 0
1634664342372 -0.02199684576941775 0
1634664418265 -0.019400785882751664 0
1634664494064 -0.018810297422981882 0
1634664566950 -0.015575003507849457 0
1634664638737 -0.01466810553298368 0
1634664707818 -0.012227421844160402 0
1634664776722 -0.010863977448119745 0
1634664846530 -0.011063200941720567 0
1634664915767 -0.007667938126372053 0
1634664985304 -0.007050100133403555 0
1634665054699 -0.006092484725953697 0
1634665124088 -0.005841483495065144 0
1634665193866 -0.004737227127052747 0
1634665263066 -0.0048478048706015985 0
1634665332737 -0.0033277518799310767 0
1634665402053 -0.0012278205098269822 0
1634665471330 -0.0019631864164363255 0
1634665541179 -0.0016773492823560516 0
1634665610399 -0.0011678920187926912 0
1634665682390 -0.0006484092491400706 0
1634665755021 7.680287076668306e-05 0
1634665824223 -0.0006944314733921708 0
1634665894265 -0.0013598788819916836 0
1634665963783 0.0014950552616607058 0
1634666033386 -0.0017404462295499716 0
1634666102857 -0.0008519907760155665 0
1634666172010 -0.000447101370951572 0
1634666241870 -0.0018037025780453311 0
1634666311385 -0.0026578696009207084 0
1634666380900 -0.0011902257509819874 0
1634666450252 -0.0006901977656336574 0
1634666519604 0.0008309583917453691 0
1634666589535 -0.0022343603724783116 0
1634666658809 -0.0010387569593338223 0
1634666728417 -0.00030574829063632273 0
1634666797969 -0.0023182428187944674 0
1634666867118 -0.001697450525478109 0
1634666937422 -0.0019599672455292245 0
1634667006597 -0.0015944387981450402 0
1634667075970 -0.001460973560423046 0
1634667147350 -0.003040819223244469 0
1634667217028 -0.0010104305897053185 0
1634667287022 -0.003470943793170638 0
1634667356353 -0.002064113529374847 0
1634667425829 -0.002816408739558288 0
1634667495217 -0.0042406252476495584 0
1634667564490 -0.00607147951936954 0
1634667634406 -0.0030995120790291144 0
1634667704069 -0.004462467639573983 0
1634667773645 -0.0025532368522185782 0
1634667843228 -0.004470746843265249 0
1634667912847 -0.004694495495263632 0
1634667982929 -0.005103689521647893 0
1634668052185 -0.0057015560277096635 0
1634668121800 -0.007779245663966451 0
1634668191223 -0.007466686913719425 0
1634668261114 -0.006505397438712708 0
1634668330981 -0.007107592647435603 0
1634668400257 -0.006827128857567713 0
1634668470138 -0.006874638512827359 0
1634668542099 -0.00861135224340024 0
1634668611771 -0.009740337922975614 0
1634668682308 -0.00932304078543728 0
1634668751808 -0.011422171704954916 0
1634668821560 -0.011734949449053058 0
1634668891370 -0.01115647694942626 0
1634668960759 -0.009794957863239499 0
1634669030947 -0.012016747630648798 0
1634669100602 -0.012002037233346469 0
1634669170162 -0.010135880223922915 0
1634669239715 -0.015185342158203 0
1634669309049 -0.009479969909245317 0
1634669379316 -0.014184169785736443 0
1634669448927 -0.011239161545580084 0
1634669518740 -0.013241624338673307 0
1634669588361 -0.012165980873169837 0
1634669657599 -0.01185302518598445 0
1634669727545 -0.012827517126094212 0
1634669797122 -0.013240211340901139 0
1634669866576 -0.014513902656443707 0
1634669938691 -0.013443365064147231 0
1634670008378 -0.011607327050976939 0
1634670078783 -0.01455771511831841 0
1634670148414 -0.013287288173065558 0
1634670217990 -0.014281400128618463 0
1634670287810 -0.013241819940604173 0
1634670357697 -0.012526169322527848 0
1634670428084 -0.0141245662779003 0
1634670497867 -0.014921673174415315 0
1634670567819 -0.013264970539452194 0
1634670637718 -0.013063112926947605 0
1634670707483 -0.014712083068760958 0
1634670777458 -0.01585436830079401 0
1634670846958 -0.013365810229019686 0
1634670916913 -0.015990083238908222 0
1634670986751 -0.014044417286074007 0
1634671056750 -0.015587013118065797 0
1634671126907 -0.0147368884222074 0
1634671196663 -0.014036186329730145 0
1634671266431 -0.013731345776226613 0
1634671338347 -0.013770358128981157 0
1634671408225 -0.01266549261552947 0
1634671478653 -0.015065747809100461 0
1634671548242 -0.013369104304871001 0
1634671618402 -0.013123188796755555 0
1634671688064 -0.013207418626392043 0
1634671758180 -0.012841425836086273 0
1634671828768 -0.013379251656981258 0
1634671898698 -0.012164313055865177 0
1634671968357 -0.01262468152812549 0
1634672038028 -0.010791764582519407 0
1634672107592 -0.01162086170795676 0
1634672177657 -0.011618252021151704 0
1634672247371 -0.010016447876567965 0
1634672317426 -0.01073978521994182 0
1634672387397 -0.009919562413320914 0
1634672457214 -0.008923628887572846 0
1634672527323 -0.009721044838041454 0
1634672597149 -0.008117988221831136 0
1634672667183 -0.008528282986832903 0
1634672738925 -0.007714520656056218 0
1634672808837 -0.008151414380832151 0
1634672879362 -0.00807426485245104 0
1634672949478 -0.0076361712455362465 0
1634673019580 -0.008511536766762858 0
