1634660064181 16.007786964441273 0
1634660134785 2.8454005617599982 0
1634660205528 1.770561719095552 0
1634660278387 1.2508935274241806 0
1634660348126 1.2582506030410916 0
1634660417684 0.9945523918836148 0
1634660486340 0.9013101880426531 0
1634660556376 1.1010059017639655 0
1634660628171 0.9381129871328155 0
1634660697619 0.9488724460462471 0
1634660767078 0.9630604946574608 0
1634660838493 1.1014563089067286 0
1634660909120 0.9542887879462986 0
1634660979679 0.9309330457797298 0
1634661048755 0.9565590502960342 0
1634661117739 0.9751816082310367 0
1634661186540 1.0006893811287818 0
1634661258747 0.9482627332984627 0
1634661333145 0.9284255362369798 0
1634661408866 1.0248494570131426 0
1634661480715 0.9147106953836107 0
1634661550415 0.9479559407412231 0
1634661620175 0.9006160281888851 0
1634661689540 1.0909682743057803 0
1634661759813 0.7939692264446965 0
1634661831219 0.7969603314995766 0
1634661901855 0.83209558644078 0
1634661972852 0.9586821364891993 0
1634662042775 0.995285802460336 0
1634662112280 0.8062735208636754 0
1634662183198 0.8768968678914107 0
1634662253228 0.728961409105883 0
1634662324626 0.8194331726083508 0
1634662393930 0.869875004539242 0
1634662463153 0.8839217030576297 0
1634662533492 0.9017040793384824 0
1634662602947 0.7146060249054587 0
1634662673548 0.9836945445700125 0
1634662743558 0.8787679408084262 0
1634662813369 0.8757821145382795 0
1634662886571 0.7618029991817938 0
1634662959546 1.053385758603161 0
1634663032278 0.7761468671552547 0
1634663105054 0.8338595191379646 0
1634663177995 0.9165874826540421 0
1634663250513 0.807341049437399 0
1634663322460 0.8444482421792754 0
1634663395768 0.7576121654264726 0
1634663471042 0.7191497176982365 0
1634663543347 0.7237131122693226 0
1634663618345 0.6968562606383454 0
1634663688443 0.6193080729647696 0
1634663758863 0.713063129145265 0
1634663829559 0.8486936262917596 0
1634663899250 0.7794465027362495 0
1634663969840 0.6235926784091181 0
1634664041713 0.704334465702149 0
1634664114919 0.7170949145764499 0
1634664189521 0.6280633153079392 0
1634664263869 0.6890865446237678 0
1634664342373 0.713875058215934 0
1634664418266 0.5180123557953479 0
1634664494066 0.4689178126682709 0
1634664566951 0.6646742429342363 0
1634664638738 0.6602745671067145 0
1634664707819 0.661386339610757 0
1634664776723 0.676462977447293 0
1634664846531 0.621182186117807 0
1634664915768 0.5294482177002476 0
1634664985305 0.7490480794728577 0
1634665054700 0.47871706518646956 0
1634665124089 0.6226679570489115 0
1634665193867 0.5047647575182574 0
1634665263067 0.5478107182720264 0
1634665332738 0.5356222683829921 0
1634665402054 0.7371052824347825 0
1634665471331 0.45790396195340466 0
1634665541180 0.6409274395313356 0
1634665610399 0.7259708070619539 0
1634665682391 0.567739764325224 0
1634665755022 0.5364443099295552 0
1634665824224 0.5512556653808464 0
1634665894266 0.5940004413245947 0
1634665963784 0.8053671932936489 0
1634666033387 0.5899436994419469 0
1634666102858 0.7145124356468002 0
1634666172011 0.5203576893727113 0
1634666241871 0.6175679688692673 0
1634666311386 0.7124104580612152 0
1634666380902 0.6020847461730628 0
1634666450253 0.6840552455177168 0
1634666519604 0.537654119386495 0
1634666589536 0.6524949095078877 0
1634666658810 0.5015545550056479 0
1634666728418 0.5094708978234754 0
1634666797970 0.7186526281202769 0
1634666867119 0.5339831365393354 0
1634666937423 0.5176686350643248 0
1634667006598 0.679747921378388 0
1634667075971 0.6467339911244132 0
1634667147351 0.5935383318596846 0
1634667217029 0.5987487464369118 0
1634667287022 0.49573132202222747 0
1634667356355 0.6113146355303077 0
1634667425830 0.5204498052548665 0
1634667495218 0.5426806917341499 0
1634667564491 0.5964102711915583 0
1634667634407 0.5032759877284626 0
1634667704070 0.5211017339115406 0
1634667773646 0.5988283654215274 0
1634667843229 0.5432387923023531 0
1634667912848 0.6484087637879632 0
1634667982930 0.5215277830017852 0
1634668052186 0.562603006550631 0
1634668121801 0.40351274476519655 0
1634668191224 0.6308154702767149 0
1634668261115 0.48163877473539346 0
1634668330982 0.6891293033667198 0
1634668400258 0.41127812668874664 0
1634668470139 0.48780353130264714 0
1634668542100 0.515953546825361 0
1634668611771 0.5062685548751191 0
1634668682309 0.4411429078257703 0
1634668751809 0.5357424902257981 0
1634668821561 0.5990812929903532 0
1634668891371 0.5334106891766771 0
1634668960760 0.6882356966470743 0
1634669030948 0.6599664202855005 0
1634669100603 0.5198071698912166 0
1634669170163 0.5570979293967996 0
1634669239716 0.6417100876085944 0
1634669309050 0.4139563449985021 0
1634669379317 0.44271102150926345 0
1634669448928 0.478715257453067 0
1634669518741 0.4958760514976336 0
1634669588362 0.5463059527630155 0
1634669657600 0.45822046495151597 0
1634669727546 0.6717801978932573 0
1634669797123 0.5523281874885033 0
1634669866577 0.48051295054520105 0
1634669938692 0.3641616978573722 0
1634670008379 0.44499238123270596 0
1634670078784 0.38862428584365877 0
1634670148415 0.5979682274114388 0
1634670217991 0.41154460096127027 0
1634670287811 0.4926226463701044 0
1634670357698 0.4688826894943977 0
1634670428085 0.4090918939705793 0
1634670497868 0.4935659076292793 0
1634670567820 0.6292124379958425 0
1634670637719 0.5040318564838403 0
1634670707483 0.46707848936029067 0
1634670777459 0.4239650543827515 0
1634670846959 0.36201245098241736 0
1634670916914 0.45578569568113075 0
1634670986752 0.574259563167761 0
1634671056751 0.3881296192283754 0
1634671126908 0.30489642038796244 0
1634671196664 0.4304670239617298 0
1634671266432 0.35206959655435827 0
1634671338349 0.3487859389127849 0
1634671408226 0.5045519479393185 0
1634671478654 0.35043374898952323 0
1634671548243 0.4199162372569372 0
1634671618403 0.385207702804889 0
1634671688065 0.3326490433136751 0
1634671758181 0.4043410944861251 0
1634671828769 0.5260229344878878 0
1634671898699 0.6471931110922392 0
1634671968358 0.31106379487878316 0
1634672038029 0.3916209815311935 0
1634672107593 0.3587357085681968 0
1634672177658 0.2709055497468292 0
1634672247372 0.42406998340088825 0
1634672317427 0.34427247232721225 0
1634672387398 0.3468123616699081 0
1634672457215 0.4307145362647323 0
1634672527324 0.32406287150481694 0
1634672597150 0.3976467240166354 0
1634672667184 0.3490851558321579 0
1634672738926 0.38172729838300834 0
1634672808838 0.3110709723036785 0
1634672879363 0.3332733612072158 0
1634672949478 0.3062938265744355 0
1634673019581 0.3499684961899728 0
