1633511320205 0.7942754572088068 1
1633511341074 0.9454345703125 2
1633511362922 0.9419782233960701 3
1633511383802 0.9419211185339725 4
1633511404541 0.9539737123431582 5
1633511425443 0.9535737471147017 6
1633511446563 0.9485136089902936 7
1633511466914 0.9513859604344224 8
1633511487618 0.956096533573035 9
1633511508309 0.9585987437855114 10
1633511529106 0.959290244362571 11
1633511549943 0.9596973765980114 12
1633511571547 0.9617550011837122 13
1633511593056 0.9571949351917614 14
1633511614724 0.9571103182705966 15
1633511635966 0.9518409497810133 16
1633511658178 0.9621325406161222 17
1633511679816 0.9580799449573864 18
1633511701052 0.9572712291370739 19
1633511725673 0.959891348174124 20
1633511746686 0.943886727997751 21
1633511767917 0.9588223081646543 22
1633511788719 0.9601213859789299 23
1633511809081 0.9627126057942709 24
1633511829729 0.9628834579930161 25
1633511850338 0.9614017370975378 26
1633511870910 0.9651373660925663 27
1633511891702 0.9630025227864584 28
1633511912460 0.9592768351236979 29
1633511933696 0.9610332142223011 30
1633511954230 0.9614139903675426 31
1633511974962 0.9622148455995502 32
1633511995692 0.9645720973159327 33
1633512016143 0.9595346161813447 34
1633512036120 0.964192939527107 35
1633512056339 0.9631689823035038 36
1633512076762 0.9622282548384233 37
1633512097276 0.9640440507368608 38
1633512118418 0.9634718461470171 39
1633512141767 0.963309316924124 40
1633512162126 0.964383905584162 41
1633512182882 0.9635039820815577 42
1633512202956 0.964812538840554 43
1633512223660 0.9638470736416903 44
1633512244577 0.964464129823627 45
1633512264625 0.9655241532759233 46
1633512284720 0.9657340772224196 47
1633512304784 0.9636420047644413 48
1633512325038 0.963846611254143 49
1633512345481 0.964517997972893 50
1633512365933 0.9642192956173059 51
1633512386709 0.9652696089311079 52
1633512407130 0.9596289432410038 53
1633512427808 0.964100693211411 54
1633512448747 0.9641330603397253 55
1633512469094 0.9625486894087358 56
1633512489733 0.9642870353929924 57
1633512511332 0.9637451171875 58
1633512531751 0.9643732706705729 59
1633512554931 0.9643131602894176 60
1633512575079 0.9659793738162878 61
1633512596196 0.9652971209901752 62
1633512617144 0.9654686667702415 63
1633512638174 0.9654145674272017 64
1633512658536 0.9639346960819128 65
1633512678857 0.9644592747543798 66
1633512699229 0.964589668042732 67
1633512719424 0.9641776807380446 68
1633512739898 0.9583458177971117 69
1633512760677 0.9618930238665957 70
1633512781395 0.9637268528793798 71
1633512802365 0.9648449059688684 72
1633512822969 0.9649713689630682 73
1633512843464 0.9637839577414773 74
1633512864101 0.9664357503255209 75
1633512885250 0.9661245635061553 76
1633512905780 0.963777715509588 77
1633512926256 0.9641818422259707 78
1633512946955 0.9649709065755209 79
1633512970155 0.9644823941317472 80
1633512991040 0.9644495646158854 81
1633513012166 0.9637120564778646 82
1633513032883 0.9647066520922112 83
1633513053652 0.9647475733901515 84
1633513074303 0.9652927283084753 85
1633513095801 0.9653919104373816 86
1633513117165 0.9653544570460464 87
1633513137936 0.9646444609670928 88
1633513158683 0.966278769753196 89
1633513179238 0.9652573556611033 90
1633513199910 0.9636149550929214 91
1633513220349 0.9649417761600378 92
1633513240954 0.9648419004498106 93
1633513261614 0.9659095532966383 94
1633513282218 0.9631761493104877 95
1633513302874 0.9650472005208334 96
1633513323535 0.9658087528113163 97
1633513344197 0.9661486076586174 98
1633513364598 0.9665689179391572 99
1633513387913 0.9653840498490767 100
1633513408790 0.9643284190784801 101
1633513429604 0.9655921242453835 102
1633513450260 0.9641668146306818 103
1633513470817 0.9637816458037405 104
1633513491602 0.9649803855202415 105
1633513512489 0.9662218960848722 106
1633513533292 0.9643783569335938 107
1633513554231 0.9673665364583334 108
1633513575950 0.9661601673473011 109
1633513596592 0.9660411025538589 110
1633513617388 0.9660401777787642 111
1633513638231 0.9664396806196733 112
1633513659185 0.9629932750355114 113
