1633511320341 0.7942754572088068 1
1633511341348 0.9454345703125 2
1633511363199 0.9419782233960701 3
1633511384052 0.9419211185339725 4
1633511404803 0.9539737123431582 5
1633511487874 0.956096533573035 9
1633511508557 0.9585987437855114 10
1633511529366 0.959290244362571 11
1633511571786 0.9617550011837122 13
1633511658445 0.9621325406161222 17
1633511809401 0.9627126057942709 24
1633511830040 0.9628834579930161 25
1633511850665 0.9614017370975378 26
1633511871223 0.9651373660925663 27
1633512056641 0.9631689823035038 36
1633512162506 0.964383905584162 41
1633512203301 0.964812538840554 43
1633512224015 0.9638470736416903 44
1633512490103 0.9642870353929924 57
1633512575485 0.9659793738162878 61
1633512596630 0.9652971209901752 62
1633512617561 0.9654686667702415 63
1633512864535 0.9664357503255209 75
1633512991554 0.9644495646158854 81
1633513096282 0.9653919104373816 86
1633513554762 0.9673665364583334 108
