1633511320212 0.5147775829007378 1
1633511341078 0.7194790907450128 2
1633511362926 0.7303403374556857 3
1633511383806 0.7401255353042416 4
1633511404545 0.7872322343035392 5
1633511425447 0.7797849573713835 6
1633511446567 0.7672258041421356 7
1633511466918 0.7751547817087496 8
1633511487622 0.7907736467029173 9
1633511508313 0.8044112681371649 10
1633511529110 0.8062926512140335 11
1633511549947 0.8056873765975351 12
1633511571551 0.8089695673682517 13
1633511593060 0.7972555866698153 14
1633511614727 0.7959434690392843 15
1633511635970 0.7822740430950256 16
1633511658182 0.8236052046844563 17
1633511679820 0.80327913655318 18
1633511701055 0.8052335235120677 19
1633511725677 0.8103435730253941 20
1633511746690 0.7821872884952155 21
1633511767921 0.8116523334567158 22
1633511788723 0.8080959663805005 23
1633511809084 0.8285633449971506 24
1633511829732 0.8297110529116991 25
1633511850342 0.8356676208986572 26
1633511870914 0.8406874072974821 27
1633511891705 0.8301401779299686 28
1633511912465 0.8050147582594954 29
1633511933701 0.8283073178045129 30
1633511954233 0.8287654622349164 31
1633511974966 0.822966265691973 32
1633511995696 0.8360315707261582 33
1633512016147 0.8250174745909096 34
1633512036124 0.8401034466901612 35
1633512056343 0.8431541668144201 36
1633512076765 0.8362562816210053 37
1633512097279 0.8411630911216501 38
1633512118422 0.8422602643636633 39
1633512141771 0.8258027888224841 40
1633512162129 0.8450618833787182 41
1633512182885 0.8437736339410579 42
1633512202959 0.8494091388883223 43
1633512223664 0.8524057219427728 44
1633512244581 0.8514487571110186 45
1633512264629 0.846433289328836 46
1633512284724 0.8459835098200194 47
1633512304787 0.8423810108861268 48
1633512325042 0.8480993807032725 49
1633512345485 0.8510524121990145 50
1633512365938 0.8505926451254125 51
1633512386713 0.8479319707646409 52
1633512407133 0.8395414715289864 53
1633512427811 0.8521808484190422 54
1633512448750 0.8456808997355859 55
1633512469097 0.8499459602740256 56
1633512489737 0.8535241286075935 57
1633512511337 0.8491374753743285 58
1633512531755 0.8470530533384296 59
1633512554934 0.8467593950476432 60
1633512575082 0.8539812213735775 61
1633512596200 0.8554350722727202 62
1633512617148 0.8580496771148186 63
1633512638177 0.8539123943506498 64
1633512658540 0.8527994610664699 65
1633512678861 0.8468097760720706 66
1633512699233 0.8555583203379906 67
1633512719427 0.8446517599580605 68
1633512739902 0.8269197415895579 69
1633512760680 0.8378446232583854 70
1633512781399 0.8460714979363132 71
1633512802369 0.8500578797894878 72
1633512822973 0.8531389528463209 73
1633512843468 0.845945199265701 74
1633512864105 0.8587675217778081 75
1633512885253 0.8509621040188684 76
1633512905783 0.849703201432303 77
1633512926259 0.8536905985778086 78
1633512946959 0.8471567333216333 79
1633512970158 0.8557666074896924 80
1633512991044 0.8587851613985699 81
1633513012169 0.8488738091635799 82
1633513032887 0.8540930997837916 83
1633513053656 0.8513051293023239 84
1633513074306 0.8553667899158318 85
1633513095805 0.8587964460379016 86
1633513117169 0.8558771625077608 87
1633513137940 0.855326323452534 88
1633513158687 0.8567763186403271 89
1633513179241 0.8563996466391776 90
1633513199913 0.8464189284241448 91
1633513220353 0.8538614773528416 92
1633513240958 0.849345098027335 93
1633513261618 0.8573408631215014 94
1633513282222 0.8426779779704334 95
1633513302878 0.8515640147304289 96
1633513323539 0.8551669700852367 97
1633513344201 0.8505131827951286 98
1633513364602 0.8558706263990474 99
1633513387920 0.8545909667624596 100
1633513408793 0.8519458654347869 101
1633513429607 0.8581287049743453 102
1633513450264 0.8488080233023818 103
1633513470820 0.8494590932066038 104
1633513491605 0.8539517411290399 105
1633513512493 0.8552011593117848 106
1633513533295 0.8526903170264265 107
1633513554235 0.8618805230891625 108
1633513575953 0.8532004550222905 109
1633513596596 0.8596528394608978 110
1633513617391 0.8487424056522463 111
1633513638234 0.85162305067423 112
1633513659189 0.8434226349706943 113
