1633511320344 0.5147775829007378 1
1633511341350 0.7194790907450128 2
1633511363202 0.7303403374556857 3
1633511384055 0.7401255353042416 4
1633511404806 0.7872322343035392 5
1633511487877 0.7907736467029173 9
1633511508560 0.8044112681371649 10
1633511529369 0.8062926512140335 11
1633511571789 0.8089695673682517 13
1633511658448 0.8236052046844563 17
1633511809404 0.8285633449971506 24
1633511830043 0.8297110529116991 25
1633511850668 0.8356676208986572 26
1633511871226 0.8406874072974821 27
1633512056644 0.8431541668144201 36
1633512162509 0.8450618833787182 41
1633512203304 0.8494091388883223 43
1633512224018 0.8524057219427728 44
1633512490106 0.8535241286075935 57
1633512575488 0.8539812213735775 61
1633512596632 0.8554350722727202 62
1633512617564 0.8580496771148186 63
1633512864538 0.8587675217778081 75
1633512991557 0.8587851613985699 81
1633513096285 0.8587964460379016 86
1633513554765 0.8618805230891625 108
