1633511320211 0.5226972380222876 1
1633511341077 0.7628212046453148 2
1633511362925 0.7620942651711502 3
1633511383805 0.7692643359067709 4
1633511404544 0.8086743574168651 5
1633511425446 0.7857375142978826 6
1633511446566 0.7760444915460684 7
1633511466917 0.7840646067858617 8
1633511487621 0.8060395472184176 9
1633511508312 0.8136573746674771 10
1633511529109 0.8250436431027319 11
1633511549946 0.818082567006728 12
1633511571550 0.8245867404834688 13
1633511593059 0.8033415071787453 14
1633511614727 0.814453782272756 15
1633511635969 0.7852484691143983 16
1633511658181 0.8395049190606041 17
1633511679819 0.8094110383589295 18
1633511701054 0.8176217315660995 19
1633511725676 0.8228103972257848 20
1633511746689 0.7851613846491896 21
1633511767920 0.820981670622885 22
1633511788722 0.8268888958312098 23
1633511809083 0.8380870616063131 24
1633511829731 0.8490066587933665 25
1633511850341 0.8420467630429217 26
1633511870913 0.8471048684218905 27
1633511891705 0.8429115652827374 28
1633511912463 0.8111599090859037 29
1633511933700 0.8346302744289749 30
1633511954232 0.8350919161451066 31
1633511974965 0.8356272851641572 32
1633511995695 0.8456411290103669 33
1633512016146 0.8313153179083975 34
1633512036123 0.8530281151007791 35
1633512056342 0.8561257693807957 36
1633512076764 0.849121762876713 37
1633512097278 0.8541040617542909 38
1633512118421 0.8519414168276135 39
1633512141770 0.8549487696044542 40
1633512162128 0.8547752383600828 41
1633512182884 0.8633962765908499 42
1633512202958 0.8759531744785822 43
1633512223663 0.8722291108251629 44
1633512244580 0.8678859918042816 45
1633512264628 0.8694878925401273 46
1633512284723 0.8623152378088228 47
1633512304786 0.861971266953246 48
1633512325041 0.8746024863502497 49
1633512345484 0.8708443287617823 50
1633512365937 0.860369572080877 51
1633512386712 0.8643013138295953 52
1633512407132 0.8524574941678937 53
1633512427810 0.8719990076846013 54
1633512448749 0.8586913751161334 55
1633512469096 0.863022051970549 56
1633512489736 0.8633347507754968 57
1633512511336 0.872265733458454 58
1633512531754 0.8600846387744054 59
1633512554934 0.869822880515867 60
1633512575082 0.8738412497776141 61
1633512596199 0.8652676593103378 62
1633512617147 0.8746143426961859 63
1633512638176 0.8737708221262463 64
1633512658539 0.8659194527751847 65
1633512678860 0.869874633786096 66
1633512699232 0.8653923240200365 67
1633512719426 0.8676578390230663 68
1633512739901 0.8461504332544313 69
1633512760679 0.8540192298849951 70
1633512781398 0.8691162469073413 71
1633512802368 0.8631356933247107 72
1633512822972 0.8763762005892168 73
1633512843467 0.8656183434346707 74
1633512864104 0.8821580768456861 75
1633512885252 0.8640538286960818 76
1633512905782 0.8694637410004961 77
1633512926258 0.8735438683121762 78
1633512946958 0.8635111104127844 79
1633512970157 0.8722871983678717 80
1633512991043 0.8753640255182333 81
1633513012168 0.868615060539477 82
1633513032886 0.8739557300113217 83
1633513053655 0.8711029230070292 84
1633513074305 0.878664718045835 85
1633513095804 0.8787684564108762 86
1633513117168 0.8757812825660808 87
1633513137939 0.8651576605037125 88
1633513158686 0.8767013493063813 89
1633513179241 0.8763159174912515 90
1633513199913 0.8661030895502878 91
1633513220352 0.8703452896569505 92
1633513240957 0.869097309609366 93
1633513261617 0.8806925597823982 94
1633513282221 0.8690116647820095 95
1633513302877 0.8713678290264854 96
1633513323538 0.8750545740407072 97
1633513344200 0.866932356208162 98
1633513364601 0.8757745944548392 99
1633513387915 0.8744651752918192 100
1633513408792 0.8683926968138368 101
1633513429606 0.8780851864853766 102
1633513450263 0.8585644373633287 103
1633513470819 0.8592229908296682 104
1633513491604 0.8738110839459944 105
1633513512492 0.8717108342019736 106
1633513533294 0.8725203243991341 107
1633513554234 0.8853558680760268 108
1633513575952 0.869671506277547 109
1633513596595 0.8762484541223051 110
1633513617390 0.875265605828879 111
1633513638233 0.8714282378992121 112
1633513659188 0.8597049252210938 113
