1633511320343 0.5226972380222876 1
1633511341350 0.7628212046453148 2
1633511363201 0.7620942651711502 3
1633511384054 0.7692643359067709 4
1633511404805 0.8086743574168651 5
1633511487876 0.8060395472184176 9
1633511508559 0.8136573746674771 10
1633511529368 0.8250436431027319 11
1633511571788 0.8245867404834688 13
1633511658447 0.8395049190606041 17
1633511809403 0.8380870616063131 24
1633511830042 0.8490066587933665 25
1633511850667 0.8420467630429217 26
1633511871225 0.8471048684218905 27
1633512056643 0.8561257693807957 36
1633512162508 0.8547752383600828 41
1633512203303 0.8759531744785822 43
1633512224017 0.8722291108251629 44
1633512490105 0.8633347507754968 57
1633512575487 0.8738412497776141 61
1633512596632 0.8652676593103378 62
1633512617563 0.8746143426961859 63
1633512864537 0.8821580768456861 75
1633512991556 0.8753640255182333 81
1633513096284 0.8787684564108762 86
1633513554764 0.8853558680760268 108
