1633511320214 6.454910151710811 1
1633511341079 4.44237146978453 2
1633511362927 4.412863436733449 3
1633511383807 4.466511977413924 4
1633511404546 3.999460212073039 5
1633511425449 4.13926270403205 6
1633511446568 4.368627767490326 7
1633511466919 4.136294016870288 8
1633511487624 4.013354450694791 9
1633511508314 3.9615458585248575 10
1633511529111 3.919093672852263 11
1633511549948 3.9365684541981585 12
1633511571553 3.7982211724540775 13
1633511593061 4.055846323922743 14
1633511614729 4.015307047311133 15
1633511635972 4.224995221706848 16
1633511658184 3.7292390667341806 17
1633511679822 4.020352454632637 18
1633511701057 3.872028678370819 19
1633511725678 3.8934199387069244 20
1633511746691 4.251037562867273 21
1633511767922 3.9956676710902594 22
1633511788724 3.8641519128596773 23
1633511809086 3.7278279981702513 24
1633511829734 3.712718093183386 25
1633511850343 3.842984297376108 26
1633511870915 3.727333477488462 27
1633511891707 3.72917376959005 28
1633511912466 4.015563461077926 29
1633511933702 3.8011968526933533 30
1633511954235 3.76960624414683 31
1633511974968 3.803823330856677 32
1633511995697 3.6809232827048204 33
1633512016148 3.7945463461802613 34
1633512036125 3.7243537828479973 35
1633512056345 3.6540997920342915 36
1633512076767 3.7195881991051998 37
1633512097281 3.6518518469751284 38
1633512118424 3.7339987396178467 39
1633512141772 3.7072663845676255 40
1633512162130 3.6978610861923733 41
1633512182887 3.6684256945777856 42
1633512202961 3.5542229374033107 43
1633512223666 3.6068095511546936 44
1633512244582 3.6603697535176454 45
1633512264630 3.6012850916524255 46
1633512284725 3.623279893922443 47
1633512304788 3.6546061852272045 48
1633512325043 3.6124559934158933 49
1633512345486 3.5525980481568524 50
1633512365939 3.6242207863798233 51
1633512386714 3.6394307414069464 52
1633512407134 3.790175087900614 53
1633512427813 3.578060628779221 54
1633512448752 3.666950504999309 55
1633512469098 3.644577071814304 56
1633512489738 3.582608797127966 57
1633512511338 3.5720629800216157 58
1633512531756 3.660127469290053 59
1633512554936 3.648975942292615 60
1633512575084 3.533954114894745 61
1633512596201 3.590094184782197 62
1633512617149 3.5802620615264615 63
1633512638178 3.5265226702721515 64
1633512658541 3.591552620455143 65
1633512678862 3.5894802011272993 66
1633512699235 3.5824582132544194 67
1633512719429 3.6261501316023796 68
1633512739903 3.7493564218542916 69
1633512760682 3.613775896898514 70
1633512781400 3.642343972407197 71
1633512802370 3.566073193597086 72
1633512822974 3.5288464363745358 73
1633512843469 3.5826850628521063 74
1633512864106 3.5484095241986955 75
1633512885255 3.565653008207299 76
1633512905784 3.5765997735803796 77
1633512926261 3.5347898159270543 78
1633512946960 3.6148276542313034 79
1633512970160 3.6201342479078766 80
1633512991045 3.570418767738914 81
1633513012171 3.602684564415949 82
1633513032888 3.58286455350131 83
1633513053657 3.5982061561516554 84
1633513074308 3.5631147601764033 85
1633513095806 3.506088667924957 86
1633513117170 3.5488488596089236 87
1633513137942 3.573511113249232 88
1633513158688 3.5701004064018456 89
1633513179243 3.528952659331659 90
1633513199915 3.636840430553857 91
1633513220354 3.612990257905783 92
1633513240959 3.54433751664614 93
1633513261619 3.555553211288649 94
1633513282223 3.640576805094419 95
1633513302880 3.6398293168318734 96
1633513323540 3.5552102729863075 97
1633513344202 3.565031342469075 98
1633513364603 3.5468011308915104 99
1633513387921 3.56347096822072 100
1633513408795 3.6376181875048252 101
1633513429609 3.5596250841575783 102
1633513450265 3.6267923267141793 103
1633513470821 3.6459481092308845 104
1633513491607 3.500733610840106 105
1633513512494 3.551535395415852 106
1633513533297 3.5408108505034273 107
1633513554236 3.4941885355696702 108
1633513575955 3.547036090751858 109
1633513596597 3.5458667201651455 110
1633513617392 3.5500083658451373 111
1633513638236 3.5538941763352883 112
1633513659190 3.633107063595416 113
