1633511320345 6.454910151710811 1
1633511341352 4.44237146978453 2
1633511363203 4.412863436733449 3
1633511384056 4.466511977413924 4
1633511404808 3.999460212073039 5
1633511487878 4.013354450694791 9
1633511508562 3.9615458585248575 10
1633511529371 3.919093672852263 11
1633511571790 3.7982211724540775 13
1633511658449 3.7292390667341806 17
1633511809405 3.7278279981702513 24
1633511830045 3.712718093183386 25
1633511850670 3.842984297376108 26
1633511871227 3.727333477488462 27
1633512056645 3.6540997920342915 36
1633512162511 3.6978610861923733 41
1633512203305 3.5542229374033107 43
1633512224019 3.6068095511546936 44
1633512490107 3.582608797127966 57
1633512575489 3.533954114894745 61
1633512596634 3.590094184782197 62
1633512617565 3.5802620615264615 63
1633512864540 3.5484095241986955 75
1633512991558 3.570418767738914 81
1633513096286 3.506088667924957 86
1633513554766 3.4941885355696702 108
