1633511320343 0.41953298800153643 1
1633511341350 0.6251644988703045 2
1633511363202 0.6416214251295858 3
1633511384055 0.6466032827812066 4
1633511404806 0.6996210625005495 5
1633511487876 0.7062593397641522 9
1633511508560 0.7191844383475222 10
1633511529369 0.7229272023205962 11
1633511571789 0.7310154006476235 13
1633511658447 0.7486045053478709 17
1633511809403 0.7551304534042321 24
1633511830043 0.7554551343439204 25
1633511850668 0.7607064527768671 26
1633511871226 0.7642903683939737 27
1633512056643 0.771471467838025 36
1633512162509 0.7744331695637774 41
1633512203303 0.7793405872978619 43
1633512224018 0.7825905017264579 44
1633512490105 0.7856570976782482 57
1633512575488 0.7864422426619881 61
1633512596632 0.7872805405873636 62
1633512617563 0.7881847568776277 63
1633512864538 0.7921660738806026 75
1633512991556 0.7901641478625403 81
1633513096285 0.7934474521707231 86
1633513554764 0.7957436856405088 108
