1633511320212 0.41953298800153643 1
1633511341077 0.6251644988703045 2
1633511362925 0.6416214251295858 3
1633511383805 0.6466032827812066 4
1633511404545 0.6996210625005495 5
1633511425447 0.6899056507527643 6
1633511446566 0.671250056825203 7
1633511466917 0.6813003559598758 8
1633511487622 0.7062593397641522 9
1633511508312 0.7191844383475222 10
1633511529109 0.7229272023205962 11
1633511549946 0.7257282959743128 12
1633511571551 0.7310154006476235 13
1633511593060 0.7123121454795226 14
1633511614727 0.7114225466477199 15
1633511635970 0.6907065854398445 16
1633511658182 0.7486045053478709 17
1633511679820 0.7216450697154349 18
1633511701055 0.7259991316100394 19
1633511725676 0.7292130028500977 20
1633511746689 0.688723260874539 21
1633511767920 0.7329262655435915 22
1633511788722 0.730309213168938 23
1633511809084 0.7551304534042321 24
1633511829732 0.7554551343439204 25
1633511850341 0.7607064527768671 26
1633511870913 0.7642903683939737 27
1633511891705 0.7569492536517018 28
1633511912464 0.7190870368590917 29
1633511933700 0.7523069633080011 30
1633511954233 0.7512787253529826 31
1633511974966 0.7430940852893607 32
1633511995695 0.7573117641238724 33
1633512016146 0.7453166389542287 34
1633512036123 0.7644827047962444 35
1633512056343 0.771471467838025 36
1633512076765 0.7613713452219163 37
1633512097279 0.7702029619767556 38
1633512118422 0.7714423665835687 39
1633512141770 0.7554099312709757 40
1633512162129 0.7744331695637774 41
1633512182885 0.7726630261589611 42
1633512202959 0.7793405872978619 43
1633512223664 0.7825905017264579 44
1633512244580 0.7814692252456156 45
1633512264628 0.7753427194483852 46
1633512284723 0.7754522260703729 47
1633512304786 0.7739395734458443 48
1633512325041 0.7802327991078121 49
1633512345485 0.7821595101808194 50
1633512365937 0.779481009168193 51
1633512386712 0.7757634046334143 52
1633512407133 0.7644360743750075 53
1633512427811 0.7794518856956695 54
1633512448750 0.7752685651219826 55
1633512469097 0.7775934487597901 56
1633512489737 0.7856570976782482 57
1633512511336 0.7803491226509451 58
1633512531754 0.7771040161670568 59
1633512554934 0.7780114673397097 60
1633512575082 0.7864422426619881 61
1633512596199 0.7872805405873636 62
1633512617148 0.7881847568776277 63
1633512638177 0.7863807467740564 64
1633512658539 0.7851889685382649 65
1633512678860 0.7784414789765661 66
1633512699233 0.7865934689908841 67
1633512719427 0.7754256042099757 68
1633512739901 0.7580347952480984 69
1633512760680 0.7681613728415518 70
1633512781398 0.7766117443409111 71
1633512802368 0.7844642831758836 72
1633512822973 0.785227371695681 73
1633512843467 0.775188597329815 74
1633512864104 0.7921660738806026 75
1633512885253 0.7830036749022592 76
1633512905783 0.7799798174876879 77
1633512926259 0.7864701741231346 78
1633512946958 0.77879874164618 79
1633512970158 0.7879369838766135 80
1633512991043 0.7901641478625403 81
1633513012169 0.7797631422722855 82
1633513032886 0.7865602840414173 83
1633513053655 0.7845515599694081 84
1633513074306 0.7884239398891754 85
1633513095805 0.7934474521707231 86
1633513117168 0.7884121391990636 87
1633513137940 0.7871742349294996 88
1633513158687 0.7897443633157221 89
1633513179241 0.7902211166120205 90
1633513199913 0.7798443973593386 91
1633513220352 0.7848509946084742 92
1633513240957 0.7817920114098205 93
1633513261617 0.7910085603817857 94
1633513282222 0.7760595830676444 95
1633513302878 0.78312165571976 96
1633513323539 0.7886162934364641 97
1633513344200 0.7825954728280219 98
1633513364601 0.7883599707885337 99
1633513387916 0.7874125322502739 100
1633513408793 0.7853985551643454 101
1633513429607 0.7915377992886878 102
1633513450264 0.7796849755661452 103
1633513470820 0.7791850562739022 104
1633513491605 0.7873010848711745 105
1633513512492 0.7881576931432263 106
1633513533295 0.786140575451446 107
1633513554234 0.7957436856405088 108
1633513575953 0.7841301175664068 109
1633513596595 0.7921945198006639 110
1633513617391 0.7826711253003278 111
1633513638234 0.7856285579696071 112
1633513659188 0.776393821819198 113
