1633511320345 0.6812668264558912 1
1633511341351 0.7832913419082881 2
1633511363203 0.7851257790447635 3
1633511384056 0.7954848723846331 4
1633511404807 0.8339935296626301 5
1633511487878 0.8437159819422786 9
1633511508561 0.8463979189872107 10
1633511529370 0.8553810715091648 11
1633511571790 0.8487804091137648 13
1633511658449 0.8543149751808004 17
1633511809404 0.8610966699367949 24
1633511830044 0.8625251062035644 25
1633511850669 0.8679383868074361 26
1633511871227 0.8758846199521405 27
1633512056644 0.8709794838723983 36
1633512162510 0.8735601382166096 41
1633512203305 0.8818372676632993 43
1633512224019 0.8784844211732279 44
1633512490107 0.879987340493985 57
1633512575489 0.8791683501767785 61
1633512596633 0.880992019811789 62
1633512617565 0.8811334585517491 63
1633512864539 0.8855395972137023 75
1633512991558 0.8842568020454827 81
1633513096286 0.8852509548927191 86
1633513554766 0.8894702480757061 108
