1633511320213 0.6812668264558912 1
1633511341079 0.7832913419082881 2
1633511362927 0.7851257790447635 3
1633511383807 0.7954848723846331 4
1633511404546 0.8339935296626301 5
1633511425448 0.8294537080712197 6
1633511446568 0.8239342970791339 7
1633511466919 0.8259406299812869 8
1633511487623 0.8437159819422786 9
1633511508313 0.8463979189872107 10
1633511529111 0.8553810715091648 11
1633511549948 0.8494767436188914 12
1633511571552 0.8487804091137648 13
1633511593061 0.8495663180751353 14
1633511614728 0.8453358167562715 15
1633511635971 0.8351708264579493 16
1633511658183 0.8543149751808004 17
1633511679822 0.8512269437655492 18
1633511701056 0.8476719757105217 19
1633511725678 0.851211477174236 20
1633511746691 0.8358287074411552 21
1633511767922 0.8572002779726358 22
1633511788724 0.8505513110978244 23
1633511809085 0.8610966699367949 24
1633511829733 0.8625251062035644 25
1633511850343 0.8679383868074361 26
1633511870915 0.8758846199521405 27
1633511891706 0.8626797644999673 28
1633511912466 0.8489499708890055 29
1633511933702 0.8630986209683259 30
1633511954234 0.8625902563560797 31
1633511974967 0.8614770260010762 32
1633511995697 0.8715197727530718 33
1633512016148 0.860896647076979 34
1633512036124 0.867227550882328 35
1633512056344 0.8709794838723983 36
1633512076766 0.8681799032079671 37
1633512097280 0.8725244006304307 38
1633512118423 0.87080399700805 39
1633512141772 0.8661218618084553 40
1633512162130 0.8735601382166096 41
1633512182886 0.872036038589548 42
1633512202960 0.8818372676632993 43
1633512223665 0.8784844211732279 44
1633512244582 0.8832358160382056 45
1633512264630 0.8756788272143118 46
1633512284725 0.8754616057259521 47
1633512304788 0.8727656833496634 48
1633512325043 0.8759969664854911 49
1633512345486 0.8787402849620258 50
1633512365939 0.878397803905103 51
1633512386713 0.8783295602869088 52
1633512407134 0.8726721490722209 53
1633512427812 0.882710459729851 54
1633512448751 0.8750044696601034 55
1633512469098 0.8766800944251233 56
1633512489738 0.879987340493985 57
1633512511337 0.8798196499068954 58
1633512531755 0.8768449313890048 59
1633512554935 0.8710626779821792 60
1633512575083 0.8791683501767785 61
1633512596200 0.880992019811789 62
1633512617149 0.8811334585517491 63
1633512638178 0.8826301832714956 64
1633512658541 0.8807883022067573 65
1633512678862 0.8775830670180601 66
1633512699234 0.8805592990124321 67
1633512719428 0.8761980475898129 68
1633512739903 0.8674006573059707 69
1633512760681 0.8710339075283627 70
1633512781400 0.8785677186335195 71
1633512802370 0.8749648640174804 72
1633512822974 0.8821653659629164 73
1633512843469 0.8793476295010857 74
1633512864106 0.8855395972137023 75
1633512885254 0.8840964513127236 76
1633512905784 0.8767836206159294 77
1633512926260 0.8794347086421499 78
1633512946960 0.876111071938352 79
1633512970159 0.8854728011613745 80
1633512991045 0.8842568020454827 81
1633513012170 0.8786932406006742 82
1633513032888 0.8781938953936267 83
1633513053657 0.8793715155268917 84
1633513074307 0.8839800325911858 85
1633513095806 0.8852509548927191 86
1633513117170 0.8854224147404239 87
1633513137941 0.8818164624958597 88
1633513158688 0.8808319178136262 89
1633513179242 0.8843954703823241 90
1633513199914 0.8761198922917963 91
1633513220354 0.8804144070228148 92
1633513240959 0.8816046223690074 93
1633513261618 0.8838307139363 94
1633513282223 0.8762759755357715 95
1633513302879 0.8794486164134423 96
1633513323540 0.8876785838121203 97
1633513344202 0.8852476194031348 98
1633513364603 0.8840457765369124 99
1633513387921 0.8850487481551379 100
1633513408794 0.8781108414340919 101
1633513429608 0.8793103392636695 102
1633513450265 0.8768951240255906 103
1633513470821 0.8774744132663049 104
1633513491606 0.8838332970068461 105
1633513512494 0.8865088543083239 106
1633513533296 0.8830923436927004 107
1633513554236 0.8894702480757061 108
1633513575954 0.8798234230630423 109
1633513596597 0.8859936903832748 110
1633513617392 0.8804458476825135 111
1633513638235 0.8805888490262319 112
1633513659190 0.8732278442065811 113
