1633511320209 0.43737713211346824 1
1633511341075 0.7517661738226732 2
1633511362923 0.7250667893375805 3
1633511383803 0.7144707930155907 4
1633511404543 0.8103276046576823 5
1633511425445 0.7537586999846848 6
1633511446564 0.7404394559789362 7
1633511466915 0.7480588319004539 8
1633511487620 0.7819801762316326 9
1633511508310 0.7973049174753712 10
1633511529107 0.8148289623795305 11
1633511549944 0.7999206294085761 12
1633511571549 0.8036794607012202 13
1633511593057 0.7741422746307326 14
1633511614725 0.8033336131258776 15
1633511635967 0.7485376548792472 16
1633511658180 0.812903192658146 17
1633511679817 0.7737069186934455 18
1633511701053 0.7832553981847139 19
1633511725674 0.7885897554587906 20
1633511746687 0.7257067271347148 21
1633511767918 0.7963082665709409 22
1633511788720 0.8025811929981194 23
1633511809082 0.8378538896133649 24
1633511829729 0.8484165268802966 25
1633511850339 0.8457809370750544 26
1633511870911 0.8581948906506895 27
1633511891703 0.8181404809910255 28
1633511912462 0.7675736875702543 29
1633511933698 0.8048723039054835 30
1633511954231 0.819069345261652 31
1633511974964 0.8096770098218886 32
1633511995693 0.8379418999932944 33
1633512016144 0.8198870662424997 34
1633512036121 0.861124385150745 35
1633512056341 0.8410677058595639 36
1633512076763 0.8208840458498705 37
1633512097276 0.8616718864685483 38
1633512118419 0.8410786902552356 39
1633512141768 0.8535288039028514 40
1633512162127 0.850234187197296 41
1633512182883 0.8400183703218479 42
1633512202957 0.870871354821489 43
1633512223662 0.854864759714088 44
1633512244578 0.8677894993619293 45
1633512264626 0.8771793669004602 46
1633512284721 0.8653511966509894 47
1633512304785 0.8514345558466591 48
1633512325039 0.8593276273883101 49
1633512345482 0.8928826601549232 50
1633512365935 0.8615038439196979 51
1633512386710 0.8430748193927683 52
1633512407131 0.8329393154286195 53
1633512427809 0.8851334324703369 54
1633512448748 0.8491672170674185 55
1633512469095 0.8521403687798758 56
1633512489734 0.8668549102699715 57
1633512511333 0.8843875189249577 58
1633512531752 0.8436797858939653 59
1633512554932 0.8627368750505644 60
1633512575080 0.8780870597719904 61
1633512596197 0.8785560668020655 62
1633512617145 0.860996596226018 63
1633512638175 0.8772834312898937 64
1633512658537 0.865742287010968 65
1633512678858 0.8788466112993638 66
1633512699230 0.8517933730507127 67
1633512719425 0.8809662624230123 68
1633512739899 0.8348057148581649 69
1633512760678 0.8523152307816784 70
1633512781396 0.8553759669937676 71
1633512802366 0.8556974009806577 72
1633512822970 0.8843572758340156 73
1633512843465 0.8652831324009874 74
1633512864102 0.8681353392903072 75
1633512885251 0.8675141594696955 76
1633512905781 0.8731008510842562 77
1633512926257 0.8683862977024585 78
1633512946956 0.8578223104439807 79
1633512970156 0.8670486891804106 80
1633512991041 0.8705510771618212 81
1633513012166 0.8640900612820462 82
1633513032884 0.8671794816144697 83
1633513053653 0.8738081912881943 84
1633513074304 0.8851469580236657 85
1633513095802 0.8884275491868674 86
1633513117166 0.8821641591810913 87
1633513137937 0.8659630566554917 88
1633513158684 0.8597954736295176 89
1633513179239 0.8785196800321556 90
1633513199911 0.8616633498274037 91
1633513220350 0.8729544413929347 92
1633513240956 0.8726199550923123 93
1633513261615 0.8711088846630665 94
1633513282220 0.8690284197519973 95
1633513302876 0.8737513471186983 96
1633513323537 0.8705855846966277 97
1633513344198 0.8681248976009502 98
1633513364599 0.8723655479683547 99
1633513387914 0.8878472243408054 100
1633513408791 0.8674139610932966 101
1633513429605 0.8572987859678993 102
1633513450262 0.8577617016660862 103
1633513470817 0.8697278707154751 104
1633513491602 0.8746978815951623 105
1633513512490 0.8700946268441772 106
1633513533293 0.877163112656396 107
1633513554232 0.8853135992760658 108
1633513575951 0.8672729297501034 109
1633513596593 0.870265159776449 110
1633513617389 0.8767018799397961 111
1633513638232 0.85705509911012 112
1633513659186 0.8492268216313178 113
