1633511320341 0.43737713211346824 1
1633511341348 0.7517661738226732 2
1633511363200 0.7250667893375805 3
1633511384053 0.7144707930155907 4
1633511404804 0.8103276046576823 5
1633511487874 0.7819801762316326 9
1633511508558 0.7973049174753712 10
1633511529367 0.8148289623795305 11
1633511571787 0.8036794607012202 13
1633511658445 0.812903192658146 17
1633511809401 0.8378538896133649 24
1633511830041 0.8484165268802966 25
1633511850666 0.8457809370750544 26
1633511871224 0.8581948906506895 27
1633512056641 0.8410677058595639 36
1633512162507 0.850234187197296 41
1633512203302 0.870871354821489 43
1633512224016 0.854864759714088 44
1633512490104 0.8668549102699715 57
1633512575486 0.8780870597719904 61
1633512596630 0.8785560668020655 62
1633512617562 0.860996596226018 63
1633512864536 0.8681353392903072 75
1633512991555 0.8705510771618212 81
1633513096283 0.8884275491868674 86
1633513554763 0.8853135992760658 108
