1633511320342 0.9128374745077307 1
1633511341349 0.7858602447039882 2
1633511363200 0.8226187900899719 3
1633511384053 0.8561593833545574 4
1633511404804 0.8322002211523818 5
1633511487875 0.8826099196860088 9
1633511508558 0.8748660122489021 10
1633511529367 0.8701744931901537 11
1633511571787 0.8735462019320617 13
1633511658446 0.8774139534653972 17
1633511809402 0.8627263071564887 24
1633511830041 0.8532151902647438 25
1633511850666 0.8700235412890631 26
1633511871224 0.8724664362827877 27
1633512056642 0.8840529258266595 36
1633512162507 0.8776337441529375 41
1633512203302 0.8696678129468354 43
1633512224016 0.8834525710852533 44
1633512490104 0.8742514045470551 57
1633512575486 0.859634744314213 61
1633512596631 0.8636550575563706 62
1633512617562 0.8843766901120009 63
1633512864536 0.8848871769652374 75
1633512991555 0.8783723090942117 81
1633513096283 0.8603876363923196 86
1633513554763 0.873893004198779 108
