1633511320210 0.9128374745077307 1
1633511341076 0.7858602447039882 2
1633511362924 0.8226187900899719 3
1633511383804 0.8561593833545574 4
1633511404543 0.8322002211523818 5
1633511425445 0.8854316384197559 6
1633511446565 0.8881030215974726 7
1633511466916 0.887699949315259 8
1633511487620 0.8826099196860088 9
1633511508311 0.8748660122489021 10
1633511529108 0.8701744931901537 11
1633511549945 0.8790455900265084 12
1633511571549 0.8735462019320617 13
1633511593058 0.9077683318151794 14
1633511614726 0.862371266711829 15
1633511635968 0.9041303402141754 16
1633511658180 0.8774139534653972 17
1633511679818 0.914449418110812 18
1633511701053 0.8948121704746971 19
1633511725675 0.8969222806694657 20
1633511746688 0.9348277271451525 21
1633511767919 0.9005251898652236 22
1633511788721 0.8760075020597906 23
1633511809082 0.8627263071564887 24
1633511829730 0.8532151902647438 25
1633511850340 0.8700235412890631 26
1633511870912 0.8724664362827877 27
1633511891704 0.8893931188530932 28
1633511912462 0.9148926989523836 29
1633511933699 0.9065830375871275 30
1633511954232 0.8894424140589494 31
1633511974964 0.8930551390949482 32
1633511995694 0.8848042460184271 33
1633512016145 0.879801449659374 34
1633512036122 0.8519241282801872 35
1633512056341 0.8840529258266595 36
1633512076764 0.8991220700223547 37
1633512097277 0.8609768657771929 38
1633512118420 0.8837191931487826 39
1633512141769 0.8535342025557714 40
1633512162127 0.8776337441529375 41
1633512182884 0.8871542906140599 42
1633512202958 0.8696678129468354 43
1633512223662 0.8834525710852533 44
1633512244579 0.8788286869821949 45
1633512264627 0.8526872855254758 46
1633512284722 0.8660144058856127 47
1633512304785 0.8750508896676141 48
1633512325040 0.8741116239689963 49
1633512345483 0.8408371622796673 50
1633512365935 0.876179918347562 51
1633512386711 0.8950437396086567 52
1633512407131 0.8947696958291314 53
1633512427809 0.855674196653318 54
1633512448748 0.882584193237701 55
1633512469095 0.8811544587272719 56
1633512489735 0.8742514045470551 57
1633512511334 0.8505140574123702 58
1633512531753 0.8930161382197064 59
1633512554933 0.8586207100796822 60
1633512575081 0.859634744314213 61
1633512596198 0.8636550575563706 62
1633512617146 0.8843766901120009 63
1633512638175 0.866764352564961 64
1633512658538 0.8767489522699985 65
1633512678859 0.8537172440569862 66
1633512699231 0.8929699720896059 67
1633512719426 0.8491016893023681 68
1633512739900 0.8812959782477537 69
1633512760678 0.8675658714103556 70
1633512781397 0.8824554180944516 71
1633512802367 0.8759496785356686 72
1633512822971 0.8564020898927719 73
1633512843466 0.8741843732546307 74
1633512864103 0.8848871769652374 75
1633512885251 0.8794139842013229 76
1633512905781 0.8582441348798927 77
1633512926258 0.8715658306976046 78
1633512946957 0.8765289181478583 79
1633512970156 0.8854213861903955 80
1633512991042 0.8783723090942117 81
1633513012167 0.8725920154498805 82
1633513032885 0.8705754039925945 83
1633513053654 0.8636902884648925 84
1633513074304 0.8619985840564836 85
1633513095803 0.8603876363923196 86
1633513117167 0.8696251196169944 87
1633513137938 0.8793289260152716 88
1633513158685 0.8850500525208115 89
1633513179240 0.870088547694538 90
1633513199911 0.872508285306502 91
1633513220350 0.8691928373427027 92
1633513240956 0.8693547680304159 93
1633513261616 0.8756849531517951 94
1633513282220 0.8633949281259428 95
1633513302876 0.8656465308769822 96
1633513323537 0.8845890979183982 97
1633513344199 0.8826786022382981 98
1633513364600 0.8767519470388309 99
1633513387914 0.861590085176059 100
1633513408791 0.8698073966426787 101
1633513429605 0.8855362672515271 102
1633513450262 0.8781987777003334 103
1633513470818 0.8644630958663798 104
1633513491603 0.8723020700295268 105
1633513512491 0.8841107187978765 106
1633513533293 0.8702129990378918 107
1633513554233 0.873893004198779 108
1633513575951 0.8725131195062593 109
1633513596594 0.8842183596434999 110
1633513617389 0.8624237113013888 111
1633513638233 0.8858796090085428 112
1633513659187 0.8801116171663936 113
