1633511320213 0.8463573945023892 1
1633511341078 0.8725100350446855 2
1633511362926 0.8873600079667877 3
1633511383806 0.9018648363158334 4
1633511404546 0.9021309720433814 5
1633511425448 0.9256665556917691 6
1633511446567 0.9220803698406566 7
1633511466918 0.9220717293707538 8
1633511487623 0.9248939557044796 9
1633511508313 0.9240212815774447 10
1633511529110 0.9235244330813913 11
1633511549947 0.925228870241397 12
1633511571552 0.9248212370738819 13
1633511593061 0.9365018005080203 14
1633511614728 0.9169733308506078 15
1633511635971 0.9321761593229935 16
1633511658183 0.9256568078345471 17
1633511679821 0.9387864126471357 18
1633511701056 0.9299003065567963 19
1633511725677 0.9321403287104177 20
1633511746690 0.9379190147382812 21
1633511767921 0.9348984127756077 22
1633511788723 0.9255045183240107 23
1633511809085 0.921196212263544 24
1633511829733 0.9169932910745691 25
1633511850342 0.9225616628633381 26
1633511870914 0.9269413448780573 27
1633511891706 0.9320920196349616 28
1633511912465 0.9409595591593104 29
1633511933701 0.9368860341420637 30
1633511954234 0.9296042198109437 31
1633511974967 0.9338222298937826 32
1633511995696 0.9317228037793327 33
1633512016147 0.9273757658743673 34
1633512036124 0.9160018534514127 35
1633512056344 0.9280941618208132 36
1633512076766 0.9347125594836212 37
1633512097280 0.9212450223479406 38
1633512118423 0.9283912339284836 39
1633512141771 0.9175244446040728 40
1633512162129 0.9279544611078447 41
1633512182886 0.9292443643706909 42
1633512202960 0.925421014993979 43
1633512223665 0.9294506312957886 44
1633512244581 0.9282117551113885 45
1633512264629 0.9165066285004381 46
1633512284724 0.9221658033535076 47
1633512304787 0.9257005324132849 48
1633512325042 0.9250227386401103 49
1633512345486 0.9122947153364913 50
1633512365938 0.9271282378462424 51
1633512386713 0.9363782684034677 52
1633512407133 0.9310079658652639 53
1633512427812 0.919226504727992 54
1633512448751 0.9293981558097699 55
1633512469098 0.9293010531966599 56
1633512489738 0.9252753719050745 57
1633512511337 0.9171102747089485 58
1633512531755 0.9334624307381656 59
1633512554935 0.9193259496178346 60
1633512575083 0.9206535496149402 61
1633512596200 0.9217428579963236 62
1633512617148 0.9298747015169018 63
1633512638178 0.9235086112853174 64
1633512658540 0.9260528057515985 65
1633512678861 0.9171061356331505 66
1633512699234 0.9336551087502517 67
1633512719428 0.9154075891826022 68
1633512739902 0.9250287142783792 69
1633512760681 0.923185438921557 70
1633512781399 0.9280567182109125 71
1633512802369 0.9264114323550839 72
1633512822974 0.9200492158562815 73
1633512843468 0.9245554983567228 74
1633512864105 0.9309504452630412 75
1633512885254 0.9303639905562513 76
1633512905784 0.9185500708410157 77
1633512926260 0.9241118099961688 78
1633512946959 0.9267897896358264 79
1633512970159 0.9302399891892804 80
1633512991044 0.9280718749444271 81
1633513012170 0.9251849945891456 82
1633513032887 0.9237716458423545 83
1633513053656 0.9219825815645547 84
1633513074307 0.9208911823958176 85
1633513095806 0.9210404333818349 86
1633513117169 0.9236085387738493 87
1633513137941 0.9274257889729657 88
1633513158688 0.9307163246976647 89
1633513179242 0.9245645539262382 90
1633513199914 0.9233991022671122 91
1633513220353 0.9231445751179008 92
1633513240958 0.9240490546717496 93
1633513261618 0.9281479247653793 94
1633513282222 0.9197581695627906 95
1633513302879 0.9215545381400421 96
1633513323540 0.9314498536140324 97
1633513344201 0.9307627662815499 98
1633513364602 0.9272627830403972 99
1633513387920 0.9206580562033101 100
1633513408794 0.9236923964814686 101
1633513429608 0.9298508869342369 102
1633513450265 0.9268689444828099 103
1633513470820 0.9213869020116495 104
1633513491606 0.9254899859443994 105
1633513512493 0.9299890433861571 106
1633513533296 0.9228103666813048 107
1633513554235 0.9271061835160674 108
1633513575954 0.9259245753305432 109
1633513596596 0.9299594335949184 110
1633513617392 0.9218510919716827 111
1633513638235 0.931586314971476 112
1633513659189 0.926418588639685 113
