1633511320344 0.8463573945023892 1
1633511341351 0.8725100350446855 2
1633511363203 0.8873600079667877 3
1633511384055 0.9018648363158334 4
1633511404807 0.9021309720433814 5
1633511487877 0.9248939557044796 9
1633511508561 0.9240212815774447 10
1633511529370 0.9235244330813913 11
1633511571790 0.9248212370738819 13
1633511658448 0.9256568078345471 17
1633511809404 0.921196212263544 24
1633511830044 0.9169932910745691 25
1633511850669 0.9225616628633381 26
1633511871227 0.9269413448780573 27
1633512056644 0.9280941618208132 36
1633512162510 0.9279544611078447 41
1633512203304 0.925421014993979 43
1633512224019 0.9294506312957886 44
1633512490106 0.9252753719050745 57
1633512575489 0.9206535496149402 61
1633512596633 0.9217428579963236 62
1633512617564 0.9298747015169018 63
1633512864539 0.9309504452630412 75
1633512991557 0.9280718749444271 81
1633513096285 0.9210404333818349 86
1633513554765 0.9271061835160674 108
