1633511320211 0.7798935746551034 1
1633511341076 0.959162330710565 2
1633511362924 0.9520832050872977 3
1633511383804 0.9475621242431979 4
1633511404544 0.9720511860497822 5
1633511425446 0.965894404216566 6
1633511446565 0.9560523566285419 7
1633511466916 0.9564381147252142 8
1633511487621 0.9671613078316383 9
1633511508311 0.9731634078400531 10
1633511529108 0.9768749637457272 11
1633511549945 0.9714029761026194 12
1633511571550 0.9760870665777711 13
1633511593058 0.9652239603511209 14
1633511614726 0.971571770813047 15
1633511635969 0.9602132904546139 16
1633511658181 0.9738960345458041 17
1633511679819 0.963130361562412 18
1633511701054 0.964979534058551 19
1633511725675 0.9673562774392929 20
1633511746688 0.9410244165732149 21
1633511767920 0.969250914676651 22
1633511788721 0.9749848733198416 23
1633511809083 0.9796515368520559 24
1633511829731 0.9807630189047359 25
1633511850340 0.9750805363292525 26
1633511870912 0.9814076646931061 27
1633511891704 0.9747818086422824 28
1633511912463 0.9670159745458227 29
1633511933699 0.9671811476602017 30
1633511954232 0.9697653655959249 31
1633511974965 0.9745845911148433 32
1633511995694 0.9786385838159911 33
1633512016146 0.9749469680945935 34
1633512036122 0.9800582498297125 35
1633512056342 0.9721395194495979 36
1633512076764 0.9702926664706113 37
1633512097278 0.9815016493220169 38
1633512118421 0.9730558496205949 39
1633512141769 0.9814908872835151 40
1633512162128 0.978272039220478 41
1633512182884 0.9713331700827668 42
1633512202958 0.9811574735168714 43
1633512223663 0.975450038179468 44
1633512244579 0.97758911135297 45
1633512264627 0.9803240045749483 46
1633512284722 0.9783147222939498 47
1633512304786 0.9763408837332916 48
1633512325040 0.9759248374265296 49
1633512345484 0.9837208985003711 50
1633512365936 0.9780526626216983 51
1633512386711 0.9777024458804503 52
1633512407132 0.9672458553063145 53
1633512427810 0.9827733205632179 54
1633512448749 0.9762033198756077 55
1633512469096 0.9774390535549694 56
1633512489736 0.9762823660341226 57
1633512511335 0.9836813938873988 58
1633512531753 0.9739001574202548 59
1633512554933 0.9800063256028325 60
1633512575081 0.981649667999428 61
1633512596198 0.9798120779296692 62
1633512617147 0.9753733783145108 63
1633512638176 0.980238552258142 64
1633512658538 0.9753526141171033 65
1633512678859 0.980473014053535 66
1633512699232 0.9743296391921288 67
1633512719426 0.9816991933416573 68
1633512739901 0.9687344943653102 69
1633512760679 0.9787937452686739 70
1633512781397 0.9736584732850151 71
1633512802367 0.9768586264623298 72
1633512822972 0.98367321437657 73
1633512843466 0.9749124602542055 74
1633512864104 0.9769999986163491 75
1633512885252 0.9812979911652786 76
1633512905782 0.9788427946012006 77
1633512926258 0.9766420819847524 78
1633512946957 0.9770443604741175 79
1633512970157 0.9750519097467197 80
1633512991043 0.9777523044652487 81
1633513012168 0.9777670572864744 82
1633513032886 0.9769547975017222 83
1633513053654 0.9802637152478538 84
1633513074305 0.9797658499812498 85
1633513095804 0.9816736708804209 86
1633513117167 0.9775822636293902 87
1633513137939 0.9755134502851417 88
1633513158686 0.9763783078129341 89
1633513179240 0.9790289538791577 90
1633513199912 0.9742757846020778 91
1633513220351 0.9770884638395803 92
1633513240957 0.9787354228158921 93
1633513261616 0.9806029367687883 94
1633513282221 0.9761045816969638 95
1633513302877 0.9774575698285377 96
1633513323538 0.9783022922090173 97
1633513344200 0.9788294419289725 98
1633513364600 0.9777649799117558 99
1633513387915 0.9797027099304305 100
1633513408792 0.9775649180461852 101
1633513429606 0.974163950106029 102
1633513450263 0.9755336146568103 103
1633513470818 0.9783020768633144 104
1633513491604 0.9786661586833055 105
1633513512492 0.9758700454878911 106
1633513533294 0.9754075220751457 107
1633513554233 0.980309927446106 108
1633513575952 0.9793264817322408 109
1633513596594 0.97569987936185 110
1633513617390 0.9812673000139654 111
1633513638233 0.9772875931191929 112
1633513659187 0.9727185747868896 113
