1633511320342 0.7798935746551034 1
1633511341349 0.959162330710565 2
1633511363201 0.9520832050872977 3
1633511384054 0.9475621242431979 4
1633511404805 0.9720511860497822 5
1633511487875 0.9671613078316383 9
1633511508559 0.9731634078400531 10
1633511529368 0.9768749637457272 11
1633511571788 0.9760870665777711 13
1633511658446 0.9738960345458041 17
1633511809402 0.9796515368520559 24
1633511830042 0.9807630189047359 25
1633511850667 0.9750805363292525 26
1633511871225 0.9814076646931061 27
1633512056642 0.9721395194495979 36
1633512162508 0.978272039220478 41
1633512203302 0.9811574735168714 43
1633512224017 0.975450038179468 44
1633512490104 0.9762823660341226 57
1633512575487 0.981649667999428 61
1633512596631 0.9798120779296692 62
1633512617562 0.9753733783145108 63
1633512864537 0.9769999986163491 75
1633512991555 0.9777523044652487 81
1633513096284 0.9816736708804209 86
1633513554763 0.980309927446106 108
