1633511316988 0.646217863376324 0
1633511338451 0.589749448116009 0
1633511360106 0.5618644654750824 0
1633511381207 0.5416363858259641 0
1633511401954 0.5182350305410531 0
1633511422848 0.49895672568908106 0
1633511443910 0.4820578245016245 0
1633511464300 0.46541268412883463 0
1633511484925 0.448256123982943 0
1633511505692 0.4343127314861004 0
1633511526471 0.4198312181692857 0
1633511547269 0.4083158479287074 0
1633511568858 0.3909340808024773 0
1633511590370 0.38246493156139666 0
1633511612048 0.3682859943463252 0
1633511633271 0.35745465893011824 0
1633511655489 0.34513679421865023 0
1633511677058 0.33635439918591425 0
1633511698263 0.3254212173131796 0
1633511720101 0.31455051578008214 0
1633511743864 0.3052315028814169 0
1633511765164 0.2951807526441721 0
1633511786039 0.2886265674462685 0
1633511806331 0.2767512647005228 0
1633511826998 0.26776556510191696 0
1633511847678 0.2600074800161215 0
1633511868244 0.2513876192844831 0
1633511888961 0.23945433933001298 0
1633511909760 0.23208153752180247 0
1633511930810 0.22778396766919357 0
1633511951544 0.2210634016073667 0
1633511972270 0.2155384801901304 0
1633511992964 0.20477880927232595 0
1633512013494 0.20470547699011288 0
1633512033480 0.19631374294941242 0
1633512053693 0.18858931202154894 0
1633512074131 0.18073841104140648 0
1633512094468 0.17731261757703928 0
1633512115748 0.16762140290095257 0
1633512136332 0.16555910110473632 0
1633512159420 0.16290595875336575 0
1633512180170 0.15897492113021705 0
1633512200237 0.154016489478258 0
1633512220952 0.14870409782116228 0
1633512241784 0.14353019033487027 0
1633512261908 0.1386052578687668 0
1633512282012 0.13490229547023774 0
1633512302078 0.13337615224031302 0
1633512322339 0.13054591428775053 0
1633512342746 0.12486239557082836 0
1633512363226 0.12755708384972353 0
1633512383878 0.12011972000965705 0
1633512404398 0.12329873133164186 0
1633512425031 0.11732969341369776 0
1633512445947 0.1114291909795541 0
1633512466363 0.1100373754134545 0
1633512486896 0.11459916841525297 0
1633512508480 0.10864753333421853 0
1633512529012 0.10996084052782792 0
1633512549254 0.10678839465746513 0
1633512572311 0.10286536251123135 0
1633512593409 0.10044593604711385 0
1633512614360 0.1006259363431197 0
1633512635404 0.1032014345893493 0
1633512655772 0.0971560985996173 0
1633512676081 0.09571949931291433 0
1633512696486 0.09215845918426147 0
1633512716640 0.09097538556043919 0
1633512737127 0.0922008325274174 0
1633512757877 0.09405811394636447 0
1633512778546 0.08866427964889086 0
1633512799538 0.09494586042486704 0
1633512820141 0.0882998132934937 0
1633512840692 0.08695336981461599 0
1633512861351 0.09171916492856466 0
1633512882387 0.08366488636686252 0
1633512903010 0.08628697017064461 0
1633512923476 0.08458248399771177 0
1633512944102 0.0819341769012121 0
1633512964601 0.08271360884492214 0
1633512988056 0.0801667258143425 0
1633513009271 0.08253563017799304 0
1633513030050 0.08159122770795456 0
1633513050819 0.07864777634923274 0
1633513071408 0.07604476689146115 0
1633513092907 0.07383176277463253 0
1633513114266 0.0760891485099609 0
1633513135097 0.07541700870944903 0
1633513155864 0.08060815506256544 0
1633513176410 0.07416715226494348 0
1633513196992 0.07623410522937775 0
1633513217516 0.07347814320371701 0
1633513238082 0.07685522746581297 0
1633513258773 0.07392350251858051 0
1633513279357 0.07322593348530623 0
1633513300036 0.07477566536802512 0
1633513320699 0.07626567012988604 0
1633513341375 0.07433231897079028 0
1633513361770 0.07172840163111686 0
1633513382277 0.07423345784728344 0
1633513405842 0.0763951039658143 0
1633513426732 0.07121056845554939 0
1633513447342 0.07589550746174958 0
1633513467913 0.07175399896043998 0
1633513488701 0.07268563291201224 0
1633513509588 0.06981968495708246 0
1633513530394 0.06575809424886336 0
1633513551347 0.06757940426468849 0
1633513573060 0.07097991389723925 0
1633513593698 0.07086636911217983 0
1633513614486 0.06697575667729745 0
1633513635337 0.06461662942400345 0
1633513656196 0.06792160587815138 0
